#     BLOCK:  ACTUAL_PE:     PE_AVE:      ERROR:
           1 -0.00335096 -0.00335096           0
           2 -0.00335096 -0.00335096           0
           3 -0.00335096 -0.00335096 2.37632e-11
           4 -0.00335096 -0.00335096           0
           5 -0.00335096 -0.00335096           0
           6 -0.00335096 -0.00335096 1.68031e-11
           7 -0.00335096 -0.00335096 1.55567e-11
           8 -0.00335096 -0.00335096 1.45519e-11
           9 -0.00335096 -0.00335096 1.37197e-11
          10 -0.00335096 -0.00335096 1.30156e-11
          11 -0.00335096 -0.00335096 1.24099e-11
          12 -0.00335096 -0.00335096 2.05795e-11
          13 -0.00335096 -0.00335096 1.61439e-11
          14 -0.00335096 -0.00335096 1.55567e-11
          15 -0.00335096 -0.00335096 1.50292e-11
          16 -0.00335096 -0.00335096 1.45519e-11
          17 -0.00335096 -0.00335096 1.41174e-11
          18 -0.00335096 -0.00335096 9.70128e-12
          19 -0.00335096 -0.00335096 9.44253e-12
          20 -0.00335096 -0.00335096           0
          21 -0.00335096 -0.00335096           0
          22 -0.00335096 -0.00335096 1.24099e-11
          23 -0.00335096 -0.00335096 1.21371e-11
          24 -0.00335096 -0.00335096 1.68031e-11
          25 -0.00335096 -0.00335096 1.64636e-11
          26 -0.00335096 -0.00335096 1.61439e-11
          27 -0.00335096 -0.00335096 1.94026e-11
          28 -0.00335096 -0.00335096 2.05795e-11
          29 -0.00335096 -0.00335096 2.02216e-11
          30 -0.00335096 -0.00335096 2.12544e-11
          31 -0.00335096 -0.00335096 2.09088e-11
          32 -0.00335096 -0.00335096 2.05795e-11
          33 -0.00335096 -0.00335096 2.02653e-11
          34 -0.00335096 -0.00335096 1.99651e-11
          35 -0.00335096 -0.00335096 2.20004e-11
          36 -0.00335096 -0.00335096 2.16927e-11
          37 -0.00335096 -0.00335096 2.13976e-11
          38 -0.00335096 -0.00335096 1.88851e-11
          39 -0.00335096 -0.00335096 1.97722e-11
          40 -0.00335096 -0.00335096  2.1584e-11
          41 -0.00335096 -0.00335096 2.13191e-11
          42 -0.00335096 -0.00335096 2.10638e-11
          43 -0.00335096 -0.00335096 2.08174e-11
          44 -0.00335096 -0.00335096 1.96218e-11
          45 -0.00335096 -0.00335096 1.84069e-11
          46 -0.00335096 -0.00335096 1.82057e-11
          47 -0.00335096 -0.00335096 1.89852e-11
          48 -0.00335096 -0.00335096 1.87864e-11
          49 -0.00335096 -0.00335096 1.76396e-11
          50 -0.00335096 -0.00335096 1.74623e-11
          51 -0.00335096 -0.00335096 1.63014e-11
          52 -0.00335096 -0.00335096 1.61439e-11
          53 -0.00335096 -0.00335096 1.49581e-11
          54 -0.00335096 -0.00335096 1.48189e-11
          55 -0.00335096 -0.00335096 1.35944e-11
          56 -0.00335096 -0.00335096 1.34725e-11
          57 -0.00335096 -0.00335096 1.33538e-11
          58 -0.00335096 -0.00335096 1.32381e-11
          59 -0.00335096 -0.00335096 1.31255e-11
          60 -0.00335096 -0.00335096 1.18816e-11
          61 -0.00335096 -0.00335096 1.17838e-11
          62 -0.00335096 -0.00335096 1.16884e-11
          63 -0.00335096 -0.00335096 1.03711e-11
          64 -0.00335096 -0.00335096 1.02898e-11
          65 -0.00335096 -0.00335096 1.02103e-11
          66 -0.00335096 -0.00335096 8.77514e-12
          67 -0.00335096 -0.00335096  8.7094e-12
          68 -0.00335096 -0.00335096 8.64513e-12
          69 -0.00335096 -0.00335096 8.58225e-12
          70 -0.00335096 -0.00335096 6.95715e-12
          71 -0.00335096 -0.00335096 6.90798e-12
          72 -0.00335096 -0.00335096 6.85984e-12
          73 -0.00335096 -0.00335096 6.81269e-12
          74 -0.00335096 -0.00335096 8.28724e-12
          75 -0.00335096 -0.00335096 8.23181e-12
          76 -0.00335096 -0.00335096 8.17747e-12
          77 -0.00335096 -0.00335096  8.1242e-12
          78 -0.00335096 -0.00335096 6.59072e-12
          79 -0.00335096 -0.00335096 6.54887e-12
          80 -0.00335096 -0.00335096 6.50781e-12
          81 -0.00335096 -0.00335096 6.46752e-12
          82 -0.00335096 -0.00335096 6.42796e-12
          83 -0.00335096 -0.00335096 4.51779e-12
          84 -0.00335096 -0.00335096 4.49082e-12
          85 -0.00335096 -0.00335096 4.46432e-12
          86 -0.00335096 -0.00335096 4.43829e-12
          87 -0.00335096 -0.00335096 4.41271e-12
          88 -0.00335096 -0.00335096 4.38757e-12
          89 -0.00335096 -0.00335096           0
          90 -0.00335096 -0.00335096           0
          91 -0.00335096 -0.00335096           0
          92 -0.00335096 -0.00335096           0
          93 -0.00335096 -0.00335096           0
          94 -0.00335096 -0.00335096           0
          95 -0.00335096 -0.00335096 4.22283e-12
          96 -0.00335096 -0.00335096 4.20078e-12
          97 -0.00335096 -0.00335096 4.17907e-12
          98 -0.00335096 -0.00335096 4.15769e-12
          99 -0.00335096 -0.00335096 4.13664e-12
         100 -0.00335096 -0.00335096  4.1159e-12
         101 -0.00335096 -0.00335096 4.09548e-12
         102 -0.00335096 -0.00335096 4.07535e-12
         103 -0.00335096 -0.00335096           0
         104 -0.00335096 -0.00335096           0
         105 -0.00335096 -0.00335096           0
         106 -0.00335096 -0.00335096           0
         107 -0.00335096 -0.00335096           0
         108 -0.00335096 -0.00335096           0
         109 -0.00335096 -0.00335096           0
         110 -0.00335096 -0.00335096           0
         111 -0.00335096 -0.00335096           0
         112 -0.00335096 -0.00335096 3.88916e-12
         113 -0.00335096 -0.00335096 3.87192e-12
         114 -0.00335096 -0.00335096  3.8549e-12
         115 -0.00335096 -0.00335096  3.8381e-12
         116 -0.00335096 -0.00335096 3.82152e-12
         117 -0.00335096 -0.00335096 3.80515e-12
         118 -0.00335096 -0.00335096   3.789e-12
         119 -0.00335096 -0.00335096 3.77304e-12
         120 -0.00335096 -0.00335096 3.75729e-12
         121 -0.00335096 -0.00335096 3.74173e-12
         122 -0.00335096 -0.00335096 5.26987e-12
         123 -0.00335096 -0.00335096 5.24841e-12
         124 -0.00335096 -0.00335096  5.2272e-12
         125 -0.00335096 -0.00335096 5.20625e-12
         126 -0.00335096 -0.00335096 5.18555e-12
         127 -0.00335096 -0.00335096 5.16509e-12
         128 -0.00335096 -0.00335096 5.14488e-12
         129 -0.00335096 -0.00335096  5.1249e-12
         130 -0.00335096 -0.00335096 5.10515e-12
         131 -0.00335096 -0.00335096 5.08563e-12
         132 -0.00335096 -0.00335096 5.06633e-12
         133 -0.00335096 -0.00335096 5.04724e-12
         134 -0.00335096 -0.00335096 5.02838e-12
         135 -0.00335096 -0.00335096 6.13563e-12
         136 -0.00335096 -0.00335096 6.11303e-12
         137 -0.00335096 -0.00335096 6.09068e-12
         138 -0.00335096 -0.00335096 6.06857e-12
         139 -0.00335096 -0.00335096  6.0467e-12
         140 -0.00335096 -0.00335096 6.02507e-12
         141 -0.00335096 -0.00335096 6.00366e-12
         142 -0.00335096 -0.00335096 5.98248e-12
         143 -0.00335096 -0.00335096 5.96153e-12
         144 -0.00335096 -0.00335096 5.94079e-12
         145 -0.00335096 -0.00335096 5.92027e-12
         146 -0.00335096 -0.00335096 5.89996e-12
         147 -0.00335096 -0.00335096 5.87986e-12
         148 -0.00335096 -0.00335096 5.85996e-12
         149 -0.00335096 -0.00335096 5.84027e-12
         150 -0.00335096 -0.00335096 5.82077e-12
         151 -0.00335096 -0.00335096 6.69895e-12
         152 -0.00335096 -0.00335096 6.67688e-12
         153 -0.00335096 -0.00335096 6.65502e-12
         154 -0.00335096 -0.00335096 6.63338e-12
         155 -0.00335096 -0.00335096 6.61195e-12
         156 -0.00335096 -0.00335096 6.59072e-12
         157 -0.00335096 -0.00335096  6.5697e-12
         158 -0.00335096 -0.00335096 6.54887e-12
         159 -0.00335096 -0.00335096 6.52825e-12
         160 -0.00335096 -0.00335096 6.50781e-12
         161 -0.00335096 -0.00335096 6.48757e-12
         162 -0.00335096 -0.00335096 6.46752e-12
         163 -0.00335096 -0.00335096 6.44765e-12
         164 -0.00335096 -0.00335096 6.42796e-12
         165 -0.00335096 -0.00335096 6.40845e-12
         166 -0.00335096 -0.00335096 6.38912e-12
         167 -0.00335096 -0.00335096 6.36996e-12
         168 -0.00335096 -0.00335096 6.35098e-12
         169 -0.00335096 -0.00335096 6.33216e-12
         170 -0.00335096 -0.00335096 6.31351e-12
         171 -0.00335096 -0.00335096 5.45165e-12
         172 -0.00335096 -0.00335096 5.43578e-12
         173 -0.00335096 -0.00335096 5.42004e-12
         174 -0.00335096 -0.00335096 5.40445e-12
         175 -0.00335096 -0.00335096 4.40009e-12
         176 -0.00335096 -0.00335096 3.10248e-12
         177 -0.00335096 -0.00335096  3.0937e-12
         178 -0.00335096 -0.00335096           0
         179 -0.00335096 -0.00335096 3.07637e-12
         180 -0.00335096 -0.00335096 3.06781e-12
         181 -0.00335096 -0.00335096 4.32654e-12
         182 -0.00335096 -0.00335096 5.28433e-12
         183 -0.00335096 -0.00335096 5.26987e-12
         184 -0.00335096 -0.00335096 6.06857e-12
         185 -0.00335096 -0.00335096  6.7665e-12
         186 -0.00335096 -0.00335096 6.74829e-12
         187 -0.00335096 -0.00335096 7.37259e-12
         188 -0.00335096 -0.00335096 7.35295e-12
         189 -0.00335096 -0.00335096 7.92106e-12
         190 -0.00335096 -0.00335096 8.44566e-12
         191 -0.00335096 -0.00335096 8.42352e-12
         192 -0.00335096 -0.00335096 8.91119e-12
         193 -0.00335096 -0.00335096 8.88808e-12
         194 -0.00335096 -0.00335096 9.34468e-12
         195 -0.00335096 -0.00335096 9.32069e-12
         196 -0.00335096 -0.00335096 9.75065e-12
         197 -0.00335096 -0.00335096 9.72587e-12
         198 -0.00335096 -0.00335096 1.01327e-11
         199 -0.00335096 -0.00335096 1.05199e-11
         200 -0.00335096 -0.00335096 1.04935e-11
         201 -0.00335096 -0.00335096 1.08625e-11
         202 -0.00335096 -0.00335096 1.08356e-11
         203 -0.00335096 -0.00335096 1.11883e-11
         204 -0.00335096 -0.00335096 1.11608e-11
         205 -0.00335096 -0.00335096 1.14987e-11
         206 -0.00335096 -0.00335096 1.14707e-11
         207 -0.00335096 -0.00335096 1.17952e-11
         208 -0.00335096 -0.00335096 1.17668e-11
         209 -0.00335096 -0.00335096 1.20789e-11
         210 -0.00335096 -0.00335096 1.20501e-11
         211 -0.00335096 -0.00335096  1.2351e-11
         212 -0.00335096 -0.00335096 1.23218e-11
         213 -0.00335096 -0.00335096 1.22928e-11
         214 -0.00335096 -0.00335096 1.25827e-11
         215 -0.00335096 -0.00335096 1.25534e-11
         216 -0.00335096 -0.00335096 1.28336e-11
         217 -0.00335096 -0.00335096  1.2804e-11
         218 -0.00335096 -0.00335096 1.30752e-11
         219 -0.00335096 -0.00335096 1.30453e-11
         220 -0.00335096 -0.00335096 1.33082e-11
         221 -0.00335096 -0.00335096  1.3278e-11
         222 -0.00335096 -0.00335096 1.32481e-11
         223 -0.00335096 -0.00335096 1.35026e-11
         224 -0.00335096 -0.00335096 1.34725e-11
         225 -0.00335096 -0.00335096 1.37197e-11
         226 -0.00335096 -0.00335096 1.36893e-11
         227 -0.00335096 -0.00335096 1.39296e-11
         228 -0.00335096 -0.00335096  1.3899e-11
         229 -0.00335096 -0.00335096 1.38686e-11
         230 -0.00335096 -0.00335096 1.41021e-11
         231 -0.00335096 -0.00335096 1.40715e-11
         232 -0.00335096 -0.00335096 1.42988e-11
         233 -0.00335096 -0.00335096 1.42681e-11
         234 -0.00335096 -0.00335096 1.42376e-11
         235 -0.00335096 -0.00335096 1.44587e-11
         236 -0.00335096 -0.00335096 1.44281e-11
         237 -0.00335096 -0.00335096 1.43976e-11
         238 -0.00335096 -0.00335096 1.46129e-11
         239 -0.00335096 -0.00335096 1.45823e-11
         240 -0.00335096 -0.00335096 1.47925e-11
         241 -0.00335096 -0.00335096 1.47617e-11
         242 -0.00335096 -0.00335096 1.47312e-11
         243 -0.00335096 -0.00335096 1.49361e-11
         244 -0.00335096 -0.00335096 1.49055e-11
         245 -0.00335096 -0.00335096  1.4875e-11
         246 -0.00335096 -0.00335096 1.50749e-11
         247 -0.00335096 -0.00335096 1.50444e-11
         248 -0.00335096 -0.00335096  1.5014e-11
         249 -0.00335096 -0.00335096 1.52091e-11
         250 -0.00335096 -0.00335096 1.51787e-11
         251 -0.00335096 -0.00335096 1.51484e-11
         252 -0.00335096 -0.00335096 1.53391e-11
         253 -0.00335096 -0.00335096 1.53087e-11
         254 -0.00335096 -0.00335096 1.52786e-11
         255 -0.00335096 -0.00335096 1.54649e-11
         256 -0.00335096 -0.00335096 1.54346e-11
         257 -0.00335096 -0.00335096 1.54046e-11
         258 -0.00335096 -0.00335096 1.55868e-11
         259 -0.00335096 -0.00335096 1.55567e-11
         260 -0.00335096 -0.00335096 1.55267e-11
         261 -0.00335096 -0.00335096  1.5705e-11
         262 -0.00335096 -0.00335096  1.5675e-11
         263 -0.00335096 -0.00335096 1.56451e-11
         264 -0.00335096 -0.00335096 1.56155e-11
         265 -0.00335096 -0.00335096 1.57897e-11
         266 -0.00335096 -0.00335096   1.576e-11
         267 -0.00335096 -0.00335096 1.57305e-11
         268 -0.00335096 -0.00335096 1.59011e-11
         269 -0.00335096 -0.00335096 1.58715e-11
         270 -0.00335096 -0.00335096 1.58421e-11
         271 -0.00335096 -0.00335096 1.60093e-11
         272 -0.00335096 -0.00335096 1.59798e-11
         273 -0.00335096 -0.00335096 1.59506e-11
         274 -0.00335096 -0.00335096 1.59214e-11
         275 -0.00335096 -0.00335096 1.60851e-11
         276 -0.00335096 -0.00335096 1.60559e-11
         277 -0.00335096 -0.00335096 1.60269e-11
         278 -0.00335096 -0.00335096 1.59981e-11
         279 -0.00335096 -0.00335096 1.61584e-11
         280 -0.00335096 -0.00335096 1.61295e-11
         281 -0.00335096 -0.00335096 1.61008e-11
         282 -0.00335096 -0.00335096  1.6258e-11
         283 -0.00335096 -0.00335096 1.62292e-11
         284 -0.00335096 -0.00335096 1.62006e-11
         285 -0.00335096 -0.00335096 1.61722e-11
         286 -0.00335096 -0.00335096 1.63263e-11
         287 -0.00335096 -0.00335096 1.62979e-11
         288 -0.00335096 -0.00335096 1.62695e-11
         289 -0.00335096 -0.00335096 1.62414e-11
         290 -0.00335096 -0.00335096 1.63925e-11
         291 -0.00335096 -0.00335096 1.63643e-11
         292 -0.00335096 -0.00335096 1.63363e-11
         293 -0.00335096 -0.00335096 1.63084e-11
         294 -0.00335096 -0.00335096 1.64566e-11
         295 -0.00335096 -0.00335096 1.64287e-11
         296 -0.00335096 -0.00335096 1.64009e-11
         297 -0.00335096 -0.00335096 1.63733e-11
         298 -0.00335096 -0.00335096 1.65188e-11
         299 -0.00335096 -0.00335096 1.61439e-11
         300 -0.00335096 -0.00335096  1.6117e-11
         301 -0.00335096 -0.00335096 1.60902e-11
         302 -0.00335096 -0.00335096 1.60635e-11
         303 -0.00335096 -0.00335096 1.62104e-11
         304 -0.00335096 -0.00335096 1.61837e-11
         305 -0.00335096 -0.00335096 1.61571e-11
         306 -0.00335096 -0.00335096 1.61307e-11
         307 -0.00335096 -0.00335096 1.62748e-11
         308 -0.00335096 -0.00335096 1.62484e-11
         309 -0.00335096 -0.00335096 1.62221e-11
         310 -0.00335096 -0.00335096 1.61959e-11
         311 -0.00335096 -0.00335096 1.63374e-11
         312 -0.00335096 -0.00335096 1.63112e-11
         313 -0.00335096 -0.00335096 1.62851e-11
         314 -0.00335096 -0.00335096 1.62592e-11
         315 -0.00335096 -0.00335096 1.62333e-11
         316 -0.00335096 -0.00335096 1.63722e-11
         317 -0.00335096 -0.00335096 1.63463e-11
         318 -0.00335096 -0.00335096 1.63206e-11
         319 -0.00335096 -0.00335096  1.6295e-11
         320 -0.00335096 -0.00335096 1.62695e-11
         321 -0.00335096 -0.00335096 1.64058e-11
         322 -0.00335096 -0.00335096 1.63803e-11
         323 -0.00335096 -0.00335096 1.63549e-11
         324 -0.00335096 -0.00335096 1.63297e-11
         325 -0.00335096 -0.00335096 1.63045e-11
         326 -0.00335096 -0.00335096 1.64383e-11
         327 -0.00335096 -0.00335096 1.64132e-11
         328 -0.00335096 -0.00335096 1.63881e-11
         329 -0.00335096 -0.00335096 1.63632e-11
         330 -0.00335096 -0.00335096 1.63384e-11
         331 -0.00335096 -0.00335096 1.64698e-11
         332 -0.00335096 -0.00335096  1.6445e-11
         333 -0.00335096 -0.00335096 1.64203e-11
         334 -0.00335096 -0.00335096 1.63957e-11
         335 -0.00335096 -0.00335096 1.63712e-11
         336 -0.00335096 -0.00335096 1.65003e-11
         337 -0.00335096 -0.00335096 1.64758e-11
         338 -0.00335096 -0.00335096 1.64514e-11
         339 -0.00335096 -0.00335096 1.64271e-11
         340 -0.00335096 -0.00335096  1.6403e-11
         341 -0.00335096 -0.00335096 1.63789e-11
         342 -0.00335096 -0.00335096 1.68031e-11
         343 -0.00335096 -0.00335096 1.67786e-11
         344 -0.00335096 -0.00335096 1.67542e-11
         345 -0.00335096 -0.00335096 1.67299e-11
         346 -0.00335096 -0.00335096 1.67057e-11
         347 -0.00335096 -0.00335096 1.68273e-11
         348 -0.00335096 -0.00335096 1.68031e-11
         349 -0.00335096 -0.00335096  1.6779e-11
         350 -0.00335096 -0.00335096  1.6755e-11
         351 -0.00335096 -0.00335096 1.67311e-11
         352 -0.00335096 -0.00335096 1.67074e-11
         353 -0.00335096 -0.00335096 1.68269e-11
         354 -0.00335096 -0.00335096 1.68031e-11
         355 -0.00335096 -0.00335096 1.67794e-11
         356 -0.00335096 -0.00335096 1.67558e-11
         357 -0.00335096 -0.00335096 1.67324e-11
         358 -0.00335096 -0.00335096  1.6709e-11
         359 -0.00335096 -0.00335096 1.68265e-11
         360 -0.00335096 -0.00335096 1.68031e-11
         361 -0.00335096 -0.00335096 1.67798e-11
         362 -0.00335096 -0.00335096 1.67566e-11
         363 -0.00335096 -0.00335096 1.67335e-11
         364 -0.00335096 -0.00335096 1.67105e-11
         365 -0.00335096 -0.00335096 1.66876e-11
         366 -0.00335096 -0.00335096 1.68031e-11
         367 -0.00335096 -0.00335096 1.67802e-11
         368 -0.00335096 -0.00335096 1.67574e-11
         369 -0.00335096 -0.00335096 1.67347e-11
         370 -0.00335096 -0.00335096  1.6712e-11
         371 -0.00335096 -0.00335096 1.66895e-11
         372 -0.00335096 -0.00335096 1.68031e-11
         373 -0.00335096 -0.00335096 1.67806e-11
         374 -0.00335096 -0.00335096 1.67581e-11
         375 -0.00335096 -0.00335096 1.67358e-11
         376 -0.00335096 -0.00335096 1.67135e-11
         377 -0.00335096 -0.00335096 1.66913e-11
         378 -0.00335096 -0.00335096 1.66692e-11
         379 -0.00335096 -0.00335096 1.67809e-11
         380 -0.00335096 -0.00335096 1.67588e-11
         381 -0.00335096 -0.00335096 1.67368e-11
         382 -0.00335096 -0.00335096 1.67149e-11
         383 -0.00335096 -0.00335096 1.66931e-11
         384 -0.00335096 -0.00335096 1.66713e-11
         385 -0.00335096 -0.00335096 1.66496e-11
         386 -0.00335096 -0.00335096 1.67595e-11
         387 -0.00335096 -0.00335096 1.67378e-11
         388 -0.00335096 -0.00335096 1.67163e-11
         389 -0.00335096 -0.00335096 1.66948e-11
         390 -0.00335096 -0.00335096 1.66733e-11
         391 -0.00335096 -0.00335096  1.6652e-11
         392 -0.00335096 -0.00335096 1.66308e-11
         393 -0.00335096 -0.00335096 1.67388e-11
         394 -0.00335096 -0.00335096 1.67176e-11
         395 -0.00335096 -0.00335096 1.66964e-11
         396 -0.00335096 -0.00335096 1.66753e-11
         397 -0.00335096 -0.00335096 1.66543e-11
         398 -0.00335096 -0.00335096 1.66334e-11
         399 -0.00335096 -0.00335096 1.66125e-11
         400 -0.00335096 -0.00335096 1.67189e-11
         401 -0.00335096 -0.00335096  1.6698e-11
         402 -0.00335096 -0.00335096 1.66772e-11
         403 -0.00335096 -0.00335096 1.66565e-11
         404 -0.00335096 -0.00335096 1.66359e-11
         405 -0.00335096 -0.00335096 1.66154e-11
         406 -0.00335096 -0.00335096 1.65949e-11
         407 -0.00335096 -0.00335096 1.65745e-11
         408 -0.00335096 -0.00335096 1.66791e-11
         409 -0.00335096 -0.00335096 1.66587e-11
         410 -0.00335096 -0.00335096 1.66384e-11
         411 -0.00335096 -0.00335096 1.66181e-11
         412 -0.00335096 -0.00335096 1.65979e-11
         413 -0.00335096 -0.00335096 1.65778e-11
         414 -0.00335096 -0.00335096 1.65578e-11
         415 -0.00335096 -0.00335096 1.65378e-11
         416 -0.00335096 -0.00335096 1.66408e-11
         417 -0.00335096 -0.00335096 1.66208e-11
         418 -0.00335096 -0.00335096 1.66009e-11
         419 -0.00335096 -0.00335096 1.65811e-11
         420 -0.00335096 -0.00335096 1.65613e-11
         421 -0.00335096 -0.00335096 1.65416e-11
         422 -0.00335096 -0.00335096  1.6522e-11
         423 -0.00335096 -0.00335096 1.65025e-11
         424 -0.00335096 -0.00335096  1.6483e-11
         425 -0.00335096 -0.00335096 1.65842e-11
         426 -0.00335096 -0.00335096 1.65648e-11
         427 -0.00335096 -0.00335096 1.65453e-11
         428 -0.00335096 -0.00335096  1.6526e-11
         429 -0.00335096 -0.00335096 1.65067e-11
         430 -0.00335096 -0.00335096 1.64875e-11
         431 -0.00335096 -0.00335096 1.64684e-11
         432 -0.00335096 -0.00335096 1.64493e-11
         433 -0.00335096 -0.00335096 1.65489e-11
         434 -0.00335096 -0.00335096 1.65299e-11
         435 -0.00335096 -0.00335096 1.65109e-11
         436 -0.00335096 -0.00335096 1.64919e-11
         437 -0.00335096 -0.00335096  1.6473e-11
         438 -0.00335096 -0.00335096 1.64542e-11
         439 -0.00335096 -0.00335096 1.64355e-11
         440 -0.00335096 -0.00335096 1.64168e-11
         441 -0.00335096 -0.00335096 1.63982e-11
         442 -0.00335096 -0.00335096 1.64962e-11
         443 -0.00335096 -0.00335096 1.64775e-11
         444 -0.00335096 -0.00335096  1.6459e-11
         445 -0.00335096 -0.00335096 1.64405e-11
         446 -0.00335096 -0.00335096  1.6422e-11
         447 -0.00335096 -0.00335096 1.64037e-11
         448 -0.00335096 -0.00335096 1.63853e-11
         449 -0.00335096 -0.00335096 1.63671e-11
         450 -0.00335096 -0.00335096 1.63489e-11
         451 -0.00335096 -0.00335096 1.63307e-11
         452 -0.00335096 -0.00335096 1.64271e-11
         453 -0.00335096 -0.00335096  1.6409e-11
         454 -0.00335096 -0.00335096 1.63909e-11
         455 -0.00335096 -0.00335096 1.63729e-11
         456 -0.00335096 -0.00335096 1.63549e-11
         457 -0.00335096 -0.00335096  1.6337e-11
         458 -0.00335096 -0.00335096 1.63192e-11
         459 -0.00335096 -0.00335096 1.63014e-11
         460 -0.00335096 -0.00335096 1.62837e-11
         461 -0.00335096 -0.00335096  1.6266e-11
         462 -0.00335096 -0.00335096 1.63608e-11
         463 -0.00335096 -0.00335096 1.63432e-11
         464 -0.00335096 -0.00335096 1.63255e-11
         465 -0.00335096 -0.00335096  1.6308e-11
         466 -0.00335096 -0.00335096 1.62905e-11
         467 -0.00335096 -0.00335096  1.6273e-11
         468 -0.00335096 -0.00335096 1.62556e-11
         469 -0.00335096 -0.00335096 1.62383e-11
         470 -0.00335096 -0.00335096  1.6221e-11
         471 -0.00335096 -0.00335096 1.62038e-11
         472 -0.00335096 -0.00335096 1.62971e-11
         473 -0.00335096 -0.00335096 1.62799e-11
         474 -0.00335096 -0.00335096 1.62627e-11
         475 -0.00335096 -0.00335096 1.62455e-11
         476 -0.00335096 -0.00335096 1.62285e-11
         477 -0.00335096 -0.00335096 1.62114e-11
         478 -0.00335096 -0.00335096 1.61945e-11
         479 -0.00335096 -0.00335096 1.61776e-11
         480 -0.00335096 -0.00335096 1.61607e-11
         481 -0.00335096 -0.00335096 1.61439e-11
         482 -0.00335096 -0.00335096 1.61271e-11
         483 -0.00335096 -0.00335096 1.62189e-11
         484 -0.00335096 -0.00335096 1.62022e-11
         485 -0.00335096 -0.00335096 1.61855e-11
         486 -0.00335096 -0.00335096 1.61688e-11
         487 -0.00335096 -0.00335096 1.61522e-11
         488 -0.00335096 -0.00335096 1.61356e-11
         489 -0.00335096 -0.00335096 1.61191e-11
         490 -0.00335096 -0.00335096 1.61027e-11
         491 -0.00335096 -0.00335096 1.60863e-11
         492 -0.00335096 -0.00335096 1.60699e-11
         493 -0.00335096 -0.00335096 1.60536e-11
         494 -0.00335096 -0.00335096 1.61439e-11
         495 -0.00335096 -0.00335096 1.61276e-11
         496 -0.00335096 -0.00335096 1.61113e-11
         497 -0.00335096 -0.00335096 1.60951e-11
         498 -0.00335096 -0.00335096 1.60789e-11
         499 -0.00335096 -0.00335096 1.60628e-11
         500 -0.00335096 -0.00335096 1.60467e-11
         501 -0.00335096 -0.00335096 1.60307e-11
         502 -0.00335096 -0.00335096 1.60147e-11
         503 -0.00335096 -0.00335096 1.59988e-11
         504 -0.00335096 -0.00335096 1.59829e-11
         505 -0.00335096 -0.00335096 1.59671e-11
         506 -0.00335096 -0.00335096 1.60559e-11
         507 -0.00335096 -0.00335096 1.60401e-11
         508 -0.00335096 -0.00335096 1.60243e-11
         509 -0.00335096 -0.00335096 1.60085e-11
         510 -0.00335096 -0.00335096 1.59928e-11
         511 -0.00335096 -0.00335096 1.59772e-11
         512 -0.00335096 -0.00335096 1.59616e-11
         513 -0.00335096 -0.00335096  1.5946e-11
         514 -0.00335096 -0.00335096 1.59305e-11
         515 -0.00335096 -0.00335096  1.5915e-11
         516 -0.00335096 -0.00335096 1.58996e-11
         517 -0.00335096 -0.00335096 1.58842e-11
         518 -0.00335096 -0.00335096 1.58689e-11
         519 -0.00335096 -0.00335096 1.59562e-11
         520 -0.00335096 -0.00335096 1.59408e-11
         521 -0.00335096 -0.00335096 1.59255e-11
         522 -0.00335096 -0.00335096 1.59103e-11
         523 -0.00335096 -0.00335096  1.5895e-11
         524 -0.00335096 -0.00335096 1.58799e-11
         525 -0.00335096 -0.00335096 1.58647e-11
         526 -0.00335096 -0.00335096 1.58496e-11
         527 -0.00335096 -0.00335096 1.58346e-11
         528 -0.00335096 -0.00335096 1.58196e-11
         529 -0.00335096 -0.00335096 1.58046e-11
         530 -0.00335096 -0.00335096 1.57897e-11
         531 -0.00335096 -0.00335096 1.57748e-11
         532 -0.00335096 -0.00335096 1.58607e-11
         533 -0.00335096 -0.00335096 1.58458e-11
         534 -0.00335096 -0.00335096  1.5831e-11
         535 -0.00335096 -0.00335096 1.58162e-11
         536 -0.00335096 -0.00335096 1.58014e-11
         537 -0.00335096 -0.00335096 1.57867e-11
         538 -0.00335096 -0.00335096  1.5772e-11
         539 -0.00335096 -0.00335096 1.57574e-11
         540 -0.00335096 -0.00335096 1.57428e-11
         541 -0.00335096 -0.00335096 1.57282e-11
         542 -0.00335096 -0.00335096 1.57137e-11
         543 -0.00335096 -0.00335096 1.56992e-11
         544 -0.00335096 -0.00335096 1.56848e-11
         545 -0.00335096 -0.00335096 1.56704e-11
         546 -0.00335096 -0.00335096 1.57548e-11
         547 -0.00335096 -0.00335096 1.57404e-11
         548 -0.00335096 -0.00335096 1.57261e-11
         549 -0.00335096 -0.00335096 1.57117e-11
         550 -0.00335096 -0.00335096 1.56974e-11
         551 -0.00335096 -0.00335096 1.56832e-11
         552 -0.00335096 -0.00335096  1.5669e-11
         553 -0.00335096 -0.00335096 1.56548e-11
         554 -0.00335096 -0.00335096 1.56407e-11
         555 -0.00335096 -0.00335096 1.56266e-11
         556 -0.00335096 -0.00335096 1.56125e-11
         557 -0.00335096 -0.00335096 1.55985e-11
         558 -0.00335096 -0.00335096 1.55845e-11
         559 -0.00335096 -0.00335096 1.55706e-11
         560 -0.00335096 -0.00335096 1.56536e-11
         561 -0.00335096 -0.00335096 1.56396e-11
         562 -0.00335096 -0.00335096 1.56257e-11
         563 -0.00335096 -0.00335096 1.56118e-11
         564 -0.00335096 -0.00335096  1.5598e-11
         565 -0.00335096 -0.00335096 1.55842e-11
         566 -0.00335096 -0.00335096 1.55704e-11
         567 -0.00335096 -0.00335096 1.55567e-11
         568 -0.00335096 -0.00335096  1.5543e-11
         569 -0.00335096 -0.00335096 1.55293e-11
         570 -0.00335096 -0.00335096 1.55157e-11
         571 -0.00335096 -0.00335096 1.55021e-11
         572 -0.00335096 -0.00335096 1.54885e-11
         573 -0.00335096 -0.00335096  1.5475e-11
         574 -0.00335096 -0.00335096 1.54615e-11
         575 -0.00335096 -0.00335096 1.54481e-11
         576 -0.00335096 -0.00335096 1.55296e-11
         577 -0.00335096 -0.00335096 1.55162e-11
         578 -0.00335096 -0.00335096 1.55027e-11
         579 -0.00335096 -0.00335096 1.54893e-11
         580 -0.00335096 -0.00335096  1.5476e-11
         581 -0.00335096 -0.00335096 1.54627e-11
         582 -0.00335096 -0.00335096 1.54494e-11
         583 -0.00335096 -0.00335096 1.54361e-11
         584 -0.00335096 -0.00335096 1.54229e-11
         585 -0.00335096 -0.00335096 1.54097e-11
         586 -0.00335096 -0.00335096 1.53965e-11
         587 -0.00335096 -0.00335096 1.53834e-11
         588 -0.00335096 -0.00335096 1.53703e-11
         589 -0.00335096 -0.00335096 1.53573e-11
         590 -0.00335096 -0.00335096 1.53443e-11
         591 -0.00335096 -0.00335096 1.53313e-11
         592 -0.00335096 -0.00335096 1.54114e-11
         593 -0.00335096 -0.00335096 1.53984e-11
         594 -0.00335096 -0.00335096 1.53855e-11
         595 -0.00335096 -0.00335096 1.53725e-11
         596 -0.00335096 -0.00335096 1.53596e-11
         597 -0.00335096 -0.00335096 1.53468e-11
         598 -0.00335096 -0.00335096 1.51481e-11
         599 -0.00335096 -0.00335096 1.49474e-11
         600 -0.00335096 -0.00335096 1.49349e-11
         601 -0.00335096 -0.00335096 1.47324e-11
         602 -0.00335096 -0.00335096 1.46243e-11
         603 -0.00335096 -0.00335096 1.44186e-11
         604 -0.00335096 -0.00335096 1.42106e-11
         605 -0.00335096 -0.00335096 1.40999e-11
         606 -0.00335096 -0.00335096 1.40883e-11
         607 -0.00335096 -0.00335096  1.3877e-11
         608 -0.00335096 -0.00335096 1.36631e-11
         609 -0.00335096 -0.00335096 1.35497e-11
         610 -0.00335096 -0.00335096 1.34356e-11
         611 -0.00335096 -0.00335096 1.32165e-11
         612 -0.00335096 -0.00335096 1.32056e-11
         613 -0.00335096 -0.00335096 1.29837e-11
         614 -0.00335096 -0.00335096 1.28664e-11
         615 -0.00335096 -0.00335096 1.26398e-11
         616 -0.00335096 -0.00335096 1.24099e-11
         617 -0.00335096 -0.00335096 1.23999e-11
         618 -0.00335096 -0.00335096 1.21666e-11
         619 -0.00335096 -0.00335096 1.20436e-11
         620 -0.00335096 -0.00335096 1.18047e-11
         621 -0.00335096 -0.00335096 1.15616e-11
         622 -0.00335096 -0.00335096 1.15523e-11
         623 -0.00335096 -0.00335096 1.14246e-11
         624 -0.00335096 -0.00335096 1.11751e-11
         625 -0.00335096 -0.00335096 1.09207e-11
         626 -0.00335096 -0.00335096 1.06611e-11
         627 -0.00335096 -0.00335096 1.07787e-11
         628 -0.00335096 -0.00335096 1.06441e-11
         629 -0.00335096 -0.00335096 1.03793e-11
         630 -0.00335096 -0.00335096 1.01085e-11
         631 -0.00335096 -0.00335096 1.01005e-11
         632 -0.00335096 -0.00335096 9.95881e-12
         633 -0.00335096 -0.00335096 9.67826e-12
         634 -0.00335096 -0.00335096 9.39026e-12
         635 -0.00335096 -0.00335096 9.38286e-12
         636 -0.00335096 -0.00335096 9.08694e-12
         637 -0.00335096 -0.00335096 8.93215e-12
         638 -0.00335096 -0.00335096 8.62251e-12
         639 -0.00335096 -0.00335096 8.61576e-12
         640 -0.00335096 -0.00335096 8.29587e-12
         641 -0.00335096 -0.00335096 8.12842e-12
         642 -0.00335096 -0.00335096 7.79043e-12
         643 -0.00335096 -0.00335096 7.78437e-12
         644 -0.00335096 -0.00335096 7.43245e-12
         645 -0.00335096 -0.00335096 7.06419e-12
         646 -0.00335096 -0.00335096 7.05872e-12
         647 -0.00335096 -0.00335096 7.05326e-12
         648 -0.00335096 -0.00335096 6.66656e-12
         649 -0.00335096 -0.00335096 6.25732e-12
         650 -0.00335096 -0.00335096 6.04049e-12
         651 -0.00335096 -0.00335096 6.03585e-12
         652 -0.00335096 -0.00335096 5.58383e-12
         653 -0.00335096 -0.00335096 5.09341e-12
         654 -0.00335096 -0.00335096 5.08951e-12
         655 -0.00335096 -0.00335096 4.54872e-12
         656 -0.00335096 -0.00335096  4.2517e-12
         657 -0.00335096 -0.00335096  3.5906e-12
         658 -0.00335096 -0.00335096 3.58787e-12
         659 -0.00335096 -0.00335096 2.77705e-12
         660 -0.00335096 -0.00335096 2.26573e-12
         661 -0.00335096 -0.00335096 2.26402e-12
         662 -0.00335096 -0.00335096           0
         663 -0.00335096 -0.00335096  2.2606e-12
         664 -0.00335096 -0.00335096  2.2589e-12
         665 -0.00335096 -0.00335096 3.19216e-12
         666 -0.00335096 -0.00335096 3.56626e-12
         667 -0.00335096 -0.00335096 3.90371e-12
         668 -0.00335096 -0.00335096 3.90079e-12
         669 -0.00335096 -0.00335096 4.50088e-12
         670 -0.00335096 -0.00335096 4.77034e-12
         671 -0.00335096 -0.00335096 4.76678e-12
         672 -0.00335096 -0.00335096 5.26595e-12
         673 -0.00335096 -0.00335096 5.72044e-12
         674 -0.00335096 -0.00335096 5.71619e-12
         675 -0.00335096 -0.00335096 6.13563e-12
         676 -0.00335096 -0.00335096 6.33216e-12
         677 -0.00335096 -0.00335096 6.32748e-12
         678 -0.00335096 -0.00335096 6.70636e-12
         679 -0.00335096 -0.00335096 7.06391e-12
         680 -0.00335096 -0.00335096 7.05872e-12
         681 -0.00335096 -0.00335096 7.22772e-12
         682 -0.00335096 -0.00335096 7.55852e-12
         683 -0.00335096 -0.00335096 7.55299e-12
         684 -0.00335096 -0.00335096 7.86877e-12
         685 -0.00335096 -0.00335096  8.1715e-12
         686 -0.00335096 -0.00335096 8.16554e-12
         687 -0.00335096 -0.00335096 8.30933e-12
         688 -0.00335096 -0.00335096 8.30329e-12
         689 -0.00335096 -0.00335096 8.44412e-12
         690 -0.00335096 -0.00335096 8.72412e-12
         691 -0.00335096 -0.00335096  8.7178e-12
         692 -0.00335096 -0.00335096 8.85089e-12
         693 -0.00335096 -0.00335096 9.11671e-12
         694 -0.00335096 -0.00335096 9.11014e-12
         695 -0.00335096 -0.00335096 9.36751e-12
         696 -0.00335096 -0.00335096   9.743e-12
         697 -0.00335096 -0.00335096 9.86004e-12
         698 -0.00335096 -0.00335096 9.97538e-12
         699 -0.00335096 -0.00335096 1.00891e-11
         700 -0.00335096 -0.00335096 1.04357e-11
         701 -0.00335096 -0.00335096 1.06575e-11
         702 -0.00335096 -0.00335096 1.07626e-11
         703 -0.00335096 -0.00335096 1.09767e-11
         704 -0.00335096 -0.00335096 1.11861e-11
         705 -0.00335096 -0.00335096 1.12852e-11
         706 -0.00335096 -0.00335096  1.1592e-11
         707 -0.00335096 -0.00335096 1.15838e-11
         708 -0.00335096 -0.00335096 1.18816e-11
         709 -0.00335096 -0.00335096 1.20728e-11
         710 -0.00335096 -0.00335096 1.20643e-11
         711 -0.00335096 -0.00335096 1.23487e-11
         712 -0.00335096 -0.00335096  1.2436e-11
         713 -0.00335096 -0.00335096  1.2617e-11
         714 -0.00335096 -0.00335096  1.2795e-11
         715 -0.00335096 -0.00335096 1.28784e-11
         716 -0.00335096 -0.00335096 1.30519e-11
         717 -0.00335096 -0.00335096 1.31331e-11
         718 -0.00335096 -0.00335096 1.33909e-11
         719 -0.00335096 -0.00335096 1.35565e-11
         720 -0.00335096 -0.00335096 1.36337e-11
         721 -0.00335096 -0.00335096 1.37956e-11
         722 -0.00335096 -0.00335096  1.3786e-11
         723 -0.00335096 -0.00335096 1.40293e-11
         724 -0.00335096 -0.00335096 1.42678e-11
         725 -0.00335096 -0.00335096 1.42579e-11
         726 -0.00335096 -0.00335096 1.44109e-11
         727 -0.00335096 -0.00335096  1.4401e-11
         728 -0.00335096 -0.00335096 1.46317e-11
         729 -0.00335096 -0.00335096 1.47009e-11
         730 -0.00335096 -0.00335096 1.48479e-11
         731 -0.00335096 -0.00335096 1.50702e-11
         732 -0.00335096 -0.00335096 1.51366e-11
         733 -0.00335096 -0.00335096 1.52024e-11
         734 -0.00335096 -0.00335096 1.52678e-11
         735 -0.00335096 -0.00335096 1.54078e-11
         736 -0.00335096 -0.00335096 1.54719e-11
         737 -0.00335096 -0.00335096 1.56828e-11
         738 -0.00335096 -0.00335096  1.5818e-11
         739 -0.00335096 -0.00335096 1.58796e-11
         740 -0.00335096 -0.00335096 1.60125e-11
         741 -0.00335096 -0.00335096 1.60017e-11
         742 -0.00335096 -0.00335096 1.62036e-11
         743 -0.00335096 -0.00335096 1.61927e-11
         744 -0.00335096 -0.00335096 1.63915e-11
         745 -0.00335096 -0.00335096 1.64498e-11
         746 -0.00335096 -0.00335096 1.65077e-11
         747 -0.00335096 -0.00335096 1.65652e-11
         748 -0.00335096 -0.00335096 1.66904e-11
         749 -0.00335096 -0.00335096 1.68814e-11
         750 -0.00335096 -0.00335096  1.6937e-11
         751 -0.00335096 -0.00335096 1.70585e-11
         752 -0.00335096 -0.00335096 1.71131e-11
         753 -0.00335096 -0.00335096 1.71674e-11
         754 -0.00335096 -0.00335096 1.72213e-11
         755 -0.00335096 -0.00335096 1.73398e-11
         756 -0.00335096 -0.00335096 1.73929e-11
         757 -0.00335096 -0.00335096 1.75734e-11
         758 -0.00335096 -0.00335096 1.75618e-11
         759 -0.00335096 -0.00335096  1.7677e-11
