#     BLOCK:   ACTUAL_KE:    KE_AVE:      ERROR:
           1        2.31        2.31           0
           2     2.30978     2.30989 7.61722e-05
           3     2.30914     2.30964 0.000211255
           4     2.30806     2.30925 0.000376471
           5     2.30656     2.30871 0.000567145
           6     2.30463     2.30803   0.0007802
           7     2.30227     2.30721  0.00101343
           8     2.29949     2.30624  0.00126517
           9     2.29628     2.30514  0.00153407
          10     2.29265     2.30389  0.00181896
          11      2.2886      2.3025  0.00211882
          12     2.28414     2.30097   0.0024327
          13     2.27926      2.2993  0.00275979
          14     2.27397     2.29749  0.00309954
          15     2.26826     2.29554  0.00345144
          16     2.26215     2.29345  0.00381496
          17     2.25562     2.29123  0.00418969
          18     2.24868     2.28886  0.00457527
          19     2.24135     2.28636  0.00497125
          20      2.2336     2.28373  0.00537725
          21     2.22546     2.28095  0.00579296
          22     2.21691     2.27804  0.00621807
          23     2.20797     2.27499  0.00665228
          24     2.19863     2.27181   0.0070953
          25      2.1889     2.26849  0.00754694
          26     2.17876     2.26504  0.00800701
          27     2.16823     2.26146  0.00847531
          28     2.15731     2.25774  0.00895163
          29     2.14601     2.25389  0.00943574
          30     2.13431      2.2499  0.00992741
          31     2.12223     2.24578   0.0104264
          32     2.10978     2.24153   0.0109326
          33     2.09694     2.23715   0.0114457
          34     2.08372     2.23264   0.0119656
          35     2.07013     2.22799   0.0124921
          36     2.05617     2.22322    0.013025
          37     2.04185     2.21832   0.0135641
          38     2.02716     2.21329   0.0141092
          39     2.01211     2.20813   0.0146601
          40     1.99671     2.20285   0.0152166
          41     1.98096     2.19743   0.0157786
          42     1.96487      2.1919   0.0163456
          43     1.94844     2.18623   0.0169177
          44     1.93168     2.18045   0.0174945
          45     1.91459     2.17454   0.0180758
          46     1.89719     2.16851   0.0186614
          47     1.87947     2.16236    0.019251
          48     1.86145     2.15609   0.0198444
          49     1.84314     2.14971   0.0204414
          50     1.82454      2.1432   0.0210417
          51     1.80566     2.13658    0.021645
          52     1.78651     2.12985   0.0222511
          53      1.7671     2.12301   0.0228597
          54     1.74744     2.11605   0.0234705
          55     1.72754     2.10899   0.0240833
          56     1.70742     2.10182   0.0246978
          57     1.68708     2.09454   0.0253136
          58     1.66654     2.08716   0.0259304
          59     1.64581     2.07968   0.0265481
          60     1.62489      2.0721   0.0271661
          61     1.60382     2.06442   0.0277843
          62     1.58259     2.05665   0.0284023
          63     1.56122     2.04879   0.0290197
          64     1.53973     2.04084   0.0296363
          65     1.51814     2.03279   0.0302517
          66     1.49645     2.02467   0.0308655
          67      1.4747     2.01646   0.0314774
          68     1.45288     2.00817   0.0320871
          69     1.43103     1.99981   0.0326941
          70     1.40915     1.99137   0.0332981
          71     1.38727     1.98286   0.0338987
          72      1.3654     1.97428   0.0344957
          73     1.34356     1.96564   0.0350885
          74     1.32177     1.95694   0.0356768
          75     1.30006     1.94818   0.0362602
          76     1.27843     1.93937   0.0368385
          77     1.25691     1.93051   0.0374111
          78     1.23551      1.9216   0.0379777
          79     1.21426     1.91265    0.038538
          80     1.19318     1.90365   0.0390915
          81     1.17228     1.89462    0.039638
          82     1.15159     1.88556    0.040177
          83     1.13111     1.87647   0.0407082
          84     1.11088     1.86736   0.0412312
          85     1.09091     1.85822   0.0417458
          86     1.07122     1.84907   0.0422515
          87     1.05182     1.83991   0.0427481
          88     1.03274     1.83074   0.0432351
          89     1.01399     1.82156   0.0437124
          90    0.995582     1.81238   0.0441797
          91    0.977542     1.80321   0.0446365
          92    0.959878     1.79404   0.0450828
          93    0.942607     1.78488   0.0455181
          94    0.925743     1.77574   0.0459423
          95    0.909298     1.76662   0.0463552
          96    0.893284     1.75753   0.0467565
          97    0.877714     1.74846    0.047146
          98    0.862599     1.73942   0.0475236
          99    0.847948     1.73041   0.0478891
         100     0.83377     1.72145   0.0482423
         101    0.820075     1.71252   0.0485831
         102     0.80687     1.70364   0.0489114
         103    0.794162     1.69481   0.0492271
         104    0.781955     1.68604   0.0495301
         105    0.770254     1.67731   0.0498204
         106    0.759064     1.66865   0.0500979
         107    0.748388     1.66005   0.0503625
         108    0.738228     1.65152   0.0506143
         109    0.728583     1.64305   0.0508533
         110    0.719456     1.63465   0.0510794
         111    0.710845     1.62633   0.0512928
         112    0.702749     1.61808   0.0514934
         113    0.695165     1.60992   0.0516814
         114    0.688092     1.60183   0.0518568
         115    0.681526     1.59383   0.0520197
         116    0.675462     1.58591   0.0521702
         117    0.669894     1.57808   0.0523084
         118    0.664818     1.57034   0.0524346
         119    0.660225     1.56269   0.0525488
         120     0.65611     1.55514   0.0526511
         121    0.652465     1.54768   0.0527419
         122    0.649281     1.54031   0.0528211
         123     0.64655     1.53305   0.0528891
         124    0.644263     1.52588   0.0529461
         125    0.642409     1.51881   0.0529921
         126    0.640978     1.51185   0.0530276
         127     0.63996     1.50498   0.0530526
         128    0.639344     1.49822   0.0530674
         129    0.639118     1.49156   0.0530722
         130    0.639271       1.485   0.0530674
         131     0.63979     1.47855   0.0530531
         132    0.640663      1.4722   0.0530295
         133    0.641878     1.46596    0.052997
         134    0.643424     1.45982   0.0529558
         135    0.645287     1.45379   0.0529061
         136    0.647454     1.44786   0.0528483
         137    0.649912     1.44203   0.0527825
         138    0.652648     1.43631   0.0527091
         139     0.65565      1.4307   0.0526282
         140    0.658904     1.42518   0.0525403
         141    0.662399     1.41977   0.0524454
         142    0.666119     1.41447   0.0523439
         143    0.670053     1.40926   0.0522361
         144    0.674189     1.40416   0.0521222
         145    0.678512     1.39915   0.0520024
         146     0.68301     1.39425   0.0518771
         147    0.687671     1.38944   0.0517464
         148    0.692482     1.38473   0.0516105
         149    0.697432     1.38012   0.0514699
         150    0.702508      1.3756   0.0513246
         151    0.707698     1.37118    0.051175
         152    0.712992     1.36685   0.0510212
         153    0.718377     1.36261   0.0508634
         154    0.723843     1.35846    0.050702
         155    0.729379      1.3544   0.0505371
         156    0.734975     1.35043   0.0503688
         157    0.740621     1.34655   0.0501976
         158    0.746307     1.34275   0.0500234
         159    0.752022     1.33903   0.0498466
         160    0.757757      1.3354   0.0496672
         161    0.763502     1.33185   0.0494856
         162    0.769251     1.32838   0.0493019
         163    0.774994     1.32498   0.0491161
         164    0.780726     1.32166   0.0489286
         165    0.786436     1.31842   0.0487395
         166    0.792118     1.31525   0.0485489
         167    0.797764     1.31215    0.048357
         168    0.803369     1.30912   0.0481639
         169    0.808925     1.30616   0.0479697
         170    0.814427     1.30327   0.0477747
         171    0.819869     1.30044   0.0475789
         172    0.825245     1.29768   0.0473824
         173    0.830551     1.29498   0.0471854
         174    0.835782     1.29234    0.046988
         175    0.840934     1.28976   0.0467902
         176    0.846002     1.28724   0.0465922
         177    0.850983     1.28477   0.0463941
         178    0.855874     1.28236    0.046196
         179    0.860671     1.28001    0.045998
         180    0.865372     1.27771   0.0458001
         181    0.869975     1.27545   0.0456024
         182    0.874476     1.27325    0.045405
         183    0.878875     1.27109    0.045208
         184     0.88317     1.26899   0.0450115
         185     0.88736     1.26692   0.0448154
         186    0.891443      1.2649   0.0446199
         187     0.89542     1.26293    0.044425
         188     0.89929     1.26099   0.0442308
         189    0.903053      1.2591   0.0440373
         190    0.906707     1.25725   0.0438446
         191    0.910253     1.25543   0.0436526
         192    0.913691     1.25365   0.0434616
         193    0.917022     1.25191   0.0432713
         194    0.920248      1.2502   0.0430821
         195     0.92337     1.24852   0.0428937
         196    0.926388     1.24688   0.0427063
         197    0.929304     1.24526     0.04252
         198    0.932119     1.24368   0.0423346
         199    0.934835     1.24213   0.0421503
         200    0.937454     1.24061   0.0419671
         201     0.93998     1.23911    0.041785
         202    0.942412     1.23764   0.0416039
         203    0.944754      1.2362    0.041424
         204    0.947007     1.23478   0.0412452
         205    0.949175     1.23339   0.0410675
         206    0.951258     1.23202    0.040891
         207     0.95326     1.23067   0.0407156
         208    0.955184     1.22935   0.0405414
         209    0.957033     1.22805   0.0403683
         210    0.958809     1.22676   0.0401965
         211    0.960517      1.2255   0.0400258
         212    0.962158     1.22426   0.0398562
         213    0.963736     1.22304   0.0396879
         214    0.965253     1.22183   0.0395207
         215    0.966712     1.22064   0.0393547
         216    0.968117     1.21948   0.0391898
         217    0.969471     1.21832   0.0390262
         218    0.970776     1.21719   0.0388637
         219    0.972036     1.21607   0.0387023
         220    0.973254     1.21497   0.0385421
         221    0.974433     1.21388   0.0383831
         222    0.975576      1.2128   0.0382252
         223    0.976686     1.21174   0.0380685
         224    0.977766      1.2107   0.0379128
         225    0.978817     1.20967   0.0377584
         226    0.979843     1.20865    0.037605
         227    0.980846     1.20765   0.0374527
         228     0.98183     1.20666   0.0373015
         229    0.982796     1.20568   0.0371514
         230    0.983748     1.20472   0.0370024
         231    0.984687     1.20376   0.0368545
         232    0.985616     1.20282   0.0367077
         233    0.986537     1.20189   0.0365618
         234    0.987453     1.20098   0.0364171
         235    0.988366     1.20007   0.0362734
         236    0.989278     1.19918   0.0361306
         237     0.99019      1.1983    0.035989
         238    0.991105     1.19743   0.0358483
         239    0.992025     1.19657   0.0357086
         240    0.992951     1.19572   0.0355699
         241    0.993886     1.19488   0.0354321
         242    0.994832     1.19406   0.0352954
         243    0.995791     1.19324   0.0351595
         244    0.996763     1.19243   0.0350247
         245    0.997752     1.19164   0.0348907
         246    0.998757     1.19086   0.0347577
         247    0.999779     1.19008   0.0346256
         248     1.00082     1.18932   0.0344944
         249     1.00188     1.18857   0.0343641
         250     1.00297     1.18782   0.0342346
         251     1.00408     1.18709   0.0341061
         252     1.00521     1.18637   0.0339783
         253     1.00637     1.18566   0.0338515
         254     1.00756     1.18496   0.0337255
         255     1.00877     1.18427   0.0336003
         256     1.01002     1.18359   0.0334759
         257     1.01129     1.18292   0.0333524
         258     1.01259     1.18226   0.0332297
         259     1.01393     1.18161   0.0331077
         260      1.0153     1.18097   0.0329866
         261      1.0167     1.18034   0.0328662
         262     1.01813     1.17972   0.0327466
         263      1.0196     1.17911   0.0326277
         264     1.02111     1.17851   0.0325096
         265     1.02265     1.17792   0.0323923
         266     1.02423     1.17734   0.0322756
         267     1.02585     1.17678   0.0321597
         268     1.02751     1.17622   0.0320446
         269      1.0292     1.17567   0.0319301
         270     1.03093     1.17514   0.0318163
         271      1.0327     1.17461   0.0317033
         272      1.0345      1.1741   0.0315909
         273     1.03635     1.17359   0.0314792
         274     1.03823      1.1731   0.0313682
         275     1.04015     1.17261   0.0312579
         276     1.04211     1.17214   0.0311482
         277      1.0441     1.17168   0.0310392
         278     1.04614     1.17123   0.0309308
         279     1.04821     1.17079   0.0308231
         280     1.05031     1.17036    0.030716
         281     1.05246     1.16994   0.0306096
         282     1.05464     1.16953   0.0305037
         283     1.05685     1.16913   0.0303985
         284      1.0591     1.16874    0.030294
         285     1.06138     1.16837     0.03019
         286     1.06369       1.168   0.0300867
         287     1.06603     1.16764    0.029984
         288     1.06841      1.1673   0.0298818
         289     1.07081     1.16697   0.0297803
         290     1.07324     1.16664   0.0296794
         291      1.0757     1.16633    0.029579
         292     1.07818     1.16603   0.0294792
         293     1.08069     1.16574   0.0293801
         294     1.08322     1.16546   0.0292815
         295     1.08577     1.16519   0.0291835
         296     1.08835     1.16493    0.029086
         297     1.09094     1.16468   0.0289892
         298     1.09355     1.16444   0.0288929
         299     1.09617     1.16421   0.0287971
         300     1.09881     1.16399    0.028702
         301     1.10146     1.16379   0.0286074
         302     1.10412     1.16359   0.0285133
         303     1.10679      1.1634   0.0284198
         304     1.10947     1.16322   0.0283269
         305     1.11216     1.16306   0.0282345
         306     1.11484      1.1629   0.0281427
         307     1.11753     1.16275   0.0280514
         308     1.12023     1.16261   0.0279607
         309     1.12292     1.16248   0.0278705
         310     1.12561     1.16236   0.0277808
         311     1.12829     1.16225   0.0276917
         312     1.13097     1.16215   0.0276032
         313     1.13364     1.16206   0.0275151
         314     1.13631     1.16198   0.0274276
         315     1.13896     1.16191   0.0273406
         316      1.1416     1.16184   0.0272542
         317     1.14423     1.16179   0.0271683
         318     1.14684     1.16174   0.0270829
         319     1.14943      1.1617    0.026998
         320     1.15201     1.16167   0.0269137
         321     1.15457     1.16165   0.0268298
         322     1.15711     1.16164   0.0267465
         323     1.15962     1.16163   0.0266637
         324     1.16211     1.16163   0.0265814
         325     1.16457     1.16164   0.0264996
         326     1.16701     1.16166   0.0264183
         327     1.16942     1.16168   0.0263375
         328     1.17179     1.16171   0.0262573
         329     1.17414     1.16175   0.0261775
         330     1.17645     1.16179   0.0260982
         331     1.17873     1.16185   0.0260194
         332     1.18097      1.1619   0.0259411
         333     1.18318     1.16197   0.0258633
         334     1.18534     1.16204   0.0257859
         335     1.18747     1.16211   0.0257091
         336     1.18955     1.16219   0.0256327
         337      1.1916     1.16228   0.0255568
         338      1.1936     1.16237   0.0254813
         339     1.19555     1.16247   0.0254063
         340     1.19746     1.16258   0.0253318
         341     1.19933     1.16268   0.0252578
         342     1.20115      1.1628   0.0251842
         343     1.20292     1.16291    0.025111
         344     1.20464     1.16303   0.0250383
         345     1.20631     1.16316   0.0249661
         346     1.20793     1.16329   0.0248942
         347      1.2095     1.16342   0.0248229
         348     1.21102     1.16356   0.0247519
         349     1.21248      1.1637   0.0246814
         350      1.2139     1.16384   0.0246113
         351     1.21526     1.16399   0.0245416
         352     1.21656     1.16414   0.0244723
         353     1.21782     1.16429   0.0244035
         354     1.21901     1.16444    0.024335
         355     1.22016      1.1646    0.024267
         356     1.22125     1.16476   0.0241993
         357     1.22228     1.16492   0.0241321
         358     1.22325     1.16508   0.0240652
         359     1.22417     1.16525   0.0239988
         360     1.22504     1.16542   0.0239327
         361     1.22585     1.16558    0.023867
         362     1.22661     1.16575   0.0238016
         363     1.22731     1.16592   0.0237367
         364     1.22795     1.16609   0.0236721
         365     1.22854     1.16626   0.0236078
         366     1.22907     1.16643   0.0235439
         367     1.22955     1.16661   0.0234804
         368     1.22998     1.16678   0.0234172
         369     1.23035     1.16695   0.0233544
         370     1.23067     1.16712   0.0232919
         371     1.23094     1.16729   0.0232298
         372     1.23116     1.16747    0.023168
         373     1.23133     1.16764   0.0231065
         374     1.23144     1.16781   0.0230453
         375     1.23151     1.16798   0.0229845
         376     1.23152     1.16815    0.022924
         377     1.23149     1.16832   0.0228638
         378     1.23141     1.16848   0.0228039
         379     1.23129     1.16865   0.0227444
         380     1.23112     1.16881   0.0226851
         381      1.2309     1.16898   0.0226262
         382     1.23064     1.16914   0.0225675
         383     1.23033      1.1693   0.0225091
         384     1.22998     1.16945   0.0224511
         385     1.22958     1.16961   0.0223933
         386     1.22915     1.16976   0.0223358
         387     1.22867     1.16992   0.0222786
         388     1.22815     1.17007   0.0222217
         389     1.22759     1.17021   0.0221651
         390     1.22699     1.17036   0.0221087
         391     1.22635      1.1705   0.0220526
         392     1.22567     1.17064   0.0219968
         393     1.22495     1.17078   0.0219413
         394      1.2242     1.17092    0.021886
         395     1.22341     1.17105    0.021831
         396     1.22258     1.17118   0.0217763
         397     1.22172     1.17131   0.0217218
         398     1.22082     1.17143   0.0216676
         399     1.21989     1.17155   0.0216136
         400     1.21892     1.17167   0.0215599
         401     1.21792     1.17179   0.0215065
         402     1.21689      1.1719   0.0214533
         403     1.21583     1.17201   0.0214003
         404     1.21473     1.17211   0.0213476
         405     1.21361     1.17222   0.0212951
         406     1.21245     1.17232   0.0212429
         407     1.21126     1.17241   0.0211909
         408     1.21005      1.1725   0.0211392
         409      1.2088     1.17259   0.0210877
         410     1.20753     1.17268   0.0210364
         411     1.20623     1.17276   0.0209854
         412      1.2049     1.17284   0.0209346
         413     1.20355     1.17291   0.0208841
         414     1.20218     1.17298   0.0208337
         415     1.20078     1.17305   0.0207836
         416     1.19935     1.17311   0.0207338
         417      1.1979     1.17317   0.0206841
         418     1.19643     1.17323   0.0206347
         419     1.19494     1.17328   0.0205855
         420     1.19342     1.17333   0.0205366
         421     1.19188     1.17337   0.0204878
         422     1.19032     1.17341   0.0204393
         423     1.18874     1.17345   0.0203911
         424     1.18714     1.17348    0.020343
         425     1.18551     1.17351   0.0202951
         426     1.18387     1.17353   0.0202475
         427     1.18221     1.17355   0.0202001
         428     1.18053     1.17357   0.0201529
         429     1.17883     1.17358   0.0201059
         430     1.17713     1.17359   0.0200592
         431      1.1754     1.17359   0.0200126
         432     1.17367     1.17359   0.0199663
         433     1.17191     1.17359   0.0199202
         434     1.17015     1.17358   0.0198743
         435     1.16837     1.17357   0.0198286
         436     1.16658     1.17356   0.0197832
         437     1.16478     1.17354   0.0197379
         438     1.16298     1.17351   0.0196928
         439     1.16116     1.17348    0.019648
         440     1.15934     1.17345   0.0196034
         441     1.15751     1.17341    0.019559
         442     1.15568     1.17337   0.0195147
         443     1.15385     1.17333   0.0194707
         444     1.15201     1.17328    0.019427
         445     1.15016     1.17323   0.0193834
         446     1.14832     1.17317     0.01934
         447     1.14648     1.17311   0.0192968
         448     1.14464     1.17305   0.0192538
         449     1.14281     1.17298   0.0192111
         450     1.14098     1.17291   0.0191685
         451     1.13916     1.17284   0.0191262
         452     1.13735     1.17276    0.019084
         453     1.13554     1.17268   0.0190421
         454     1.13374     1.17259   0.0190003
         455     1.13196      1.1725   0.0189588
         456     1.13019     1.17241   0.0189174
         457     1.12843     1.17231   0.0188763
         458     1.12669     1.17221   0.0188353
         459     1.12497     1.17211   0.0187946
         460     1.12327       1.172    0.018754
         461     1.12158      1.1719   0.0187136
         462     1.11993     1.17178   0.0186735
         463     1.11829     1.17167   0.0186335
         464     1.11667     1.17155   0.0185937
         465     1.11508     1.17143   0.0185541
         466     1.11352      1.1713   0.0185147
         467     1.11199     1.17118   0.0184755
         468     1.11048     1.17105   0.0184365
         469     1.10901     1.17091   0.0183977
         470     1.10757     1.17078    0.018359
         471     1.10616     1.17064   0.0183205
         472     1.10479      1.1705   0.0182823
         473     1.10345     1.17036   0.0182442
         474     1.10215     1.17022   0.0182062
         475     1.10089     1.17007   0.0181685
         476     1.09966     1.16992   0.0181309
         477     1.09848     1.16977   0.0180935
         478     1.09733     1.16962   0.0180563
         479     1.09623     1.16947   0.0180193
         480     1.09517     1.16931   0.0179824
         481     1.09415     1.16916   0.0179457
         482     1.09318       1.169   0.0179091
         483     1.09225     1.16884   0.0178728
         484     1.09137     1.16868   0.0178366
         485     1.09053     1.16852   0.0178005
         486     1.08974     1.16836   0.0177646
         487       1.089     1.16819   0.0177289
         488     1.08831     1.16803   0.0176933
         489     1.08766     1.16787   0.0176579
         490     1.08706      1.1677   0.0176226
         491     1.08651     1.16754   0.0175875
         492     1.08601     1.16737   0.0175525
         493     1.08556      1.1672   0.0175177
         494     1.08516     1.16704   0.0174831
         495     1.08481     1.16687   0.0174485
         496     1.08451     1.16671   0.0174141
         497     1.08426     1.16654   0.0173799
         498     1.08406     1.16637   0.0173458
         499     1.08392     1.16621   0.0173118
         500     1.08383     1.16604    0.017278
         501     1.08379     1.16588   0.0172443
         502     1.08381     1.16572   0.0172107
         503     1.08388     1.16555   0.0171772
         504       1.084     1.16539   0.0171439
         505     1.08417     1.16523   0.0171107
         506      1.0844     1.16507   0.0170777
         507     1.08468     1.16491   0.0170447
         508     1.08502     1.16476   0.0170119
         509     1.08541      1.1646   0.0169792
         510     1.08585     1.16445   0.0169466
         511     1.08635     1.16429   0.0169141
         512      1.0869     1.16414   0.0168817
         513     1.08752     1.16399   0.0168495
         514     1.08818     1.16384   0.0168174
         515     1.08891      1.1637   0.0167853
         516     1.08969     1.16356   0.0167534
         517     1.09052     1.16341   0.0167216
         518     1.09142     1.16328   0.0166899
         519     1.09236     1.16314   0.0166583
         520     1.09337       1.163   0.0166268
         521     1.09442     1.16287   0.0165954
         522     1.09554     1.16274   0.0165641
         523      1.0967     1.16262   0.0165329
         524     1.09792     1.16249   0.0165019
         525     1.09919     1.16237   0.0164709
         526     1.10051     1.16226     0.01644
         527     1.10189     1.16214   0.0164092
         528     1.10331     1.16203   0.0163785
         529     1.10479     1.16192   0.0163479
         530     1.10632     1.16182   0.0163174
         531     1.10789     1.16172   0.0162869
         532     1.10951     1.16162   0.0162566
         533     1.11119     1.16152   0.0162264
         534      1.1129     1.16143   0.0161963
         535     1.11466     1.16134   0.0161662
         536     1.11647     1.16126   0.0161363
         537     1.11831     1.16118   0.0161064
         538     1.12019      1.1611   0.0160767
         539     1.12211     1.16103    0.016047
         540     1.12407     1.16096   0.0160174
         541     1.12605      1.1609    0.015988
         542     1.12807     1.16084   0.0159586
         543     1.13012     1.16078   0.0159293
         544     1.13219     1.16073   0.0159001
         545     1.13428     1.16068    0.015871
         546      1.1364     1.16064    0.015842
         547     1.13855      1.1606   0.0158131
         548      1.1407     1.16056   0.0157843
         549     1.14287     1.16053   0.0157556
         550     1.14506      1.1605   0.0157269
         551     1.14725     1.16048   0.0156984
         552     1.14944     1.16046     0.01567
         553     1.15164     1.16044   0.0156417
         554     1.15384     1.16043   0.0156134
         555     1.15603     1.16042   0.0155853
         556     1.15823     1.16042   0.0155573
         557     1.16041     1.16042   0.0155293
         558     1.16258     1.16042   0.0155015
         559     1.16475     1.16043   0.0154738
         560     1.16689     1.16044   0.0154461
         561     1.16902     1.16045   0.0154186
         562     1.17112     1.16047   0.0153912
         563     1.17321      1.1605   0.0153639
         564     1.17527     1.16052   0.0153367
         565      1.1773     1.16055   0.0153095
         566     1.17929     1.16058   0.0152825
         567     1.18126     1.16062   0.0152556
         568     1.18319     1.16066   0.0152288
         569     1.18509      1.1607   0.0152021
         570     1.18695     1.16075   0.0151755
         571     1.18877      1.1608    0.015149
         572     1.19055     1.16085   0.0151226
         573     1.19228     1.16091   0.0150963
         574     1.19398     1.16096   0.0150701
         575     1.19563     1.16102    0.015044
         576     1.19724     1.16109   0.0150181
         577     1.19879     1.16115   0.0149922
         578     1.20031     1.16122   0.0149664
         579     1.20177     1.16129   0.0149407
         580     1.20319     1.16136   0.0149151
         581     1.20456     1.16144   0.0148896
         582     1.20589     1.16151   0.0148642
         583     1.20716     1.16159    0.014839
         584     1.20839     1.16167   0.0148138
         585     1.20957     1.16175   0.0147887
         586     1.21071     1.16184   0.0147637
         587     1.21181     1.16192   0.0147388
         588     1.21285     1.16201   0.0147139
         589     1.21386      1.1621   0.0146892
         590     1.21481     1.16219   0.0146646
         591     1.21573     1.16228   0.0146401
         592      1.2166     1.16237   0.0146156
         593     1.21743     1.16246   0.0145913
         594     1.21823     1.16255    0.014567
         595     1.21898     1.16265   0.0145428
         596      1.2197     1.16275   0.0145188
         597     1.22039     1.16284   0.0144948
         598     1.22104     1.16294   0.0144708
         599     1.22166     1.16304    0.014447
         600     1.22225     1.16314   0.0144233
         601     1.22282     1.16324   0.0143996
         602     1.22336     1.16334    0.014376
         603     1.22387     1.16344   0.0143526
         604     1.22436     1.16354   0.0143291
         605     1.22483     1.16364   0.0143058
         606     1.22527     1.16374   0.0142826
         607     1.22571     1.16384   0.0142594
         608     1.22612     1.16394   0.0142363
         609     1.22652     1.16405   0.0142133
         610     1.22691     1.16415   0.0141904
         611     1.22729     1.16425   0.0141675
         612     1.22765     1.16436   0.0141448
         613     1.22801     1.16446   0.0141221
         614     1.22836     1.16456   0.0140995
         615      1.2287     1.16467   0.0140769
         616     1.22904     1.16477   0.0140545
         617     1.22938     1.16488   0.0140321
         618     1.22972     1.16498   0.0140098
         619     1.23005     1.16509   0.0139875
         620     1.23039     1.16519   0.0139654
         621     1.23073      1.1653   0.0139433
         622     1.23107      1.1654   0.0139212
         623     1.23142     1.16551   0.0138993
         624     1.23177     1.16562   0.0138774
         625     1.23213     1.16572   0.0138556
         626     1.23249     1.16583   0.0138339
         627     1.23287     1.16594   0.0138123
         628     1.23326     1.16604   0.0137907
         629     1.23365     1.16615   0.0137692
         630     1.23406     1.16626   0.0137477
         631     1.23448     1.16637   0.0137264
         632     1.23492     1.16648   0.0137051
         633     1.23537     1.16658   0.0136839
         634     1.23583     1.16669   0.0136627
         635     1.23631      1.1668   0.0136417
         636      1.2368     1.16691   0.0136206
         637     1.23732     1.16702   0.0135997
         638     1.23784     1.16714   0.0135789
         639     1.23839     1.16725   0.0135581
         640     1.23895     1.16736   0.0135373
         641     1.23953     1.16747   0.0135167
         642     1.24013     1.16758   0.0134961
         643     1.24075      1.1677   0.0134756
         644     1.24138     1.16781   0.0134552
         645     1.24204     1.16793   0.0134348
         646     1.24271     1.16804   0.0134145
         647      1.2434     1.16816   0.0133943
         648     1.24411     1.16828   0.0133741
         649     1.24484      1.1684    0.013354
         650     1.24559     1.16851    0.013334
         651     1.24635     1.16863   0.0133141
         652     1.24713     1.16875   0.0132942
         653     1.24793     1.16888   0.0132744
         654     1.24874       1.169   0.0132546
         655     1.24957     1.16912    0.013235
         656     1.25041     1.16924   0.0132154
         657     1.25127     1.16937   0.0131959
         658     1.25214      1.1695   0.0131764
         659     1.25302     1.16962    0.013157
         660     1.25391     1.16975   0.0131377
         661     1.25482     1.16988   0.0131185
         662     1.25573     1.17001   0.0130993
         663     1.25665     1.17014   0.0130802
         664     1.25758     1.17027   0.0130611
         665     1.25851      1.1704   0.0130422
         666     1.25944     1.17054   0.0130233
         667     1.26037     1.17067   0.0130044
         668     1.26131     1.17081   0.0129857
         669     1.26225     1.17094    0.012967
         670     1.26318     1.17108   0.0129484
         671     1.26411     1.17122   0.0129298
         672     1.26503     1.17136   0.0129113
         673     1.26595      1.1715   0.0128929
         674     1.26686     1.17164   0.0128746
         675     1.26775     1.17178   0.0128563
         676     1.26864     1.17193    0.012838
         677     1.26951     1.17207   0.0128199
         678     1.27036     1.17222   0.0128018
         679      1.2712     1.17236   0.0127838
         680     1.27202     1.17251   0.0127658
         681     1.27282     1.17266   0.0127479
         682      1.2736      1.1728   0.0127301
         683     1.27436     1.17295   0.0127123
         684     1.27508      1.1731   0.0126946
         685     1.27579     1.17325    0.012677
         686     1.27646      1.1734   0.0126594
         687     1.27711     1.17355   0.0126419
         688     1.27773      1.1737   0.0126244
         689     1.27832     1.17386    0.012607
         690     1.27887     1.17401   0.0125896
         691     1.27939     1.17416   0.0125723
         692     1.27988     1.17431   0.0125551
         693     1.28033     1.17447   0.0125379
         694     1.28075     1.17462   0.0125208
         695     1.28113     1.17477   0.0125037
         696     1.28147     1.17493   0.0124867
         697     1.28177     1.17508   0.0124697
         698     1.28204     1.17523   0.0124528
         699     1.28227     1.17539   0.0124359
         700     1.28245     1.17554   0.0124191
         701      1.2826     1.17569   0.0124023
         702      1.2827     1.17584   0.0123856
         703     1.28276       1.176   0.0123689
         704     1.28278     1.17615   0.0123522
         705     1.28276      1.1763   0.0123356
         706      1.2827     1.17645   0.0123191
         707     1.28259      1.1766   0.0123026
         708     1.28245     1.17675   0.0122861
         709     1.28226      1.1769   0.0122697
         710     1.28203     1.17705   0.0122533
         711     1.28176     1.17719    0.012237
         712     1.28144     1.17734   0.0122206
         713     1.28108     1.17749   0.0122044
         714     1.28069     1.17763   0.0121881
         715     1.28025     1.17777   0.0121719
         716     1.27977     1.17792   0.0121558
         717     1.27925     1.17806   0.0121396
         718     1.27869      1.1782   0.0121235
         719     1.27809     1.17834   0.0121075
         720     1.27746     1.17847   0.0120914
         721     1.27678     1.17861   0.0120754
         722     1.27607     1.17875   0.0120595
         723     1.27532     1.17888   0.0120435
         724     1.27453     1.17901   0.0120276
         725     1.27371     1.17914   0.0120117
         726     1.27286     1.17927   0.0119959
         727     1.27197      1.1794   0.0119801
         728     1.27104     1.17952   0.0119643
         729     1.27009     1.17965   0.0119485
         730      1.2691     1.17977   0.0119328
         731     1.26808     1.17989    0.011917
         732     1.26702     1.18001   0.0119014
         733     1.26594     1.18013   0.0118857
         734     1.26483     1.18024   0.0118701
         735     1.26369     1.18036   0.0118545
         736     1.26252     1.18047   0.0118389
         737     1.26133     1.18058   0.0118233
         738     1.26011     1.18069   0.0118078
         739     1.25887     1.18079   0.0117923
         740      1.2576      1.1809   0.0117768
         741     1.25631       1.181   0.0117614
         742       1.255      1.1811   0.0117459
         743     1.25367      1.1812   0.0117305
         744     1.25231     1.18129   0.0117151
         745     1.25094     1.18138   0.0116998
         746     1.24955     1.18148   0.0116845
         747     1.24815     1.18157   0.0116692
         748     1.24673     1.18165   0.0116539
         749      1.2453     1.18174   0.0116386
         750     1.24386     1.18182   0.0116234
         751     1.24241      1.1819   0.0116082
         752     1.24095     1.18198   0.0115931
         753     1.23949     1.18206   0.0115779
         754     1.23802     1.18213   0.0115628
         755     1.23655      1.1822   0.0115477
         756     1.23508     1.18227   0.0115326
         757     1.23362     1.18234   0.0115176
         758     1.23215     1.18241   0.0115026
         759     1.23069     1.18247   0.0114876
         760     1.22923     1.18253   0.0114727
         761     1.22779     1.18259   0.0114577
         762     1.22635     1.18265   0.0114429
         763     1.22493      1.1827    0.011428
         764     1.22352     1.18276   0.0114132
         765     1.22213     1.18281   0.0113984
         766     1.22075     1.18286   0.0113836
         767     1.21939      1.1829   0.0113688
         768     1.21806     1.18295   0.0113541
         769     1.21675     1.18299   0.0113394
         770     1.21546     1.18304   0.0113248
         771      1.2142     1.18308   0.0113102
         772     1.21297     1.18312   0.0112956
         773     1.21177     1.18315    0.011281
         774      1.2106     1.18319   0.0112665
         775     1.20947     1.18322    0.011252
         776     1.20837     1.18325   0.0112376
         777     1.20731     1.18329   0.0112232
         778     1.20628     1.18332   0.0112088
         779      1.2053     1.18334   0.0111944
         780     1.20436     1.18337   0.0111801
         781     1.20345      1.1834   0.0111658
         782     1.20259     1.18342   0.0111516
         783     1.20178     1.18344   0.0111374
         784       1.201     1.18347   0.0111232
         785     1.20027     1.18349    0.011109
         786     1.19959     1.18351   0.0110949
         787     1.19895     1.18353   0.0110808
         788     1.19836     1.18355   0.0110668
         789     1.19782     1.18356   0.0110528
         790     1.19732     1.18358   0.0110388
         791     1.19686      1.1836   0.0110248
         792     1.19645     1.18362   0.0110109
         793     1.19609     1.18363   0.0109971
         794     1.19577     1.18365   0.0109832
         795      1.1955     1.18366   0.0109694
         796     1.19526     1.18368   0.0109556
         797     1.19508     1.18369   0.0109419
         798     1.19493      1.1837   0.0109282
         799     1.19483     1.18372   0.0109145
         800     1.19477     1.18373   0.0109009
         801     1.19474     1.18375   0.0108873
         802     1.19476     1.18376   0.0108737
         803     1.19481     1.18377   0.0108602
         804      1.1949     1.18379   0.0108467
         805     1.19503      1.1838   0.0108332
         806     1.19519     1.18382   0.0108198
         807     1.19539     1.18383   0.0108064
         808     1.19561     1.18384    0.010793
         809     1.19587     1.18386   0.0107797
         810     1.19616     1.18387   0.0107664
         811     1.19648     1.18389   0.0107532
         812     1.19683     1.18391   0.0107399
         813     1.19721     1.18392   0.0107267
         814     1.19761     1.18394   0.0107136
         815     1.19804     1.18396   0.0107004
         816      1.1985     1.18397   0.0106873
         817     1.19897     1.18399   0.0106743
         818     1.19948     1.18401   0.0106612
         819         1.2     1.18403   0.0106482
         820     1.20055     1.18405   0.0106353
         821     1.20112     1.18407   0.0106223
         822     1.20171     1.18409   0.0106094
         823     1.20233     1.18412   0.0105966
         824     1.20296     1.18414   0.0105837
         825     1.20361     1.18416   0.0105709
         826     1.20428     1.18419   0.0105582
         827     1.20497     1.18421   0.0105454
         828     1.20568     1.18424   0.0105327
         829      1.2064     1.18426     0.01052
         830     1.20714     1.18429   0.0105074
         831     1.20789     1.18432   0.0104948
         832     1.20866     1.18435   0.0104822
         833     1.20945     1.18438   0.0104697
         834     1.21025     1.18441   0.0104572
         835     1.21106     1.18444   0.0104447
         836     1.21188     1.18448   0.0104323
         837     1.21272     1.18451   0.0104199
         838     1.21357     1.18454   0.0104075
         839     1.21443     1.18458   0.0103951
         840     1.21529     1.18462   0.0103828
         841     1.21617     1.18465   0.0103705
         842     1.21705     1.18469   0.0103583
         843     1.21794     1.18473   0.0103461
         844     1.21883     1.18477   0.0103339
         845     1.21973     1.18481   0.0103218
         846     1.22063     1.18486   0.0103096
         847     1.22153      1.1849   0.0102976
         848     1.22243     1.18494   0.0102855
         849     1.22334     1.18499   0.0102735
         850     1.22424     1.18503   0.0102615
         851     1.22513     1.18508   0.0102496
         852     1.22602     1.18513   0.0102377
         853     1.22691     1.18518   0.0102258
         854     1.22778     1.18523   0.0102139
         855     1.22865     1.18528   0.0102021
         856     1.22952     1.18533   0.0101903
         857     1.23036     1.18538   0.0101786
         858      1.2312     1.18544   0.0101668
         859     1.23202     1.18549   0.0101551
         860     1.23282     1.18555   0.0101435
         861      1.2336      1.1856   0.0101319
         862     1.23436     1.18566   0.0101203
         863      1.2351     1.18572   0.0101087
         864     1.23581     1.18577   0.0100972
         865     1.23649     1.18583   0.0100857
         866     1.23715     1.18589   0.0100742
         867     1.23777     1.18595   0.0100627
         868     1.23836     1.18601   0.0100513
         869     1.23892     1.18607   0.0100399
         870     1.23944     1.18613   0.0100286
         871     1.23993      1.1862   0.0100173
         872     1.24037     1.18626    0.010006
         873     1.24077     1.18632  0.00999471
         874     1.24113     1.18638  0.00998347
         875     1.24145     1.18645  0.00997226
         876     1.24172     1.18651  0.00996108
         877     1.24193     1.18657  0.00994992
         878      1.2421     1.18664  0.00993879
         879     1.24222      1.1867  0.00992768
         880     1.24229     1.18676   0.0099166
         881      1.2423     1.18682  0.00990554
         882     1.24226     1.18689  0.00989451
         883     1.24215     1.18695  0.00988351
         884       1.242     1.18701  0.00987252
         885     1.24178     1.18707  0.00986156
         886     1.24151     1.18714  0.00985062
         887     1.24117      1.1872   0.0098397
         888     1.24078     1.18726  0.00982881
         889     1.24033     1.18732  0.00981793
         890     1.23982     1.18738  0.00980708
         891     1.23925     1.18743  0.00979624
         892     1.23862     1.18749  0.00978543
         893     1.23794     1.18755  0.00977464
         894     1.23719      1.1876  0.00976386
         895     1.23638     1.18766   0.0097531
         896     1.23552     1.18771  0.00974236
         897      1.2346     1.18776  0.00973164
         898     1.23362     1.18781  0.00972094
         899     1.23259     1.18786  0.00971025
         900      1.2315     1.18791  0.00969959
         901     1.23036     1.18796  0.00968894
         902     1.22918     1.18801   0.0096783
         903     1.22795     1.18805  0.00966768
         904     1.22667     1.18809  0.00965708
         905     1.22535     1.18813   0.0096465
         906     1.22398     1.18817  0.00963594
         907     1.22258     1.18821  0.00962539
         908     1.22114     1.18825  0.00961485
         909     1.21967     1.18828  0.00960434
         910     1.21817     1.18832  0.00959384
         911     1.21664     1.18835  0.00958336
         912     1.21508     1.18838   0.0095729
         913     1.21351      1.1884  0.00956245
         914     1.21191     1.18843  0.00955202
         915      1.2103     1.18845  0.00954161
         916     1.20868     1.18847  0.00953122
         917     1.20705     1.18849  0.00952085
         918     1.20542     1.18851   0.0095105
         919     1.20378     1.18853  0.00950016
         920     1.20215     1.18854  0.00948985
         921     1.20052     1.18856  0.00947955
         922      1.1989     1.18857  0.00946928
         923      1.1973     1.18858  0.00945902
         924     1.19571     1.18859  0.00944879
         925     1.19414     1.18859  0.00943858
         926      1.1926      1.1886  0.00942838
         927     1.19109      1.1886  0.00941821
         928      1.1896      1.1886  0.00940807
         929     1.18815      1.1886  0.00939794
         930     1.18674      1.1886  0.00938783
         931     1.18537     1.18859  0.00937775
         932     1.18404     1.18859  0.00936769
         933     1.18276     1.18858  0.00935765
         934     1.18152     1.18858  0.00934764
         935     1.18034     1.18857  0.00933764
         936     1.17922     1.18856  0.00932767
         937     1.17815     1.18855  0.00931772
         938     1.17714     1.18853   0.0093078
         939     1.17619     1.18852  0.00929789
         940     1.17531     1.18851  0.00928801
         941     1.17449     1.18849  0.00927816
         942     1.17373     1.18848  0.00926832
         943     1.17305     1.18846   0.0092585
         944     1.17243     1.18844  0.00924871
         945     1.17188     1.18843  0.00923894
         946     1.17141     1.18841  0.00922919
         947       1.171     1.18839  0.00921947
         948     1.17067     1.18837  0.00920976
         949     1.17041     1.18835  0.00920007
         950     1.17022     1.18833  0.00919041
         951      1.1701     1.18831  0.00918077
         952     1.17005     1.18829  0.00917114
         953     1.17008     1.18827  0.00916154
         954     1.17017     1.18826  0.00915196
         955     1.17032     1.18824  0.00914239
         956     1.17055     1.18822  0.00913285
         957     1.17084      1.1882  0.00912332
         958     1.17119     1.18818  0.00911382
         959     1.17161     1.18817  0.00910433
         960     1.17208     1.18815  0.00909486
         961     1.17261     1.18813  0.00908541
         962     1.17319     1.18812  0.00907598
         963     1.17383      1.1881  0.00906657
         964     1.17452     1.18809  0.00905717
         965     1.17525     1.18807   0.0090478
         966     1.17602     1.18806  0.00903844
         967     1.17684     1.18805   0.0090291
         968     1.17769     1.18804  0.00901978
         969     1.17858     1.18803  0.00901048
         970      1.1795     1.18802  0.00900119
         971     1.18045     1.18801  0.00899192
         972     1.18142     1.18801  0.00898268
         973     1.18241       1.188  0.00897345
         974     1.18342       1.188  0.00896423
         975     1.18444     1.18799  0.00895504
         976     1.18547     1.18799  0.00894587
         977     1.18651     1.18799  0.00893671
         978     1.18754     1.18799  0.00892757
         979     1.18857     1.18799  0.00891845
         980      1.1896     1.18799  0.00890935
         981     1.19062     1.18799  0.00890027
         982     1.19162       1.188  0.00889121
         983      1.1926       1.188  0.00888216
         984     1.19355     1.18801  0.00887314
         985     1.19449     1.18801  0.00886413
         986     1.19539     1.18802  0.00885515
         987     1.19626     1.18803  0.00884618
         988     1.19709     1.18804  0.00883723
         989     1.19787     1.18805   0.0088283
         990     1.19862     1.18806  0.00881939
         991     1.19931     1.18807   0.0088105
         992     1.19995     1.18808  0.00880162
         993     1.20054     1.18809  0.00879277
         994     1.20107     1.18811  0.00878393
         995     1.20154     1.18812  0.00877512
         996     1.20195     1.18814  0.00876632
         997     1.20229     1.18815  0.00875753
         998     1.20256     1.18816  0.00874877
         999     1.20276     1.18818  0.00874003
        1000     1.20289     1.18819   0.0087313
        1001     1.20294     1.18821  0.00872259
        1002     1.20292     1.18822   0.0087139
        1003     1.20282     1.18824  0.00870522
        1004     1.20264     1.18825  0.00869656
        1005     1.20237     1.18827  0.00868792
        1006     1.20203     1.18828  0.00867929
        1007     1.20161     1.18829  0.00867069
        1008      1.2011     1.18831  0.00866209
        1009     1.20051     1.18832  0.00865352
        1010     1.19984     1.18833  0.00864496
        1011     1.19908     1.18834  0.00863641
        1012     1.19824     1.18835  0.00862788
        1013     1.19733     1.18836  0.00861937
        1014     1.19633     1.18837  0.00861087
        1015     1.19526     1.18837  0.00860239
        1016     1.19411     1.18838  0.00859393
        1017     1.19288     1.18838  0.00858548
        1018     1.19158     1.18839  0.00857705
        1019     1.19021     1.18839  0.00856863
        1020     1.18877     1.18839  0.00856023
        1021     1.18726     1.18839  0.00855184
        1022     1.18569     1.18838  0.00854348
        1023     1.18406     1.18838  0.00853513
        1024     1.18238     1.18837  0.00852679
        1025     1.18064     1.18837  0.00851848
        1026     1.17885     1.18836  0.00851018
        1027     1.17702     1.18835   0.0085019
        1028     1.17514     1.18833  0.00849364
        1029     1.17323     1.18832   0.0084854
        1030     1.17129      1.1883  0.00847718
        1031     1.16932     1.18828  0.00846897
        1032     1.16733     1.18826  0.00846079
        1033     1.16532     1.18824  0.00845263
        1034      1.1633     1.18822  0.00844449
        1035     1.16128     1.18819  0.00843637
        1036     1.15925     1.18816  0.00842827
        1037     1.15723     1.18813   0.0084202
        1038     1.15521      1.1881  0.00841215
        1039     1.15322     1.18807  0.00840412
        1040     1.15124     1.18803  0.00839611
        1041     1.14929       1.188  0.00838813
        1042     1.14738     1.18796  0.00838017
        1043      1.1455     1.18792  0.00837223
        1044     1.14366     1.18787  0.00836432
        1045     1.14188     1.18783  0.00835643
        1046     1.14015     1.18778  0.00834857
        1047     1.13848     1.18774  0.00834073
        1048     1.13687     1.18769  0.00833291
        1049     1.13533     1.18764  0.00832512
        1050     1.13387     1.18759  0.00831734
        1051     1.13249     1.18753   0.0083096
        1052     1.13119     1.18748  0.00830187
        1053     1.12999     1.18743  0.00829417
        1054     1.12887     1.18737  0.00828648
        1055     1.12785     1.18731  0.00827882
        1056     1.12694     1.18726  0.00827118
        1057     1.12613      1.1872  0.00826355
        1058     1.12543     1.18714  0.00825595
        1059     1.12484     1.18708  0.00824836
        1060     1.12436     1.18702  0.00824079
        1061     1.12399     1.18696  0.00823324
        1062     1.12374      1.1869   0.0082257
        1063      1.1236     1.18684  0.00821818
        1064     1.12359     1.18679  0.00821067
        1065      1.1237     1.18673  0.00820318
        1066     1.12392     1.18667  0.00819569
        1067     1.12427     1.18661  0.00818822
        1068     1.12474     1.18655  0.00818076
        1069     1.12532     1.18649  0.00817331
        1070     1.12603     1.18644  0.00816586
        1071     1.12685     1.18638  0.00815843
        1072      1.1278     1.18633    0.008151
        1073     1.12885     1.18627  0.00814358
        1074     1.13002     1.18622  0.00813617
        1075      1.1313     1.18617  0.00812876
        1076     1.13269     1.18612  0.00812136
        1077     1.13418     1.18607  0.00811396
        1078     1.13578     1.18602  0.00810657
        1079     1.13748     1.18598  0.00809918
        1080     1.13928     1.18594  0.00809179
        1081     1.14117      1.1859  0.00808441
        1082     1.14315     1.18586  0.00807704
        1083     1.14522     1.18582  0.00806967
        1084     1.14737     1.18578   0.0080623
        1085      1.1496     1.18575  0.00805494
        1086     1.15191     1.18572  0.00804758
        1087     1.15428     1.18569  0.00804023
        1088     1.15673     1.18566  0.00803289
        1089     1.15923     1.18564  0.00802555
        1090      1.1618     1.18562  0.00801821
        1091     1.16442      1.1856  0.00801089
        1092     1.16709     1.18558  0.00800357
        1093     1.16981     1.18557  0.00799626
        1094     1.17257     1.18555  0.00798896
        1095     1.17536     1.18554  0.00798167
        1096     1.17819     1.18554  0.00797439
        1097     1.18105     1.18553  0.00796712
        1098     1.18393     1.18553  0.00795986
        1099     1.18683     1.18553  0.00795262
        1100     1.18974     1.18554  0.00794539
        1101     1.19267     1.18554  0.00793818
        1102      1.1956     1.18555  0.00793098
        1103     1.19853     1.18556   0.0079238
        1104     1.20146     1.18558  0.00791664
        1105     1.20439      1.1856  0.00790949
        1106     1.20731     1.18562  0.00790236
        1107     1.21021     1.18564  0.00789525
        1108     1.21309     1.18566  0.00788817
        1109     1.21595     1.18569   0.0078811
        1110     1.21878     1.18572  0.00787406
        1111     1.22159     1.18575  0.00786704
        1112     1.22435     1.18579  0.00786004
        1113     1.22708     1.18582  0.00785306
        1114     1.22976     1.18586  0.00784611
        1115      1.2324     1.18591  0.00783919
        1116     1.23498     1.18595  0.00783229
        1117     1.23752       1.186  0.00782541
        1118     1.23999     1.18604  0.00781856
        1119     1.24241     1.18609  0.00781174
        1120     1.24476     1.18615  0.00780494
        1121     1.24705      1.1862  0.00779816
        1122     1.24926     1.18626  0.00779142
        1123     1.25141     1.18631  0.00778469
        1124     1.25347     1.18637    0.007778
        1125     1.25546     1.18644  0.00777133
        1126     1.25737      1.1865  0.00776468
        1127     1.25919     1.18656  0.00775806
        1128     1.26092     1.18663  0.00775146
        1129     1.26257      1.1867  0.00774489
        1130     1.26412     1.18677  0.00773834
        1131     1.26558     1.18683  0.00773181
        1132     1.26695     1.18691   0.0077253
        1133     1.26822     1.18698  0.00771882
        1134      1.2694     1.18705  0.00771235
        1135     1.27047     1.18712  0.00770591
        1136     1.27145      1.1872  0.00769948
        1137     1.27232     1.18727  0.00769307
        1138     1.27309     1.18735  0.00768668
        1139     1.27375     1.18742  0.00768031
        1140     1.27431      1.1875  0.00767395
        1141     1.27477     1.18758   0.0076676
        1142     1.27512     1.18765  0.00766127
        1143     1.27536     1.18773  0.00765496
        1144      1.2755     1.18781  0.00764865
        1145     1.27554     1.18788  0.00764235
        1146     1.27547     1.18796  0.00763607
        1147     1.27529     1.18804  0.00762979
        1148     1.27501     1.18811  0.00762352
        1149     1.27463     1.18819  0.00761725
        1150     1.27414     1.18826    0.007611
        1151     1.27355     1.18834  0.00760475
        1152     1.27286     1.18841   0.0075985
        1153     1.27206     1.18848  0.00759225
        1154     1.27117     1.18855  0.00758601
        1155     1.27017     1.18862  0.00757977
        1156     1.26908     1.18869  0.00757354
        1157     1.26789     1.18876   0.0075673
        1158     1.26661     1.18883  0.00756106
        1159     1.26523      1.1889  0.00755483
        1160     1.26376     1.18896  0.00754859
        1161     1.26221     1.18902  0.00754235
        1162     1.26057     1.18908  0.00753611
        1163     1.25885     1.18914  0.00752987
        1164     1.25704      1.1892  0.00752363
        1165     1.25516     1.18926  0.00751738
        1166      1.2532     1.18931  0.00751114
        1167     1.25116     1.18937  0.00750489
        1168     1.24906     1.18942  0.00749864
        1169     1.24688     1.18947  0.00749238
        1170     1.24463     1.18951  0.00748613
        1171     1.24232     1.18956  0.00747987
        1172     1.23994      1.1896  0.00747361
        1173      1.2375     1.18964  0.00746735
        1174     1.23501     1.18968  0.00746109
        1175     1.23247     1.18972  0.00745483
        1176     1.22987     1.18975  0.00744857
        1177     1.22723     1.18978  0.00744231
        1178     1.22454     1.18981  0.00743605
        1179     1.22182     1.18984  0.00742979
        1180     1.21906     1.18987  0.00742354
        1181     1.21626     1.18989  0.00741728
        1182     1.21344     1.18991  0.00741104
        1183     1.21058     1.18993  0.00740479
        1184      1.2077     1.18994  0.00739855
        1185      1.2048     1.18995  0.00739232
        1186     1.20188     1.18996  0.00738609
        1187     1.19895     1.18997  0.00737988
        1188     1.19601     1.18998  0.00737367
        1189     1.19306     1.18998  0.00736746
        1190     1.19011     1.18998  0.00736127
        1191     1.18716     1.18998  0.00735509
        1192     1.18421     1.18997  0.00734892
        1193     1.18128     1.18996  0.00734277
        1194     1.17835     1.18995  0.00733662
        1195     1.17544     1.18994   0.0073305
        1196     1.17255     1.18993  0.00732438
        1197     1.16968     1.18991  0.00731828
        1198     1.16684     1.18989   0.0073122
        1199     1.16403     1.18987  0.00730613
        1200     1.16125     1.18985  0.00730008
        1201     1.15851     1.18982  0.00729405
        1202     1.15581     1.18979  0.00728804
        1203     1.15315     1.18976  0.00728204
        1204     1.15054     1.18973  0.00727607
        1205     1.14798     1.18969  0.00727011
        1206     1.14548     1.18966  0.00726417
        1207     1.14303     1.18962  0.00725826
        1208     1.14065     1.18958  0.00725236
        1209     1.13833     1.18954  0.00724649
        1210     1.13609     1.18949  0.00724063
        1211     1.13392     1.18945   0.0072348
        1212     1.13182      1.1894  0.00722899
        1213      1.1298     1.18935   0.0072232
        1214     1.12787      1.1893  0.00721742
        1215     1.12602     1.18925  0.00721167
        1216     1.12426     1.18919  0.00720594
        1217     1.12259     1.18914  0.00720022
        1218     1.12102     1.18908  0.00719453
        1219     1.11955     1.18903  0.00718885
        1220     1.11817     1.18897   0.0071832
        1221     1.11691     1.18891  0.00717756
        1222     1.11575     1.18885  0.00717193
        1223      1.1147     1.18879  0.00716632
        1224     1.11377     1.18873  0.00716073
        1225     1.11295     1.18866  0.00715515
        1226     1.11225      1.1886  0.00714959
        1227     1.11167     1.18854  0.00714404
        1228     1.11121     1.18848   0.0071385
        1229     1.11088     1.18841  0.00713297
        1230     1.11067     1.18835  0.00712745
        1231     1.11058     1.18829  0.00712194
        1232     1.11063     1.18822  0.00711644
        1233      1.1108     1.18816  0.00711094
        1234      1.1111      1.1881  0.00710545
        1235     1.11153     1.18804  0.00709997
        1236     1.11209     1.18798  0.00709449
        1237     1.11278     1.18791  0.00708902
        1238      1.1136     1.18785  0.00708355
        1239     1.11455      1.1878  0.00707808
        1240     1.11563     1.18774  0.00707261
        1241     1.11683     1.18768  0.00706714
        1242     1.11816     1.18762  0.00706167
        1243     1.11962     1.18757   0.0070562
        1244      1.1212     1.18752  0.00705073
        1245      1.1229     1.18746  0.00704526
        1246     1.12472     1.18741  0.00703978
        1247     1.12665     1.18737  0.00703431
        1248      1.1287     1.18732  0.00702883
        1249     1.13086     1.18727  0.00702334
        1250     1.13313     1.18723  0.00701786
        1251     1.13551     1.18719  0.00701237
        1252     1.13798     1.18715  0.00700688
        1253     1.14056     1.18711  0.00700139
        1254     1.14322     1.18708  0.00699589
        1255     1.14598     1.18704  0.00699039
        1256     1.14881     1.18701  0.00698489
        1257     1.15173     1.18699  0.00697939
        1258     1.15473     1.18696  0.00697389
        1259      1.1578     1.18694  0.00696839
        1260     1.16093     1.18692  0.00696289
        1261     1.16413      1.1869  0.00695739
        1262     1.16738     1.18688   0.0069519
        1263     1.17068     1.18687  0.00694641
        1264     1.17404     1.18686  0.00694092
        1265     1.17744     1.18685  0.00693543
        1266     1.18087     1.18685  0.00692996
        1267     1.18434     1.18685  0.00692449
        1268     1.18783     1.18685  0.00691903
        1269     1.19136     1.18685  0.00691358
        1270      1.1949     1.18686  0.00690814
        1271     1.19846     1.18687  0.00690271
        1272     1.20203     1.18688  0.00689729
        1273     1.20561     1.18689  0.00689189
        1274     1.20919     1.18691   0.0068865
        1275     1.21277     1.18693  0.00688113
        1276     1.21634     1.18695  0.00687578
        1277      1.2199     1.18698  0.00687044
        1278     1.22345     1.18701  0.00686512
        1279     1.22698     1.18704  0.00685983
        1280     1.23049     1.18707  0.00685455
        1281     1.23397     1.18711   0.0068493
        1282     1.23742     1.18715  0.00684407
        1283     1.24084     1.18719  0.00683886
        1284     1.24423     1.18723  0.00683368
        1285     1.24758     1.18728  0.00682852
        1286     1.25089     1.18733  0.00682339
        1287     1.25415     1.18738  0.00681829
        1288     1.25737     1.18744  0.00681321
        1289     1.26055     1.18749  0.00680816
        1290     1.26367     1.18755  0.00680314
        1291     1.26674     1.18761  0.00679815
        1292     1.26975     1.18768  0.00679318
        1293     1.27272     1.18774  0.00678825
        1294     1.27563     1.18781  0.00678334
        1295     1.27848     1.18788  0.00677846
        1296     1.28127     1.18795  0.00677362
        1297       1.284     1.18803   0.0067688
        1298     1.28667      1.1881  0.00676401
        1299     1.28928     1.18818  0.00675925
        1300     1.29183     1.18826  0.00675452
        1301     1.29432     1.18834  0.00674982
        1302     1.29674     1.18843  0.00674515
        1303     1.29909     1.18851  0.00674051
        1304     1.30138      1.1886   0.0067359
        1305     1.30361     1.18869  0.00673131
        1306     1.30577     1.18878  0.00672675
        1307     1.30786     1.18887  0.00672222
        1308     1.30989     1.18896  0.00671772
        1309     1.31186     1.18905  0.00671325
        1310     1.31375     1.18915   0.0067088
        1311     1.31558     1.18924  0.00670437
        1312     1.31735     1.18934  0.00669997
        1313     1.31905     1.18944   0.0066956
        1314     1.32069     1.18954  0.00669125
        1315     1.32226     1.18964  0.00668692
        1316     1.32377     1.18974  0.00668262
        1317     1.32521     1.18985  0.00667833
        1318     1.32658     1.18995  0.00667407
        1319     1.32789     1.19005  0.00666983
        1320     1.32913     1.19016  0.00666561
        1321     1.33031     1.19027  0.00666141
        1322     1.33142     1.19037  0.00665723
        1323     1.33246     1.19048  0.00665306
        1324     1.33344     1.19059  0.00664891
        1325     1.33435      1.1907  0.00664478
        1326     1.33519     1.19081  0.00664066
        1327     1.33597     1.19092  0.00663656
        1328     1.33668     1.19102  0.00663247
        1329     1.33733     1.19113  0.00662839
        1330     1.33791     1.19125  0.00662433
        1331     1.33842     1.19136  0.00662027
        1332     1.33887     1.19147  0.00661623
        1333     1.33925     1.19158  0.00661219
        1334     1.33956     1.19169  0.00660817
        1335     1.33981      1.1918  0.00660415
        1336     1.33999     1.19191  0.00660014
        1337      1.3401     1.19202  0.00659613
        1338     1.34014     1.19213  0.00659213
        1339     1.34011     1.19224  0.00658813
        1340     1.34002     1.19235  0.00658414
        1341     1.33986     1.19246  0.00658015
        1342     1.33963     1.19257  0.00657616
        1343     1.33934     1.19268  0.00657217
        1344     1.33897     1.19279  0.00656818
        1345     1.33854      1.1929  0.00656419
        1346     1.33805     1.19301   0.0065602
        1347     1.33748     1.19311  0.00655621
        1348     1.33684     1.19322  0.00655221
        1349     1.33614     1.19333  0.00654821
        1350     1.33537     1.19343   0.0065442
        1351     1.33453     1.19354  0.00654019
        1352     1.33362     1.19364  0.00653618
        1353     1.33264     1.19374  0.00653215
        1354     1.33159     1.19384  0.00652812
        1355     1.33047     1.19395  0.00652408
        1356     1.32928     1.19404  0.00652003
        1357     1.32803     1.19414  0.00651598
        1358      1.3267     1.19424  0.00651191
        1359     1.32531     1.19434  0.00650783
        1360     1.32385     1.19443  0.00650374
        1361     1.32231     1.19453  0.00649964
        1362      1.3207     1.19462  0.00649553
        1363     1.31902     1.19471  0.00649141
        1364     1.31727      1.1948  0.00648727
        1365     1.31544     1.19489  0.00648312
        1366     1.31354     1.19498  0.00647896
        1367     1.31156     1.19506  0.00647478
        1368     1.30951     1.19514  0.00647059
        1369     1.30738     1.19523  0.00646638
        1370     1.30518     1.19531  0.00646216
        1371     1.30289     1.19539  0.00645792
        1372     1.30053     1.19546  0.00645367
        1373     1.29809     1.19554   0.0064494
        1374     1.29558     1.19561  0.00644512
        1375     1.29298     1.19568  0.00644082
        1376      1.2903     1.19575   0.0064365
        1377     1.28754     1.19582  0.00643218
        1378     1.28471     1.19588  0.00642783
        1379     1.28179     1.19594  0.00642347
        1380     1.27879       1.196   0.0064191
        1381     1.27572     1.19606  0.00641471
        1382     1.27256     1.19612  0.00641031
        1383     1.26932     1.19617  0.00640589
        1384       1.266     1.19622  0.00640146
        1385      1.2626     1.19627  0.00639702
        1386     1.25913     1.19631  0.00639256
        1387     1.25557     1.19636   0.0063881
        1388     1.25194      1.1964  0.00638362
        1389     1.24823     1.19643  0.00637913
        1390     1.24444     1.19647  0.00637464
        1391     1.24058      1.1965  0.00637013
        1392     1.23664     1.19653  0.00636562
        1393     1.23263     1.19655  0.00636111
        1394     1.22855     1.19658  0.00635658
        1395      1.2244      1.1966  0.00635206
        1396     1.22019     1.19661  0.00634753
        1397      1.2159     1.19663    0.006343
        1398     1.21156     1.19664  0.00633847
        1399     1.20716     1.19665  0.00633395
        1400      1.2027     1.19665  0.00632942
        1401     1.19819     1.19665  0.00632491
        1402     1.19362     1.19665   0.0063204
        1403     1.18901     1.19664  0.00631589
        1404     1.18435     1.19663   0.0063114
        1405     1.17964     1.19662  0.00630692
        1406      1.1749     1.19661  0.00630245
        1407     1.17013     1.19659    0.006298
        1408     1.16532     1.19657  0.00629357
        1409     1.16049     1.19654  0.00628915
        1410     1.15564     1.19651  0.00628476
        1411     1.15078     1.19648  0.00628039
        1412      1.1459     1.19644  0.00627604
        1413     1.14102      1.1964  0.00627172
        1414     1.13614     1.19636  0.00626743
        1415     1.13126     1.19632  0.00626317
        1416     1.12639     1.19627  0.00625895
        1417     1.12153     1.19621  0.00625475
        1418      1.1167     1.19616  0.00625059
        1419      1.1119      1.1961  0.00624647
        1420     1.10712     1.19604  0.00624238
        1421     1.10239     1.19597  0.00623834
        1422      1.0977      1.1959  0.00623433
        1423     1.09306     1.19583  0.00623037
        1424     1.08848     1.19575  0.00622645
        1425     1.08396     1.19567  0.00622258
        1426     1.07951     1.19559  0.00621875
        1427     1.07514     1.19551  0.00621496
        1428     1.07085     1.19542  0.00621122
        1429     1.06664     1.19533  0.00620753
        1430     1.06253     1.19524  0.00620388
        1431     1.05852     1.19514  0.00620028
        1432     1.05461     1.19504  0.00619673
        1433     1.05082     1.19494  0.00619322
        1434     1.04714     1.19484  0.00618976
        1435     1.04359     1.19473  0.00618635
        1436     1.04016     1.19463  0.00618297
        1437     1.03688     1.19452  0.00617965
        1438     1.03373     1.19441  0.00617636
        1439     1.03073     1.19429  0.00617312
        1440     1.02788     1.19418  0.00616991
        1441     1.02518     1.19406  0.00616674
        1442     1.02264     1.19394  0.00616361
        1443     1.02027     1.19382  0.00616052
        1444     1.01806      1.1937  0.00615745
        1445     1.01602     1.19358  0.00615442
        1446     1.01416     1.19345  0.00615141
        1447     1.01248     1.19333  0.00614843
        1448     1.01098      1.1932  0.00614548
        1449     1.00966     1.19307  0.00614254
        1450     1.00853     1.19295  0.00613962
        1451     1.00759     1.19282  0.00613672
        1452     1.00684     1.19269  0.00613383
        1453     1.00628     1.19256  0.00613095
        1454     1.00592     1.19243  0.00612808
        1455     1.00574     1.19231  0.00612521
        1456     1.00577     1.19218  0.00612234
        1457     1.00598     1.19205  0.00611947
        1458     1.00639     1.19192   0.0061166
        1459     1.00699      1.1918  0.00611372
        1460     1.00779     1.19167  0.00611083
        1461     1.00878     1.19154  0.00610793
        1462     1.00996     1.19142  0.00610502
        1463     1.01132      1.1913  0.00610208
        1464     1.01288     1.19118  0.00609913
        1465     1.01462     1.19105  0.00609616
        1466     1.01654     1.19094  0.00609316
        1467     1.01864     1.19082  0.00609014
        1468     1.02092      1.1907  0.00608709
        1469     1.02337     1.19059  0.00608402
        1470     1.02599     1.19048  0.00608091
        1471     1.02878     1.19037  0.00607777
        1472     1.03172     1.19026  0.00607459
        1473     1.03483     1.19015  0.00607139
        1474     1.03808     1.19005  0.00606814
        1475     1.04149     1.18995  0.00606487
        1476     1.04503     1.18985  0.00606155
        1477     1.04872     1.18976   0.0060582
        1478     1.05254     1.18966  0.00605481
        1479     1.05649     1.18957  0.00605139
        1480     1.06057     1.18949  0.00604793
        1481     1.06476      1.1894  0.00604443
        1482     1.06906     1.18932   0.0060409
        1483     1.07348     1.18924  0.00603733
        1484     1.07799     1.18917  0.00603373
        1485      1.0826      1.1891  0.00603009
        1486      1.0873     1.18903  0.00602642
        1487     1.09209     1.18896  0.00602272
        1488     1.09695      1.1889  0.00601899
        1489     1.10189     1.18884  0.00601523
        1490      1.1069     1.18879  0.00601145
        1491     1.11196     1.18873  0.00600763
        1492     1.11709     1.18869   0.0060038
        1493     1.12226     1.18864  0.00599994
        1494     1.12747      1.1886  0.00599607
        1495     1.13273     1.18856  0.00599217
        1496     1.13801     1.18853  0.00598826
        1497     1.14333      1.1885  0.00598434
        1498     1.14867     1.18847   0.0059804
        1499     1.15402     1.18845  0.00597646
        1500     1.15939     1.18843   0.0059725
        1501     1.16476     1.18842  0.00596855
        1502     1.17013      1.1884  0.00596458
        1503      1.1755     1.18839  0.00596062
        1504     1.18086     1.18839  0.00595666
        1505      1.1862     1.18839   0.0059527
        1506     1.19152     1.18839  0.00594875
        1507     1.19682      1.1884  0.00594481
        1508     1.20208      1.1884  0.00594087
        1509     1.20731     1.18842  0.00593695
        1510      1.2125     1.18843  0.00593304
        1511     1.21764     1.18845  0.00592914
        1512     1.22273     1.18848  0.00592526
        1513     1.22777      1.1885  0.00592141
        1514     1.23275     1.18853  0.00591757
        1515     1.23766     1.18856  0.00591375
        1516     1.24251      1.1886  0.00590996
        1517     1.24728     1.18864  0.00590619
        1518     1.25198     1.18868  0.00590244
        1519     1.25659     1.18872  0.00589873
        1520     1.26112     1.18877  0.00589504
        1521     1.26556     1.18882  0.00589138
        1522     1.26991     1.18888  0.00588775
        1523     1.27416     1.18893  0.00588415
        1524     1.27831     1.18899  0.00588058
        1525     1.28236     1.18905  0.00587704
        1526      1.2863     1.18911  0.00587354
        1527     1.29012     1.18918  0.00587006
        1528     1.29384     1.18925  0.00586662
        1529     1.29744     1.18932  0.00586321
        1530     1.30092     1.18939  0.00585983
        1531     1.30428     1.18947  0.00585648
        1532     1.30751     1.18955  0.00585317
        1533     1.31062     1.18962  0.00584988
        1534     1.31359      1.1897  0.00584663
        1535     1.31644     1.18979   0.0058434
        1536     1.31914     1.18987   0.0058402
        1537     1.32171     1.18996  0.00583704
        1538     1.32415     1.19004  0.00583389
        1539     1.32644     1.19013  0.00583077
        1540     1.32859     1.19022  0.00582768
        1541     1.33059     1.19031  0.00582461
        1542     1.33245     1.19041  0.00582156
        1543     1.33417      1.1905  0.00581854
        1544     1.33574     1.19059  0.00581553
        1545     1.33716     1.19069  0.00581254
        1546     1.33844     1.19078  0.00580956
        1547     1.33956     1.19088   0.0058066
        1548     1.34054     1.19098  0.00580366
        1549     1.34137     1.19107  0.00580072
        1550     1.34205     1.19117   0.0057978
        1551     1.34258     1.19127  0.00579488
        1552     1.34296     1.19137  0.00579197
        1553     1.34319     1.19146  0.00578907
        1554     1.34327     1.19156  0.00578617
        1555     1.34321     1.19166  0.00578327
        1556       1.343     1.19176  0.00578037
        1557     1.34265     1.19185  0.00577747
        1558     1.34215     1.19195  0.00577457
        1559     1.34151     1.19205  0.00577166
        1560     1.34073     1.19214  0.00576875
        1561     1.33981     1.19224  0.00576583
        1562     1.33875     1.19233   0.0057629
        1563     1.33756     1.19242  0.00575996
        1564     1.33623     1.19251  0.00575701
        1565     1.33477     1.19261  0.00575405
        1566     1.33319      1.1927  0.00575107
        1567     1.33147     1.19278  0.00574809
        1568     1.32964     1.19287  0.00574508
        1569     1.32768     1.19296  0.00574206
        1570     1.32561     1.19304  0.00573903
        1571     1.32343     1.19312  0.00573597
        1572     1.32113     1.19321   0.0057329
        1573     1.31872     1.19329  0.00572981
        1574     1.31622     1.19336  0.00572671
        1575      1.3136     1.19344  0.00572358
        1576      1.3109     1.19352  0.00572043
        1577      1.3081     1.19359  0.00571727
        1578     1.30521     1.19366  0.00571408
        1579     1.30224     1.19373  0.00571088
        1580     1.29918     1.19379  0.00570765
        1581     1.29605     1.19386  0.00570441
        1582     1.29285     1.19392  0.00570115
        1583     1.28958     1.19398  0.00569786
        1584     1.28625     1.19404  0.00569457
        1585     1.28285      1.1941  0.00569125
        1586     1.27941     1.19415  0.00568791
        1587     1.27591      1.1942  0.00568456
        1588     1.27236     1.19425   0.0056812
        1589     1.26878      1.1943  0.00567781
        1590     1.26516     1.19434  0.00567442
        1591      1.2615     1.19438  0.00567101
        1592     1.25782     1.19442  0.00566759
        1593     1.25412     1.19446  0.00566415
        1594      1.2504      1.1945  0.00566071
        1595     1.24666     1.19453  0.00565725
        1596     1.24292     1.19456  0.00565379
        1597     1.23918     1.19459  0.00565032
        1598     1.23544     1.19461  0.00564684
        1599      1.2317     1.19464  0.00564336
        1600     1.22797     1.19466  0.00563987
        1601     1.22426     1.19468  0.00563638
        1602     1.22057     1.19469  0.00563288
        1603     1.21691     1.19471  0.00562938
        1604     1.21327     1.19472  0.00562589
        1605     1.20967     1.19473  0.00562239
        1606     1.20611     1.19473  0.00561889
        1607     1.20259     1.19474   0.0056154
        1608     1.19912     1.19474  0.00561191
        1609     1.19569     1.19474  0.00560842
        1610     1.19233     1.19474  0.00560494
        1611     1.18902     1.19474  0.00560146
        1612     1.18578     1.19473  0.00559799
        1613      1.1826     1.19472  0.00559452
        1614      1.1795     1.19471  0.00559106
        1615     1.17647      1.1947  0.00558761
        1616     1.17352     1.19469  0.00558417
        1617     1.17065     1.19467  0.00558074
        1618     1.16787     1.19466  0.00557731
        1619     1.16517     1.19464   0.0055739
        1620     1.16256     1.19462  0.00557049
        1621     1.16005      1.1946  0.00556709
        1622     1.15764     1.19458  0.00556371
        1623     1.15532     1.19455  0.00556033
        1624      1.1531     1.19453  0.00555697
        1625     1.15099      1.1945  0.00555361
        1626     1.14898     1.19447  0.00555027
        1627     1.14708     1.19444  0.00554693
        1628     1.14528     1.19441  0.00554361
        1629      1.1436     1.19438  0.00554029
        1630     1.14203     1.19435  0.00553699
        1631     1.14057     1.19432  0.00553369
        1632     1.13922     1.19428   0.0055304
        1633     1.13798     1.19425  0.00552712
        1634     1.13686     1.19421  0.00552385
        1635     1.13585     1.19418  0.00552059
        1636     1.13496     1.19414  0.00551733
        1637     1.13418      1.1941  0.00551408
        1638     1.13351     1.19407  0.00551084
        1639     1.13296     1.19403  0.00550761
        1640     1.13251     1.19399  0.00550438
        1641     1.13218     1.19395  0.00550115
        1642     1.13196     1.19392  0.00549793
        1643     1.13184     1.19388  0.00549471
        1644     1.13183     1.19384   0.0054915
        1645     1.13193      1.1938  0.00548829
        1646     1.13213     1.19377  0.00548508
        1647     1.13242     1.19373  0.00548188
        1648     1.13282     1.19369  0.00547868
        1649     1.13332     1.19366  0.00547548
        1650     1.13391     1.19362  0.00547228
        1651     1.13459     1.19358  0.00546908
        1652     1.13536     1.19355  0.00546589
        1653     1.13622     1.19351  0.00546269
        1654     1.13716     1.19348  0.00545949
        1655     1.13818     1.19345   0.0054563
        1656     1.13927     1.19341   0.0054531
        1657     1.14044     1.19338   0.0054499
        1658     1.14168     1.19335   0.0054467
        1659     1.14299     1.19332  0.00544351
        1660     1.14436     1.19329  0.00544031
        1661     1.14579     1.19326  0.00543711
        1662     1.14727     1.19323   0.0054339
        1663     1.14881     1.19321   0.0054307
        1664     1.15039     1.19318   0.0054275
        1665     1.15202     1.19316   0.0054243
        1666      1.1537     1.19313  0.00542109
        1667     1.15541     1.19311  0.00541789
        1668     1.15716     1.19309  0.00541468
        1669     1.15894     1.19307  0.00541148
        1670     1.16075     1.19305  0.00540827
        1671     1.16258     1.19303  0.00540507
        1672     1.16443     1.19301  0.00540186
        1673     1.16631       1.193  0.00539865
        1674      1.1682     1.19298  0.00539545
        1675      1.1701     1.19297  0.00539225
        1676     1.17202     1.19296  0.00538904
        1677     1.17394     1.19295  0.00538584
        1678     1.17586     1.19294  0.00538264
        1679     1.17779     1.19293  0.00537944
        1680     1.17972     1.19292  0.00537625
        1681     1.18164     1.19291  0.00537305
        1682     1.18356     1.19291  0.00536986
        1683     1.18547      1.1929  0.00536667
        1684     1.18737      1.1929  0.00536349
        1685     1.18926      1.1929   0.0053603
        1686     1.19114      1.1929  0.00535712
        1687       1.193      1.1929  0.00535395
        1688     1.19484      1.1929  0.00535078
        1689     1.19667      1.1929  0.00534761
        1690     1.19848      1.1929  0.00534445
        1691     1.20027     1.19291  0.00534129
        1692     1.20205     1.19291  0.00533813
        1693      1.2038     1.19292  0.00533498
        1694     1.20553     1.19293  0.00533184
        1695     1.20723     1.19293   0.0053287
        1696     1.20891     1.19294  0.00532557
        1697     1.21056     1.19295  0.00532244
        1698     1.21219     1.19297  0.00531932
        1699     1.21379     1.19298   0.0053162
        1700     1.21537     1.19299  0.00531309
        1701     1.21691       1.193  0.00530998
        1702     1.21843     1.19302  0.00530689
        1703     1.21993     1.19304  0.00530379
        1704      1.2214     1.19305  0.00530071
        1705     1.22284     1.19307  0.00529763
        1706     1.22425     1.19309  0.00529455
        1707     1.22564     1.19311  0.00529149
        1708     1.22701     1.19313  0.00528842
        1709     1.22835     1.19315  0.00528537
        1710     1.22967     1.19317  0.00528232
        1711     1.23096     1.19319  0.00527928
        1712     1.23223     1.19321  0.00527625
        1713     1.23347     1.19324  0.00527322
        1714     1.23469     1.19326   0.0052702
        1715     1.23589     1.19329  0.00526718
        1716     1.23708     1.19331  0.00526418
        1717     1.23824     1.19334  0.00526118
        1718     1.23939     1.19336  0.00525818
        1719     1.24052     1.19339  0.00525519
        1720     1.24162     1.19342  0.00525221
        1721     1.24271     1.19345  0.00524924
        1722     1.24379     1.19348  0.00524627
        1723     1.24484     1.19351  0.00524331
        1724     1.24588     1.19354  0.00524036
        1725      1.2469     1.19357  0.00523741
        1726     1.24791      1.1936  0.00523447
        1727      1.2489     1.19363  0.00523154
        1728     1.24987     1.19367  0.00522861
        1729     1.25083      1.1937  0.00522569
        1730     1.25177     1.19373  0.00522278
        1731     1.25269     1.19377  0.00521988
        1732     1.25359      1.1938  0.00521698
        1733     1.25449     1.19384  0.00521408
        1734     1.25536     1.19387   0.0052112
        1735     1.25622     1.19391  0.00520832
        1736     1.25705     1.19394  0.00520544
        1737     1.25787     1.19398  0.00520258
        1738     1.25866     1.19402  0.00519972
        1739     1.25944     1.19406  0.00519686
        1740     1.26019     1.19409  0.00519402
        1741     1.26092     1.19413  0.00519117
        1742     1.26162     1.19417  0.00518834
        1743      1.2623     1.19421  0.00518551
        1744     1.26295     1.19425  0.00518269
        1745     1.26356     1.19429  0.00517987
        1746     1.26415     1.19433  0.00517706
        1747     1.26471     1.19437  0.00517425
        1748     1.26523     1.19441  0.00517145
        1749     1.26571     1.19445  0.00516865
        1750     1.26616     1.19449  0.00516586
        1751     1.26656     1.19453  0.00516307
        1752     1.26693     1.19457  0.00516029
        1753     1.26725     1.19461  0.00515751
        1754     1.26752     1.19466  0.00515474
        1755     1.26775      1.1947  0.00515197
        1756     1.26793     1.19474  0.00514921
        1757     1.26805     1.19478  0.00514645
        1758     1.26813     1.19482  0.00514369
        1759     1.26815     1.19487  0.00514093
        1760     1.26811     1.19491  0.00513818
        1761     1.26802     1.19495  0.00513543
        1762     1.26787     1.19499  0.00513268
        1763     1.26765     1.19503  0.00512994
        1764     1.26738     1.19507  0.00512719
        1765     1.26704     1.19511  0.00512445
        1766     1.26664     1.19515  0.00512171
        1767     1.26617     1.19519  0.00511897
        1768     1.26563     1.19523  0.00511623
        1769     1.26502     1.19527  0.00511349
        1770     1.26435     1.19531  0.00511075
        1771      1.2636     1.19535  0.00510801
        1772     1.26279     1.19539  0.00510527
        1773     1.26191     1.19543  0.00510252
        1774     1.26095     1.19546  0.00509978
        1775     1.25993      1.1955  0.00509704
        1776     1.25883     1.19553  0.00509429
        1777     1.25767     1.19557  0.00509155
        1778     1.25643      1.1956   0.0050888
        1779     1.25513     1.19564  0.00508605
        1780     1.25375     1.19567  0.00508329
        1781     1.25231      1.1957  0.00508054
        1782     1.25081     1.19573  0.00507778
        1783     1.24923     1.19576  0.00507502
        1784     1.24759     1.19579  0.00507226
        1785     1.24589     1.19582   0.0050695
        1786     1.24412     1.19585  0.00506673
        1787      1.2423     1.19587  0.00506396
        1788     1.24041      1.1959  0.00506119
        1789     1.23847     1.19592  0.00505842
        1790     1.23648     1.19594  0.00505564
        1791     1.23443     1.19597  0.00505287
        1792     1.23233     1.19599  0.00505009
        1793     1.23017     1.19601  0.00504731
        1794     1.22797     1.19602  0.00504452
        1795     1.22573     1.19604  0.00504174
        1796     1.22344     1.19605  0.00503896
        1797     1.22112     1.19607  0.00503617
        1798     1.21875     1.19608  0.00503339
        1799     1.21636     1.19609   0.0050306
        1800     1.21393      1.1961  0.00502782
        1801     1.21147     1.19611  0.00502503
        1802     1.20898     1.19612  0.00502225
        1803     1.20647     1.19612  0.00501947
        1804     1.20394     1.19613  0.00501669
        1805     1.20139     1.19613  0.00501391
        1806     1.19883     1.19613  0.00501113
        1807     1.19626     1.19613  0.00500836
        1808     1.19367     1.19613  0.00500559
        1809     1.19109     1.19613  0.00500282
        1810      1.1885     1.19612  0.00500006
        1811     1.18591     1.19612   0.0049973
        1812     1.18332     1.19611  0.00499455
        1813     1.18075      1.1961   0.0049918
        1814     1.17818     1.19609  0.00498906
        1815     1.17563     1.19608  0.00498632
        1816     1.17309     1.19607  0.00498359
        1817     1.17058     1.19606  0.00498087
        1818     1.16809     1.19604  0.00497815
        1819     1.16563     1.19602  0.00497545
        1820     1.16321     1.19601  0.00497275
        1821     1.16081     1.19599  0.00497005
        1822     1.15846     1.19597  0.00496737
        1823     1.15614     1.19594  0.00496469
        1824     1.15387     1.19592  0.00496202
        1825     1.15164      1.1959  0.00495936
        1826     1.14946     1.19587  0.00495671
        1827     1.14734     1.19584  0.00495407
        1828     1.14527     1.19582  0.00495144
        1829     1.14325     1.19579  0.00494881
        1830      1.1413     1.19576   0.0049462
        1831     1.13941     1.19573  0.00494359
        1832     1.13759      1.1957    0.004941
        1833     1.13583     1.19566  0.00493841
        1834     1.13415     1.19563  0.00493583
        1835     1.13254     1.19559  0.00493326
        1836       1.131     1.19556   0.0049307
        1837     1.12955     1.19552  0.00492814
        1838     1.12817     1.19549   0.0049256
        1839     1.12687     1.19545  0.00492306
        1840     1.12565     1.19541  0.00492053
        1841     1.12452     1.19537  0.00491801
        1842     1.12348     1.19533   0.0049155
        1843     1.12252     1.19529  0.00491299
        1844     1.12165     1.19525  0.00491049
        1845     1.12087     1.19521  0.00490799
        1846     1.12018     1.19517   0.0049055
        1847     1.11959     1.19513  0.00490301
        1848     1.11909     1.19509  0.00490053
        1849     1.11867     1.19505  0.00489806
        1850     1.11835     1.19501  0.00489559
        1851     1.11813     1.19497  0.00489312
        1852     1.11799     1.19493  0.00489065
        1853     1.11795     1.19488  0.00488819
        1854       1.118     1.19484  0.00488573
        1855     1.11813      1.1948  0.00488327
        1856     1.11837     1.19476  0.00488081
        1857     1.11869     1.19472  0.00487836
        1858     1.11909     1.19468   0.0048759
        1859     1.11959     1.19464  0.00487344
        1860     1.12017      1.1946  0.00487099
        1861     1.12083     1.19456  0.00486853
        1862     1.12158     1.19452  0.00486608
        1863     1.12241     1.19448  0.00486362
        1864     1.12332     1.19444  0.00486116
        1865     1.12431      1.1944   0.0048587
        1866     1.12537     1.19437  0.00485623
        1867      1.1265     1.19433  0.00485377
        1868     1.12771      1.1943   0.0048513
        1869     1.12898     1.19426  0.00484883
        1870     1.13031     1.19423  0.00484636
        1871     1.13171     1.19419  0.00484388
        1872     1.13316     1.19416  0.00484141
        1873     1.13467     1.19413  0.00483893
        1874     1.13623      1.1941  0.00483644
        1875     1.13785     1.19407  0.00483396
        1876     1.13951     1.19404  0.00483147
        1877     1.14121     1.19401  0.00482897
        1878     1.14295     1.19398  0.00482648
        1879     1.14472     1.19396  0.00482398
        1880     1.14653     1.19393  0.00482148
        1881     1.14837     1.19391  0.00481898
        1882     1.15023     1.19388  0.00481648
        1883     1.15212     1.19386  0.00481397
        1884     1.15403     1.19384  0.00481146
        1885     1.15595     1.19382  0.00480895
        1886     1.15788      1.1938  0.00480644
        1887     1.15982     1.19378  0.00480392
        1888     1.16176     1.19377  0.00480141
        1889     1.16371     1.19375  0.00479889
        1890     1.16565     1.19374  0.00479638
        1891     1.16758     1.19372  0.00479386
        1892     1.16951     1.19371  0.00479134
        1893     1.17142      1.1937  0.00478883
        1894     1.17331     1.19369  0.00478631
        1895     1.17519     1.19368   0.0047838
        1896     1.17704     1.19367  0.00478128
        1897     1.17886     1.19366  0.00477877
        1898     1.18066     1.19365  0.00477625
        1899     1.18242     1.19365  0.00477374
        1900     1.18415     1.19364  0.00477123
        1901     1.18585     1.19364  0.00476872
        1902     1.18751     1.19364  0.00476622
        1903     1.18913     1.19363  0.00476371
        1904      1.1907     1.19363  0.00476121
        1905     1.19224     1.19363  0.00475871
        1906     1.19372     1.19363  0.00475622
        1907     1.19516     1.19363  0.00475372
        1908     1.19655     1.19363  0.00475123
        1909     1.19788     1.19364  0.00474874
        1910     1.19917     1.19364  0.00474626
        1911     1.20039     1.19364  0.00474378
        1912     1.20157     1.19365   0.0047413
        1913     1.20268     1.19365  0.00473882
        1914     1.20374     1.19366  0.00473635
        1915     1.20474     1.19366  0.00473388
        1916     1.20568     1.19367  0.00473141
        1917     1.20657     1.19368  0.00472895
        1918     1.20739     1.19368  0.00472649
        1919     1.20816     1.19369  0.00472403
        1920     1.20886      1.1937  0.00472158
        1921     1.20951     1.19371  0.00471913
        1922      1.2101     1.19371  0.00471668
        1923     1.21063     1.19372  0.00471423
        1924      1.2111     1.19373  0.00471179
        1925     1.21151     1.19374  0.00470935
        1926     1.21187     1.19375  0.00470692
        1927     1.21216     1.19376  0.00470448
        1928     1.21241     1.19377  0.00470205
        1929     1.21259     1.19378  0.00469963
        1930     1.21273     1.19379   0.0046972
        1931      1.2128      1.1938  0.00469478
        1932     1.21283     1.19381  0.00469236
        1933     1.21281     1.19382  0.00468994
        1934     1.21274     1.19383  0.00468753
        1935     1.21262     1.19384  0.00468512
        1936     1.21246     1.19385  0.00468271
        1937     1.21224     1.19386   0.0046803
        1938     1.21199     1.19387  0.00467789
        1939     1.21168     1.19388  0.00467549
        1940     1.21134     1.19389  0.00467309
        1941     1.21096     1.19389  0.00467069
        1942     1.21054      1.1939  0.00466829
        1943     1.21009     1.19391   0.0046659
        1944      1.2096     1.19392   0.0046635
        1945     1.20908     1.19393  0.00466111
        1946     1.20852     1.19393  0.00465872
        1947     1.20794     1.19394  0.00465633
        1948     1.20733     1.19395  0.00465395
        1949      1.2067     1.19396  0.00465157
        1950     1.20604     1.19396  0.00464918
        1951     1.20536     1.19397  0.00464681
        1952     1.20465     1.19397  0.00464443
        1953     1.20393     1.19398  0.00464205
        1954     1.20319     1.19398  0.00463968
        1955     1.20243     1.19399  0.00463731
        1956     1.20167     1.19399  0.00463494
        1957     1.20088     1.19399  0.00463257
        1958     1.20009       1.194  0.00463021
        1959     1.19929       1.194  0.00462784
        1960     1.19847       1.194  0.00462548
        1961     1.19766       1.194  0.00462313
        1962     1.19684     1.19401  0.00462077
        1963     1.19601     1.19401  0.00461842
        1964     1.19519     1.19401  0.00461606
        1965     1.19436     1.19401  0.00461372
        1966     1.19353     1.19401  0.00461137
        1967     1.19271     1.19401  0.00460902
        1968     1.19189     1.19401  0.00460668
        1969     1.19108       1.194  0.00460434
        1970     1.19027       1.194  0.00460201
        1971     1.18947       1.194  0.00459967
        1972     1.18867       1.194  0.00459734
        1973     1.18789     1.19399  0.00459501
        1974     1.18711     1.19399  0.00459268
        1975     1.18634     1.19399  0.00459036
        1976     1.18558     1.19398  0.00458804
        1977     1.18483     1.19398  0.00458572
        1978      1.1841     1.19397  0.00458341
        1979     1.18338     1.19397  0.00458109
        1980     1.18267     1.19396  0.00457878
        1981     1.18198     1.19396  0.00457648
        1982      1.1813     1.19395  0.00457417
        1983     1.18063     1.19394  0.00457187
        1984     1.17998     1.19394  0.00456957
        1985     1.17933     1.19393  0.00456727
        1986     1.17871     1.19392  0.00456498
        1987     1.17809     1.19391  0.00456269
        1988     1.17749      1.1939   0.0045604
        1989      1.1769      1.1939  0.00455812
        1990     1.17633     1.19389  0.00455584
        1991     1.17577     1.19388  0.00455356
        1992     1.17522     1.19387  0.00455128
        1993     1.17469     1.19386  0.00454901
        1994     1.17417     1.19385  0.00454674
        1995     1.17366     1.19384  0.00454447
        1996     1.17316     1.19383   0.0045422
        1997     1.17268     1.19382  0.00453994
        1998     1.17222     1.19381  0.00453768
        1999     1.17176      1.1938  0.00453543
        2000     1.17132     1.19378  0.00453317
