#     BLOCK:  ACTUAL_PE:     PE_AVE:      ERROR:
           1    -7.85024    -7.85024           0
           2    -7.84959    -7.84992 0.000228321
           3    -7.84852    -7.84945  0.00040981
           4    -7.84702    -7.84884 0.000610345
           5    -7.84508    -7.84809 0.000830803
           6    -7.84273     -7.8472  0.00107015
           7    -7.83994    -7.84616   0.0013272
           8    -7.83674    -7.84498  0.00160085
           9    -7.83278    -7.84363  0.00191256
          10    -7.82841    -7.84211  0.00224644
          11    -7.82265    -7.84034  0.00264853
          12     -7.8168    -7.83838  0.00306943
          13    -7.81086    -7.83626   0.0034876
          14    -7.80386    -7.83394  0.00393212
          15    -7.79612    -7.83142  0.00440489
          16    -7.78895    -7.82877   0.0048642
          17    -7.78007     -7.8259   0.0053555
          18    -7.77047    -7.82282   0.0058772
          19    -7.76046    -7.81954  0.00641936
          20    -7.75037    -7.81608  0.00696806
          21    -7.73891    -7.81241  0.00754326
          22    -7.72706    -7.80853  0.00813713
          23    -7.71513    -7.80447  0.00873812
          24    -7.70377    -7.80027  0.00932706
          25    -7.69234    -7.79596  0.00990281
          26     -7.6802     -7.7915   0.0104751
          27    -7.66701    -7.78689   0.0110554
          28    -7.65279     -7.7821   0.0116519
          29    -7.63883    -7.77716   0.0122528
          30    -7.62449    -7.77207   0.0128579
          31    -7.60911    -7.76682   0.0134749
          32    -7.59498    -7.76145   0.0140832
          33    -7.58112    -7.75598   0.0146783
          34    -7.56721    -7.75043   0.0152606
          35     -7.5513    -7.74474   0.0158497
          36    -7.53633    -7.73895   0.0164328
          37    -7.52034    -7.73304   0.0170177
          38    -7.50432    -7.72702   0.0176021
          39    -7.48795    -7.72089   0.0181869
          40    -7.47091    -7.71464   0.0187754
          41    -7.45417    -7.70829   0.0193625
          42    -7.43741    -7.70184   0.0199467
          43    -7.41903    -7.69526   0.0205386
          44     -7.4013    -7.68858   0.0211305
          45    -7.38292    -7.68179   0.0217253
          46    -7.36456    -7.67489   0.0223207
          47    -7.34589    -7.66789   0.0229172
          48    -7.32661    -7.66078   0.0235169
          49    -7.30671    -7.65356   0.0241216
          50    -7.28751    -7.64624   0.0247252
          51    -7.26771    -7.63882   0.0253299
          52    -7.24797     -7.6313    0.025934
          53    -7.22767    -7.62368   0.0265393
          54    -7.20583    -7.61595   0.0271525
          55    -7.18506    -7.60811    0.027766
          56    -7.16375    -7.60018   0.0283814
          57    -7.14158    -7.59213   0.0290015
          58    -7.12053      -7.584   0.0296194
          59    -7.09929    -7.57578   0.0302352
          60    -7.07789    -7.56749   0.0308491
          61    -7.05666    -7.55911   0.0314594
          62    -7.03529    -7.55066   0.0320665
          63    -7.01348    -7.54214   0.0326715
          64    -6.99156    -7.53353   0.0332743
          65    -6.96987    -7.52486   0.0338735
          66    -6.94779    -7.51612   0.0344703
          67    -6.92533     -7.5073   0.0350655
          68    -6.90315    -7.49842   0.0356576
          69    -6.88062    -7.48946   0.0362475
          70    -6.85777    -7.48044   0.0368359
          71    -6.83557    -7.47136   0.0374201
          72    -6.81276    -7.46221   0.0380019
          73    -6.79065    -7.45301   0.0385788
          74    -6.76861    -7.44376   0.0391503
          75    -6.74698    -7.43447   0.0397153
          76    -6.72546    -7.42514   0.0402736
          77    -6.70341    -7.41577   0.0408267
          78    -6.68216    -7.40636   0.0413724
          79    -6.66076    -7.39692   0.0419114
          80    -6.63985    -7.38746   0.0424425
          81    -6.61916    -7.37798   0.0429653
          82    -6.59836    -7.36847   0.0434805
          83    -6.57813    -7.35895    0.043987
          84    -6.55783    -7.34941   0.0444852
          85    -6.53846    -7.33987   0.0449733
          86    -6.51874    -7.33032   0.0454526
          87    -6.49998    -7.32078   0.0459213
          88    -6.48123    -7.31124   0.0463799
          89     -6.4625     -7.3017   0.0468289
          90    -6.44446    -7.29217   0.0472673
          91    -6.42647    -7.28266   0.0476956
          92    -6.40823    -7.27316   0.0481149
          93    -6.39136    -7.26367   0.0485228
          94    -6.37492    -7.25422   0.0489191
          95     -6.3589     -7.2448   0.0493036
          96    -6.34333    -7.23541   0.0496762
          97    -6.32757    -7.22605    0.050038
          98    -6.31292    -7.21673   0.0503874
          99    -6.29841    -7.20745   0.0507251
         100    -6.28407    -7.19822   0.0510514
         101    -6.27054    -7.18903   0.0513655
         102    -6.25783     -7.1799   0.0516669
         103    -6.24562    -7.17083   0.0519554
         104     -6.2336    -7.16182   0.0522315
         105    -6.22273    -7.15288   0.0524942
         106    -6.21173      -7.144   0.0527445
         107    -6.20157    -7.13519   0.0529819
         108    -6.19128    -7.12645   0.0532073
         109    -6.18248    -7.11779   0.0534193
         110    -6.17387    -7.10921   0.0536185
         111    -6.16577    -7.10071   0.0538048
         112    -6.15819     -7.0923   0.0539785
         113    -6.15176    -7.08397   0.0541388
         114    -6.14487    -7.07573    0.054287
         115    -6.13881    -7.06759   0.0544228
         116    -6.13324    -7.05953   0.0545465
         117    -6.12817    -7.05157    0.054658
         118    -6.12325    -7.04371   0.0547581
         119    -6.11881    -7.03593   0.0548467
         120    -6.11484    -7.02826   0.0549241
         121    -6.11198    -7.02068   0.0549898
         122    -6.10925    -7.01321   0.0550442
         123    -6.10664    -7.00584   0.0550879
         124    -6.10479    -6.99858   0.0551208
         125    -6.10336    -6.99142   0.0551432
         126    -6.10234    -6.98436   0.0551551
         127    -6.10173    -6.97741   0.0551569
         128     -6.1015    -6.97057   0.0551489
         129    -6.10198    -6.96383   0.0551309
         130     -6.1025    -6.95721   0.0551035
         131    -6.10305    -6.95069   0.0550673
         132    -6.10426    -6.94427   0.0550222
         133    -6.10581    -6.93797   0.0549684
         134      -6.108    -6.93178   0.0549061
         135    -6.11017    -6.92569   0.0548356
         136    -6.11263    -6.91971   0.0547574
         137    -6.11536    -6.91384   0.0546715
         138    -6.11804    -6.90807   0.0545786
         139    -6.12162    -6.90242   0.0544785
         140    -6.12479    -6.89686   0.0543717
         141    -6.12851    -6.89141   0.0542585
         142     -6.1318    -6.88606   0.0541395
         143    -6.13594    -6.88082   0.0540144
         144    -6.14058    -6.87568   0.0538834
         145    -6.14508    -6.87064   0.0537468
         146    -6.14974     -6.8657    0.053605
         147    -6.15423    -6.86086   0.0534584
         148    -6.15886    -6.85612   0.0533072
         149    -6.16361    -6.85147   0.0531517
         150    -6.16848    -6.84692    0.052992
         151     -6.1741    -6.84246    0.052828
         152    -6.17948     -6.8381   0.0526602
         153    -6.18495    -6.83383   0.0524888
         154    -6.19049    -6.82965   0.0523139
         155    -6.19738    -6.82557   0.0521352
         156    -6.20303    -6.82158   0.0519535
         157    -6.20871    -6.81768   0.0517691
         158    -6.21443    -6.81386    0.051582
         159    -6.22016    -6.81013   0.0513926
         160    -6.22591    -6.80648   0.0512009
         161    -6.23166    -6.80291   0.0510072
         162    -6.23611    -6.79941   0.0508122
         163    -6.24184    -6.79599   0.0506155
         164    -6.24723    -6.79264   0.0504173
         165    -6.25258    -6.78937   0.0502179
         166    -6.25791    -6.78617   0.0500174
         167    -6.26351    -6.78304   0.0498157
         168    -6.26875    -6.77997   0.0496131
         169    -6.27425    -6.77698   0.0494097
         170    -6.28001    -6.77406   0.0492055
         171    -6.28539     -6.7712   0.0490006
         172    -6.29102    -6.76841   0.0487952
         173    -6.29593    -6.76568   0.0485895
         174    -6.30108    -6.76301   0.0483836
         175    -6.30615     -6.7604   0.0481775
         176    -6.31113    -6.75784   0.0479713
         177    -6.31602    -6.75535   0.0477652
         178    -6.32049    -6.75291   0.0475593
         179     -6.3252    -6.75052   0.0473536
         180     -6.3298    -6.74818   0.0471482
         181     -6.3343    -6.74589   0.0469431
         182     -6.3387    -6.74365   0.0467384
         183    -6.34332    -6.74147   0.0465342
         184    -6.34751    -6.73933   0.0463305
         185    -6.35159    -6.73723   0.0461275
         186    -6.35589    -6.73518    0.045925
         187    -6.36009    -6.73317   0.0457232
         188    -6.36385    -6.73121   0.0455222
         189     -6.3675    -6.72929    0.045322
         190    -6.37105     -6.7274   0.0451227
         191    -6.37449    -6.72555   0.0449242
         192    -6.37782    -6.72374   0.0447267
         193     -6.3804    -6.72196   0.0445304
         194    -6.38352    -6.72022    0.044335
         195    -6.38686    -6.71851   0.0441406
         196    -6.38977    -6.71683   0.0439472
         197    -6.39227    -6.71518    0.043755
         198    -6.39498    -6.71357   0.0435639
         199    -6.39728    -6.71198    0.043374
         200     -6.3998    -6.71042   0.0431852
         201    -6.40223    -6.70888   0.0429975
         202    -6.40425    -6.70737   0.0428111
         203    -6.40618    -6.70589   0.0426259
         204    -6.40802    -6.70443    0.042442
         205    -6.41011    -6.70299   0.0422592
         206    -6.41211    -6.70158   0.0420777
         207    -6.41468     -6.7002   0.0418972
         208    -6.41653    -6.69883    0.041718
         209    -6.41863    -6.69749   0.0415399
         210    -6.42034    -6.69617    0.041363
         211    -6.42262    -6.69488   0.0411873
         212    -6.42388     -6.6936   0.0410129
         213    -6.42572    -6.69234   0.0408396
         214    -6.42718     -6.6911   0.0406676
         215    -6.42923    -6.68988   0.0404966
         216    -6.43058    -6.68868   0.0403269
         217    -6.43157     -6.6875   0.0401585
         218    -6.43315    -6.68633   0.0399912
         219    -6.43437    -6.68518   0.0398252
         220    -6.43619    -6.68405   0.0396602
         221    -6.43636    -6.68293   0.0394966
         222     -6.4378    -6.68182   0.0393341
         223    -6.43855    -6.68073   0.0391729
         224     -6.4396    -6.67966   0.0390128
         225    -6.44095     -6.6786   0.0388538
         226    -6.44196    -6.67755    0.038696
         227    -6.44294    -6.67652   0.0385393
         228    -6.44423     -6.6755   0.0383838
         229    -6.44518    -6.67449   0.0382293
         230     -6.4458     -6.6735    0.038076
         231    -6.44705    -6.67252   0.0379238
         232     -6.4483    -6.67155   0.0377727
         233    -6.44889    -6.67059   0.0376226
         234     -6.4498    -6.66965   0.0374737
         235    -6.45071    -6.66872   0.0373258
         236    -6.45195     -6.6678   0.0371789
         237    -6.45286    -6.66689   0.0370331
         238    -6.45378      -6.666   0.0368884
         239    -6.45536    -6.66512   0.0367445
         240    -6.45694    -6.66425   0.0366017
         241    -6.45821    -6.66339   0.0364598
         242    -6.45884    -6.66255   0.0363189
         243    -6.46014    -6.66172    0.036179
         244    -6.46145     -6.6609     0.03604
         245    -6.46246    -6.66009    0.035902
         246    -6.46348    -6.65929    0.035765
         247    -6.46452     -6.6585   0.0356289
         248     -6.4659    -6.65772   0.0354937
         249    -6.46731    -6.65696   0.0353594
         250    -6.46842     -6.6562    0.035226
         251    -6.46923    -6.65546   0.0350935
         252    -6.47007    -6.65472    0.034962
         253    -6.47158      -6.654   0.0348313
         254    -6.47312    -6.65329   0.0347014
         255    -6.47501    -6.65259   0.0345724
         256    -6.47628     -6.6519   0.0344442
         257    -6.47823    -6.65122   0.0343168
         258    -6.47957    -6.65056   0.0341902
         259    -6.48029     -6.6499   0.0340645
         260    -6.48169    -6.64925   0.0339397
         261     -6.4828    -6.64861   0.0338156
         262    -6.48427    -6.64799   0.0336924
         263    -6.48642    -6.64737   0.0335699
         264    -6.48829    -6.64677   0.0334481
         265     -6.4902    -6.64618   0.0333271
         266    -6.49182     -6.6456   0.0332069
         267    -6.49347    -6.64503   0.0330874
         268    -6.49516    -6.64447   0.0329686
         269    -6.49657    -6.64392   0.0328507
         270    -6.49801    -6.64338   0.0327334
         271    -6.50047    -6.64285   0.0326169
         272    -6.50231    -6.64234   0.0325011
         273    -6.50387    -6.64183    0.032386
         274    -6.50547    -6.64133   0.0322716
         275    -6.50775    -6.64085   0.0321579
         276    -6.51007    -6.64037   0.0320449
         277     -6.5121    -6.63991   0.0319326
         278    -6.51482    -6.63946   0.0318209
         279    -6.51725    -6.63902   0.0317098
         280    -6.51939    -6.63859   0.0315995
         281    -6.52157    -6.63818   0.0314897
         282    -6.52314    -6.63777   0.0313807
         283    -6.52539    -6.63737   0.0312723
         284    -6.52734    -6.63698   0.0311646
         285    -6.52966    -6.63661   0.0310576
         286    -6.53232    -6.63624   0.0309511
         287    -6.53502    -6.63589   0.0308453
         288    -6.53742    -6.63555   0.0307401
         289     -6.5405    -6.63522   0.0306355
         290     -6.5436     -6.6349   0.0305314
         291    -6.54641     -6.6346    0.030428
         292    -6.54924    -6.63431   0.0303252
         293     -6.5508    -6.63402   0.0302231
         294    -6.55336    -6.63375   0.0301215
         295     -6.5556    -6.63348   0.0300206
         296    -6.55787    -6.63323   0.0299202
         297    -6.56081    -6.63298   0.0298205
         298    -6.56278    -6.63275   0.0297214
         299    -6.56542    -6.63252   0.0296228
         300    -6.56775    -6.63231   0.0295249
         301    -6.57041     -6.6321   0.0294275
         302    -6.57276     -6.6319   0.0293307
         303    -6.57544    -6.63172   0.0292345
         304     -6.5778    -6.63154   0.0291389
         305    -6.58049    -6.63137   0.0290438
         306    -6.58285    -6.63122   0.0289493
         307    -6.58587    -6.63107   0.0288554
         308    -6.58759    -6.63093   0.0287621
         309    -6.59028    -6.63079   0.0286693
         310    -6.59329    -6.63067   0.0285771
         311    -6.59597    -6.63056   0.0284854
         312    -6.59832    -6.63046   0.0283943
         313    -6.60098    -6.63036   0.0283037
         314    -6.60396    -6.63028   0.0282137
         315    -6.60627     -6.6302   0.0281242
         316     -6.6089    -6.63014   0.0280353
         317    -6.61086    -6.63008   0.0279469
         318    -6.61346    -6.63002   0.0278591
         319    -6.61571    -6.62998   0.0277718
         320    -6.61827    -6.62994    0.027685
         321    -6.62048    -6.62991   0.0275988
         322    -6.62332    -6.62989   0.0275131
         323    -6.62646    -6.62988   0.0274279
         324    -6.62859    -6.62988   0.0273433
         325    -6.63103    -6.62988   0.0272591
         326    -6.63376    -6.62989   0.0271755
         327    -6.63646    -6.62991   0.0270924
         328    -6.63849    -6.62994   0.0270099
         329    -6.64145    -6.62997   0.0269278
         330     -6.6434    -6.63001   0.0268462
         331    -6.64532    -6.63006   0.0267651
         332    -6.64752    -6.63011   0.0266846
         333    -6.64969    -6.63017   0.0266045
         334    -6.65149    -6.63024   0.0265249
         335    -6.65325    -6.63031   0.0264458
         336    -6.65432    -6.63038   0.0263672
         337    -6.65697    -6.63046   0.0262891
         338    -6.65861    -6.63054   0.0262115
         339    -6.65987    -6.63063   0.0261343
         340    -6.66174    -6.63072   0.0260576
         341    -6.66355    -6.63081   0.0259813
         342    -6.66435    -6.63091   0.0259056
         343    -6.66607    -6.63101   0.0258302
         344    -6.66774    -6.63112   0.0257554
         345    -6.66937    -6.63123   0.0256809
         346    -6.67061    -6.63135    0.025607
         347    -6.67245    -6.63146   0.0255335
         348    -6.67327    -6.63158   0.0254604
         349    -6.67468    -6.63171   0.0253877
         350    -6.67572    -6.63183   0.0253155
         351     -6.6767    -6.63196   0.0252437
         352    -6.67795    -6.63209   0.0251723
         353    -6.67948    -6.63223   0.0251014
         354    -6.68062    -6.63236   0.0250308
         355    -6.68171     -6.6325   0.0249607
         356    -6.68339    -6.63264    0.024891
         357    -6.68436    -6.63279   0.0248217
         358    -6.68626    -6.63294   0.0247528
         359    -6.68745    -6.63309   0.0246843
         360    -6.68858    -6.63324   0.0246162
         361    -6.68869     -6.6334   0.0245485
         362    -6.68939    -6.63355   0.0244812
         363    -6.69068    -6.63371   0.0244143
         364    -6.69094    -6.63387   0.0243477
         365    -6.69148    -6.63403   0.0242815
         366    -6.69196    -6.63418   0.0242157
         367    -6.69238    -6.63434   0.0241502
         368    -6.69308     -6.6345   0.0240851
         369     -6.6934    -6.63466   0.0240204
         370    -6.69335    -6.63482    0.023956
         371    -6.69324    -6.63498   0.0238919
         372    -6.69308    -6.63513   0.0238282
         373    -6.69352    -6.63529   0.0237648
         374    -6.69359    -6.63545   0.0237018
         375    -6.69295     -6.6356   0.0236391
         376    -6.69357    -6.63575   0.0235767
         377    -6.69349    -6.63591   0.0235147
         378    -6.69304    -6.63606    0.023453
         379    -6.69287    -6.63621   0.0233916
         380    -6.69201    -6.63635   0.0233305
         381    -6.69239     -6.6365   0.0232697
         382    -6.69176    -6.63665   0.0232092
         383    -6.69044    -6.63679   0.0231491
         384    -6.69004    -6.63693   0.0230892
         385    -6.68993    -6.63706   0.0230296
         386    -6.68913     -6.6372   0.0229704
         387    -6.68861    -6.63733   0.0229114
         388    -6.68805    -6.63746   0.0228527
         389    -6.68713    -6.63759   0.0227943
         390    -6.68649    -6.63771   0.0227362
         391    -6.68613    -6.63784   0.0226784
         392    -6.68477    -6.63796   0.0226209
         393    -6.68401    -6.63808   0.0225636
         394    -6.68322    -6.63819   0.0225066
         395    -6.68174     -6.6383   0.0224499
         396    -6.68056    -6.63841   0.0223935
         397    -6.67998    -6.63851   0.0223373
         398    -6.67937    -6.63861   0.0222814
         399    -6.67808    -6.63871   0.0222258
         400    -6.67708    -6.63881   0.0221705
         401    -6.67638     -6.6389   0.0221154
         402    -6.67531    -6.63899   0.0220605
         403    -6.67454    -6.63908    0.022006
         404    -6.67342    -6.63917   0.0219517
         405    -6.67226    -6.63925   0.0218976
         406     -6.6714    -6.63933   0.0218438
         407    -6.67018     -6.6394   0.0217903
         408    -6.66861    -6.63947    0.021737
         409    -6.66799    -6.63954    0.021684
         410    -6.66733    -6.63961   0.0216312
         411    -6.66601    -6.63968   0.0215787
         412    -6.66563    -6.63974   0.0215264
         413    -6.66426     -6.6398   0.0214743
         414    -6.66253    -6.63985   0.0214225
         415    -6.66175    -6.63991    0.021371
         416    -6.65966    -6.63995   0.0213197
         417    -6.65689    -6.63999   0.0212686
         418    -6.65507    -6.64003   0.0212177
         419    -6.65388    -6.64006   0.0211671
         420    -6.65331     -6.6401   0.0211167
         421    -6.65142    -6.64012   0.0210666
         422    -6.65049    -6.64015   0.0210167
         423    -6.64921    -6.64017    0.020967
         424    -6.64791    -6.64019   0.0209176
         425    -6.64627     -6.6402   0.0208684
         426    -6.64461    -6.64021   0.0208194
         427    -6.64228    -6.64022   0.0207706
         428    -6.64091    -6.64022   0.0207221
         429     -6.6392    -6.64022   0.0206738
         430    -6.63683    -6.64021   0.0206257
         431    -6.63542     -6.6402   0.0205779
         432    -6.63367    -6.64018   0.0205302
         433    -6.63255    -6.64016   0.0204828
         434    -6.63077    -6.64014   0.0204356
         435    -6.62898    -6.64012   0.0203887
         436    -6.62751    -6.64009   0.0203419
         437     -6.6257    -6.64005   0.0202954
         438    -6.62421    -6.64002   0.0202491
         439    -6.62271    -6.63998    0.020203
         440    -6.62056    -6.63993   0.0201571
         441    -6.61905    -6.63989   0.0201115
         442    -6.61722    -6.63984   0.0200661
         443     -6.6157    -6.63978   0.0200208
         444    -6.61386    -6.63972   0.0199758
         445    -6.61169    -6.63966    0.019931
         446    -6.60921    -6.63959   0.0198865
         447    -6.60737    -6.63952   0.0198421
         448    -6.60586    -6.63944    0.019798
         449    -6.60371    -6.63937    0.019754
         450    -6.60188    -6.63928   0.0197103
         451    -6.60039     -6.6392   0.0196668
         452    -6.59891    -6.63911   0.0196235
         453    -6.59744    -6.63901   0.0195804
         454    -6.59566    -6.63892   0.0195375
         455    -6.59421    -6.63882   0.0194948
         456    -6.59213    -6.63872   0.0194523
         457    -6.59071    -6.63861     0.01941
         458    -6.58899     -6.6385   0.0193679
         459    -6.58664    -6.63839   0.0193261
         460    -6.58528    -6.63828   0.0192844
         461    -6.58329    -6.63816    0.019243
         462    -6.58166    -6.63803   0.0192017
         463    -6.58004    -6.63791   0.0191606
         464    -6.57845    -6.63778   0.0191198
         465    -6.57624    -6.63765   0.0190791
         466    -6.57503    -6.63751   0.0190386
         467    -6.57417    -6.63738   0.0189983
         468    -6.57303    -6.63724   0.0189582
         469    -6.57159     -6.6371   0.0189183
         470     -6.5705    -6.63696   0.0188786
         471     -6.5701    -6.63682   0.0188391
         472    -6.56877    -6.63667   0.0187997
         473    -6.56746    -6.63653   0.0187605
         474    -6.56588    -6.63638   0.0187215
         475    -6.56465    -6.63623   0.0186827
         476    -6.56346    -6.63607   0.0186441
         477    -6.56167    -6.63592   0.0186057
         478    -6.56024    -6.63576   0.0185674
         479    -6.55886     -6.6356   0.0185294
         480    -6.55784    -6.63544   0.0184915
         481    -6.55719    -6.63528   0.0184537
         482    -6.55691    -6.63511   0.0184162
         483    -6.55571    -6.63495   0.0183788
         484    -6.55423    -6.63478   0.0183416
         485    -6.55311    -6.63461   0.0183045
         486    -6.55172    -6.63444   0.0182676
         487    -6.55167    -6.63427   0.0182309
         488    -6.55135     -6.6341   0.0181944
         489    -6.55075    -6.63393    0.018158
         490    -6.55053    -6.63376   0.0181217
         491    -6.54938    -6.63359   0.0180856
         492     -6.5486    -6.63342   0.0180497
         493     -6.5495    -6.63325   0.0180139
         494    -6.54914    -6.63308   0.0179782
         495    -6.54852    -6.63291   0.0179427
         496    -6.54828    -6.63274   0.0179073
         497    -6.54808    -6.63257   0.0178721
         498    -6.54794     -6.6324    0.017837
         499    -6.54785    -6.63223   0.0178021
         500    -6.54781    -6.63206   0.0177673
         501     -6.5475    -6.63189   0.0177326
         502    -6.54757    -6.63172   0.0176981
         503    -6.54801    -6.63155   0.0176637
         504    -6.54851    -6.63139   0.0176294
         505    -6.54906    -6.63123   0.0175953
         506    -6.54967    -6.63106   0.0175612
         507    -6.55033    -6.63091   0.0175273
         508    -6.55039    -6.63075   0.0174935
         509    -6.55051    -6.63059   0.0174599
         510    -6.55101    -6.63043   0.0174263
         511     -6.5506    -6.63028   0.0173929
         512    -6.55186    -6.63012   0.0173596
         513    -6.55252    -6.62997   0.0173264
         514    -6.55389    -6.62982   0.0172934
         515    -6.55435    -6.62968   0.0172604
         516    -6.55519    -6.62953   0.0172276
         517    -6.55543    -6.62939   0.0171948
         518    -6.55638    -6.62925   0.0171622
         519    -6.55706    -6.62911   0.0171297
         520    -6.55844    -6.62897   0.0170973
         521    -6.55955    -6.62884    0.017065
         522    -6.56071    -6.62871   0.0170328
         523    -6.56161    -6.62858   0.0170007
         524    -6.56256    -6.62846   0.0169688
         525    -6.56388    -6.62833   0.0169369
         526    -6.56493    -6.62821   0.0169051
         527    -6.56636     -6.6281   0.0168734
         528    -6.56816    -6.62798   0.0168419
         529    -6.56968    -6.62787   0.0168104
         530    -6.57094    -6.62776    0.016779
         531    -6.57191    -6.62766   0.0167477
         532    -6.57326    -6.62756   0.0167166
         533    -6.57497    -6.62746   0.0166855
         534    -6.57738    -6.62736   0.0166545
         535    -6.57919    -6.62727   0.0166236
         536    -6.58071    -6.62719   0.0165928
         537    -6.58291    -6.62711   0.0165622
         538    -6.58451    -6.62703   0.0165316
         539    -6.58679    -6.62695   0.0165011
         540    -6.58877    -6.62688   0.0164707
         541    -6.59047    -6.62681   0.0164403
         542    -6.59219    -6.62675   0.0164101
         543    -6.59426    -6.62669     0.01638
         544    -6.59766    -6.62664     0.01635
         545     -6.5988    -6.62659   0.0163201
         546    -6.60062    -6.62654   0.0162903
         547     -6.6031    -6.62649   0.0162605
         548     -6.6056    -6.62646   0.0162309
         549    -6.60745    -6.62642   0.0162014
         550    -6.60965    -6.62639   0.0161719
         551    -6.61184    -6.62636   0.0161426
         552    -6.61436    -6.62634   0.0161134
         553    -6.61721    -6.62633   0.0160843
         554    -6.61908    -6.62631   0.0160552
         555    -6.62192    -6.62631   0.0160263
         556    -6.62378     -6.6263   0.0159975
         557    -6.62596     -6.6263   0.0159688
         558    -6.62909    -6.62631   0.0159401
         559    -6.63091    -6.62631   0.0159116
         560    -6.63304    -6.62633   0.0158832
         561     -6.6345    -6.62634   0.0158549
         562    -6.63723    -6.62636   0.0158267
         563    -6.63929    -6.62638   0.0157986
         564    -6.64131    -6.62641   0.0157706
         565    -6.64331    -6.62644   0.0157427
         566    -6.64528    -6.62647    0.015715
         567    -6.64818    -6.62651   0.0156873
         568    -6.64976    -6.62655   0.0156597
         569    -6.65194     -6.6266   0.0156323
         570    -6.65311    -6.62664   0.0156049
         571    -6.65457    -6.62669   0.0155777
         572    -6.65566    -6.62674   0.0155505
         573    -6.65735     -6.6268   0.0155235
         574    -6.65868    -6.62685   0.0154965
         575    -6.66028    -6.62691   0.0154697
         576    -6.66152    -6.62697   0.0154429
         577    -6.66336    -6.62703   0.0154163
         578    -6.66482     -6.6271   0.0153898
         579    -6.66624    -6.62717   0.0153633
         580    -6.66729    -6.62723    0.015337
         581    -6.66894    -6.62731   0.0153108
         582    -6.67021    -6.62738   0.0152847
         583    -6.67241    -6.62746   0.0152586
         584    -6.67392    -6.62754   0.0152327
         585    -6.67506    -6.62762   0.0152069
         586    -6.67615     -6.6277   0.0151812
         587    -6.67687    -6.62778   0.0151555
         588    -6.67788    -6.62787     0.01513
         589    -6.67819    -6.62796   0.0151046
         590     -6.6791    -6.62804   0.0150792
         591    -6.67965    -6.62813   0.0150539
         592    -6.67951    -6.62822   0.0150288
         593    -6.68063     -6.6283   0.0150037
         594    -6.68106    -6.62839   0.0149787
         595    -6.68178    -6.62848   0.0149538
         596    -6.68214    -6.62857    0.014929
         597    -6.68279    -6.62866   0.0149042
         598    -6.68374    -6.62876   0.0148796
         599    -6.68498    -6.62885    0.014855
         600    -6.68554    -6.62894   0.0148306
         601    -6.68673    -6.62904   0.0148062
         602    -6.68724    -6.62914   0.0147819
         603    -6.68643    -6.62923   0.0147577
         604    -6.68658    -6.62933   0.0147336
         605    -6.68638    -6.62942   0.0147095
         606    -6.68714    -6.62952   0.0146856
         607     -6.6882    -6.62961   0.0146617
         608    -6.68925    -6.62971   0.0146379
         609    -6.68931    -6.62981   0.0146142
         610    -6.69001    -6.62991   0.0145906
         611    -6.69005    -6.63001    0.014567
         612    -6.69009     -6.6301   0.0145436
         613    -6.69043     -6.6302   0.0145202
         614     -6.6911     -6.6303   0.0144969
         615    -6.69144     -6.6304   0.0144736
         616     -6.6921     -6.6305   0.0144505
         617    -6.69244     -6.6306   0.0144274
         618    -6.69213     -6.6307   0.0144044
         619    -6.69246     -6.6308   0.0143815
         620    -6.69248     -6.6309   0.0143586
         621    -6.69315      -6.631   0.0143359
         622    -6.69349     -6.6311   0.0143132
         623    -6.69384     -6.6312   0.0142905
         624    -6.69485     -6.6313    0.014268
         625    -6.69554    -6.63141   0.0142456
         626    -6.69592    -6.63151   0.0142232
         627    -6.69663    -6.63161   0.0142009
         628    -6.69638    -6.63172   0.0141786
         629    -6.69679    -6.63182   0.0141565
         630    -6.69721    -6.63192   0.0141344
         631    -6.69764    -6.63203   0.0141124
         632    -6.69874    -6.63213   0.0140904
         633    -6.69952    -6.63224   0.0140686
         634    -6.70033    -6.63235   0.0140468
         635    -6.70082    -6.63246   0.0140251
         636    -6.70133    -6.63256   0.0140034
         637    -6.70186    -6.63267   0.0139819
         638    -6.70208    -6.63278   0.0139604
         639    -6.70265    -6.63289    0.013939
         640    -6.70355      -6.633   0.0139176
         641    -6.70383    -6.63311   0.0138964
         642    -6.70444    -6.63322   0.0138752
         643    -6.70475    -6.63333    0.013854
         644    -6.70573    -6.63345    0.013833
         645    -6.70673    -6.63356    0.013812
         646    -6.70742    -6.63367   0.0137911
         647    -6.70878    -6.63379   0.0137702
         648    -6.70918    -6.63391   0.0137495
         649    -6.70961    -6.63402   0.0137288
         650    -6.71037    -6.63414   0.0137082
         651    -6.71083    -6.63426   0.0136876
         652     -6.7113    -6.63438   0.0136671
         653    -6.71276     -6.6345   0.0136467
         654    -6.71391    -6.63462   0.0136264
         655    -6.71508    -6.63474   0.0136062
         656    -6.71594    -6.63487    0.013586
         657    -6.71648    -6.63499   0.0135659
         658    -6.71704    -6.63511   0.0135458
         659    -6.71923    -6.63524   0.0135259
         660    -6.71981    -6.63537    0.013506
         661     -6.7204     -6.6355   0.0134862
         662    -6.72099    -6.63563   0.0134664
         663    -6.72192    -6.63576   0.0134467
         664    -6.72253    -6.63589   0.0134271
         665    -6.72411    -6.63602   0.0134076
         666    -6.72504    -6.63615   0.0133881
         667     -6.7263    -6.63629   0.0133687
         668    -6.72692    -6.63643   0.0133494
         669    -6.72817    -6.63656   0.0133302
         670     -6.7291     -6.6367    0.013311
         671    -6.73003    -6.63684   0.0132919
         672    -6.73062    -6.63698   0.0132728
         673    -6.73185    -6.63712   0.0132538
         674    -6.73275    -6.63726   0.0132349
         675    -6.73396    -6.63741   0.0132161
         676    -6.73515    -6.63755   0.0131973
         677     -6.7373     -6.6377   0.0131787
         678    -6.73749    -6.63784   0.0131601
         679    -6.73864    -6.63799   0.0131415
         680    -6.73944    -6.63814    0.013123
         681    -6.74086    -6.63829   0.0131046
         682    -6.74129    -6.63844   0.0130863
         683    -6.74138     -6.6386    0.013068
         684    -6.74208    -6.63875   0.0130498
         685    -6.74276     -6.6389   0.0130316
         686    -6.74405    -6.63905   0.0130135
         687    -6.74467    -6.63921   0.0129955
         688    -6.74558    -6.63936   0.0129775
         689    -6.74581    -6.63951   0.0129596
         690    -6.74601    -6.63967   0.0129417
         691    -6.74552    -6.63982   0.0129239
         692     -6.7463    -6.63998   0.0129061
         693    -6.74607    -6.64013   0.0128884
         694    -6.74613    -6.64028   0.0128708
         695    -6.74614    -6.64043   0.0128531
         696    -6.74645    -6.64059   0.0128356
         697    -6.74639    -6.64074   0.0128181
         698    -6.74694    -6.64089   0.0128006
         699    -6.74713    -6.64104   0.0127832
         700    -6.74728    -6.64119   0.0127658
         701    -6.74738    -6.64135   0.0127485
         702    -6.74744     -6.6415   0.0127312
         703    -6.74778    -6.64165    0.012714
         704    -6.74711     -6.6418   0.0126969
         705    -6.74705    -6.64195   0.0126797
         706    -6.74662     -6.6421   0.0126626
         707     -6.7468    -6.64224   0.0126456
         708    -6.74661    -6.64239   0.0126286
         709    -6.74605    -6.64254   0.0126116
         710    -6.74546    -6.64268   0.0125947
         711    -6.74547    -6.64283   0.0125778
         712    -6.74543    -6.64297    0.012561
         713    -6.74504    -6.64311   0.0125442
         714     -6.7446    -6.64326   0.0125274
         715    -6.74412     -6.6434   0.0125107
         716    -6.74327    -6.64354    0.012494
         717    -6.74272    -6.64367   0.0124773
         718    -6.74212    -6.64381   0.0124607
         719    -6.74148    -6.64395   0.0124441
         720    -6.74081    -6.64408   0.0124275
         721    -6.74074    -6.64422    0.012411
         722    -6.73967    -6.64435   0.0123946
         723    -6.73921    -6.64448   0.0123781
         724    -6.73806    -6.64461   0.0123617
         725    -6.73688    -6.64474   0.0123453
         726    -6.73502    -6.64486   0.0123289
         727    -6.73442    -6.64498   0.0123126
         728    -6.73314     -6.6451   0.0122962
         729    -6.73215    -6.64522     0.01228
         730    -6.73113    -6.64534   0.0122637
         731    -6.73008    -6.64546   0.0122475
         732      -6.729    -6.64557   0.0122313
         733    -6.72724    -6.64568   0.0122151
         734    -6.72577    -6.64579   0.0121989
         735    -6.72428     -6.6459   0.0121828
         736    -6.72373      -6.646   0.0121667
         737    -6.72252    -6.64611   0.0121506
         738    -6.72095    -6.64621   0.0121346
         739    -6.71904    -6.64631   0.0121186
         740    -6.71742     -6.6464   0.0121026
         741    -6.71644     -6.6465   0.0120866
         742     -6.7151    -6.64659   0.0120707
         743    -6.71375    -6.64668   0.0120548
         744     -6.7127    -6.64677   0.0120389
         745    -6.71164    -6.64686   0.0120231
         746    -6.71023    -6.64694   0.0120072
         747    -6.70882    -6.64703   0.0119915
         748    -6.70771    -6.64711   0.0119757
         749    -6.70659    -6.64719     0.01196
         750    -6.70481    -6.64726   0.0119443
         751    -6.70498    -6.64734   0.0119286
         752    -6.70319    -6.64741    0.011913
         753    -6.70237    -6.64749   0.0118974
         754     -6.7009    -6.64756   0.0118818
         755    -6.69976    -6.64763   0.0118663
         756    -6.69829    -6.64769   0.0118508
         757    -6.69682    -6.64776   0.0118353
         758    -6.69471    -6.64782   0.0118199
         759    -6.69358    -6.64788   0.0118044
         760    -6.69213    -6.64794    0.011789
         761    -6.69037      -6.648   0.0117737
         762    -6.68927    -6.64805   0.0117584
         763    -6.68787     -6.6481   0.0117431
         764    -6.68615    -6.64815   0.0117278
         765    -6.68477     -6.6482   0.0117126
         766    -6.68341    -6.64825   0.0116974
         767    -6.68208    -6.64829   0.0116822
         768    -6.68044    -6.64833   0.0116671
         769    -6.67948    -6.64837    0.011652
         770    -6.67854    -6.64841   0.0116369
         771    -6.67731    -6.64845   0.0116219
         772    -6.67644    -6.64848   0.0116069
         773    -6.67494    -6.64852   0.0115919
         774    -6.67349    -6.64855    0.011577
         775    -6.67271    -6.64858   0.0115621
         776    -6.67165    -6.64861   0.0115472
         777    -6.67063    -6.64864   0.0115324
         778    -6.66932    -6.64867   0.0115176
         779     -6.6687    -6.64869   0.0115028
         780     -6.6678    -6.64872   0.0114881
         781    -6.66629    -6.64874   0.0114734
         782    -6.66547    -6.64876   0.0114588
         783     -6.6647    -6.64878   0.0114442
         784    -6.66365     -6.6488   0.0114296
         785    -6.66264    -6.64882    0.011415
         786      -6.662    -6.64883   0.0114005
         787    -6.66141    -6.64885    0.011386
         788    -6.66119    -6.64887   0.0113716
         789    -6.66296    -6.64888   0.0113572
         790     -6.6625     -6.6489   0.0113428
         791     -6.6621    -6.64892   0.0113285
         792    -6.66205    -6.64893   0.0113142
         793    -6.66238    -6.64895      0.0113
         794    -6.66308    -6.64897   0.0112857
         795    -6.66285    -6.64899   0.0112716
         796    -6.66234      -6.649   0.0112574
         797    -6.66187    -6.64902   0.0112433
         798    -6.66177    -6.64904   0.0112292
         799     -6.6617    -6.64905   0.0112152
         800    -6.66168    -6.64907   0.0112012
         801    -6.66137    -6.64908   0.0111872
         802    -6.66175     -6.6491   0.0111733
         803    -6.66087    -6.64911   0.0111594
         804    -6.66067    -6.64913   0.0111455
         805    -6.66083    -6.64914   0.0111317
         806    -6.66103    -6.64916   0.0111179
         807    -6.66093    -6.64917   0.0111041
         808    -6.66216    -6.64919   0.0110904
         809     -6.6618     -6.6492   0.0110767
         810     -6.6618    -6.64922    0.011063
         811    -6.66247    -6.64924   0.0110494
         812    -6.66285    -6.64925   0.0110358
         813    -6.66293    -6.64927   0.0110222
         814    -6.66336    -6.64929   0.0110087
         815    -6.66381     -6.6493   0.0109952
         816    -6.66429    -6.64932   0.0109817
         817    -6.66415    -6.64934   0.0109683
         818    -6.66467    -6.64936   0.0109549
         819    -6.66587    -6.64938   0.0109416
         820    -6.66676     -6.6494   0.0109282
         821    -6.66768    -6.64942   0.0109149
         822    -6.66797    -6.64945   0.0109017
         823     -6.6686    -6.64947   0.0108885
         824    -6.66925    -6.64949   0.0108753
         825    -6.66992    -6.64952   0.0108621
         826    -6.67093    -6.64954    0.010849
         827    -6.67164    -6.64957   0.0108359
         828    -6.67237     -6.6496   0.0108229
         829    -6.67311    -6.64963   0.0108098
         830    -6.67386    -6.64966   0.0107969
         831    -6.67431    -6.64968   0.0107839
         832    -6.67509    -6.64972    0.010771
         833    -6.67622    -6.64975   0.0107581
         834    -6.67638    -6.64978   0.0107453
         835    -6.67753    -6.64981   0.0107324
         836    -6.67869    -6.64985   0.0107197
         837    -6.67954    -6.64988   0.0107069
         838    -6.68007    -6.64992   0.0106942
         839    -6.68126    -6.64996   0.0106815
         840    -6.68149    -6.64999   0.0106689
         841    -6.68205    -6.65003   0.0106562
         842    -6.68294    -6.65007   0.0106437
         843    -6.68383    -6.65011   0.0106311
         844    -6.68505    -6.65015   0.0106186
         845    -6.68628    -6.65019   0.0106061
         846    -6.68783    -6.65024   0.0105937
         847    -6.68873    -6.65028   0.0105813
         848    -6.68931    -6.65033   0.0105689
         849    -6.68988    -6.65038   0.0105565
         850     -6.6911    -6.65043   0.0105442
         851    -6.69199    -6.65047   0.0105319
         852    -6.69288    -6.65052   0.0105197
         853    -6.69343    -6.65057   0.0105075
         854    -6.69301    -6.65062   0.0104953
         855    -6.69354    -6.65067   0.0104832
         856    -6.69536    -6.65073    0.010471
         857    -6.69652    -6.65078    0.010459
         858    -6.69702    -6.65083   0.0104469
         859    -6.69814    -6.65089   0.0104349
         860    -6.69827    -6.65094   0.0104229
         861    -6.69903      -6.651   0.0104109
         862    -6.69945    -6.65106    0.010399
         863    -6.69951    -6.65111   0.0103871
         864     -6.7002    -6.65117   0.0103753
         865    -6.70053    -6.65123   0.0103634
         866    -6.70148    -6.65128   0.0103516
         867    -6.70207    -6.65134   0.0103398
         868    -6.70262     -6.6514   0.0103281
         869    -6.70282    -6.65146   0.0103164
         870    -6.70298    -6.65152   0.0103047
         871    -6.70343    -6.65158    0.010293
         872    -6.70351    -6.65164   0.0102814
         873    -6.70451     -6.6517   0.0102698
         874    -6.70548    -6.65176   0.0102582
         875    -6.70607    -6.65182   0.0102467
         876    -6.70661    -6.65189   0.0102352
         877     -6.7071    -6.65195   0.0102237
         878    -6.70657    -6.65201   0.0102123
         879    -6.70696    -6.65207   0.0102008
         880    -6.70697    -6.65214   0.0101894
         881    -6.70628     -6.6522   0.0101781
         882    -6.70651    -6.65226   0.0101667
         883    -6.70667    -6.65232   0.0101554
         884    -6.70646    -6.65238   0.0101441
         885    -6.70618    -6.65244   0.0101328
         886    -6.70585     -6.6525   0.0101215
         887    -6.70449    -6.65256   0.0101103
         888    -6.70404    -6.65262   0.0100991
         889    -6.70288    -6.65268   0.0100879
         890    -6.70231    -6.65273   0.0100767
         891    -6.70104    -6.65279   0.0100655
         892    -6.70035    -6.65284   0.0100544
         893     -6.6996    -6.65289   0.0100433
         894    -6.69847    -6.65294   0.0100322
         895    -6.69761    -6.65299   0.0100211
         896    -6.69701    -6.65304     0.01001
         897    -6.69668    -6.65309  0.00999896
         898    -6.69564    -6.65314  0.00998794
         899    -6.69521    -6.65318  0.00997694
         900    -6.69439    -6.65323  0.00996596
         901    -6.69224    -6.65327  0.00995499
         902    -6.69068    -6.65331  0.00994404
         903    -6.68973    -6.65336  0.00993311
         904    -6.68776    -6.65339   0.0099222
         905    -6.68672    -6.65343   0.0099113
         906    -6.68467    -6.65346  0.00990042
         907    -6.68291     -6.6535  0.00988956
         908    -6.68111    -6.65353  0.00987871
         909    -6.67993    -6.65356  0.00986789
         910    -6.67905    -6.65358  0.00985708
         911    -6.67847    -6.65361   0.0098463
         912    -6.67689    -6.65364  0.00983554
         913    -6.67562    -6.65366   0.0098248
         914    -6.67368    -6.65368  0.00981407
         915    -6.67109     -6.6537  0.00980336
         916    -6.66849    -6.65372  0.00979267
         917    -6.66621    -6.65373  0.00978201
         918    -6.66457    -6.65374  0.00977136
         919    -6.66262    -6.65375  0.00976073
         920    -6.66164    -6.65376  0.00975012
         921    -6.66002    -6.65377  0.00973954
         922    -6.65841    -6.65377  0.00972898
         923    -6.65682    -6.65378  0.00971844
         924    -6.65493    -6.65378  0.00970792
         925    -6.65339    -6.65378  0.00969742
         926    -6.65123    -6.65378  0.00968695
         927    -6.64942    -6.65377   0.0096765
         928    -6.64829    -6.65376  0.00966608
         929     -6.6472    -6.65376  0.00965568
         930    -6.64486    -6.65375   0.0096453
         931    -6.64321    -6.65374  0.00963494
         932     -6.6416    -6.65372  0.00962462
         933    -6.64101    -6.65371  0.00961431
         934    -6.63886    -6.65369  0.00960403
         935    -6.63709    -6.65368  0.00959377
         936    -6.63602    -6.65366  0.00958354
         937    -6.63469    -6.65364  0.00957334
         938    -6.63406    -6.65362  0.00956315
         939    -6.63318    -6.65359  0.00955299
         940    -6.63301    -6.65357  0.00954286
         941    -6.63258    -6.65355  0.00953274
         942    -6.63189    -6.65353  0.00952265
         943     -6.6316     -6.6535  0.00951258
         944    -6.63105    -6.65348  0.00950253
         945    -6.63057    -6.65346  0.00949251
         946    -6.63114    -6.65343   0.0094825
         947    -6.63048    -6.65341  0.00947252
         948    -6.63087    -6.65338  0.00946256
         949    -6.63068    -6.65336  0.00945262
         950    -6.63023    -6.65334   0.0094427
         951    -6.63019    -6.65331   0.0094328
         952    -6.63053    -6.65329  0.00942292
         953    -6.63062    -6.65326  0.00941306
         954    -6.63111    -6.65324  0.00940323
         955    -6.63133    -6.65322  0.00939341
         956    -6.63162     -6.6532  0.00938361
         957    -6.63197    -6.65317  0.00937383
         958    -6.63239    -6.65315  0.00936407
         959    -6.63286    -6.65313  0.00935433
         960    -6.63371    -6.65311  0.00934461
         961     -6.6343    -6.65309   0.0093349
         962    -6.63494    -6.65307  0.00932522
         963    -6.63562    -6.65305  0.00931555
         964    -6.63636    -6.65304  0.00930591
         965    -6.63681    -6.65302  0.00929628
         966    -6.63827      -6.653  0.00928667
         967     -6.6388    -6.65299  0.00927707
         968    -6.63936    -6.65298   0.0092675
         969    -6.64061    -6.65296  0.00925795
         970    -6.64156    -6.65295  0.00924841
         971    -6.64285    -6.65294  0.00923889
         972    -6.64352    -6.65293  0.00922939
         973    -6.64453    -6.65292  0.00921991
         974     -6.6462    -6.65292  0.00921045
         975    -6.64723    -6.65291    0.009201
         976    -6.64826     -6.6529  0.00919158
         977     -6.6493     -6.6529  0.00918217
         978    -6.65001     -6.6529  0.00917278
         979    -6.65136     -6.6529  0.00916341
         980    -6.65205     -6.6529  0.00915406
         981    -6.65305     -6.6529  0.00914473
         982    -6.65371     -6.6529  0.00913542
         983    -6.65434     -6.6529  0.00912612
         984     -6.6543     -6.6529  0.00911685
         985     -6.6552     -6.6529  0.00910759
         986    -6.65575     -6.6529  0.00909836
         987     -6.6569    -6.65291  0.00908914
         988    -6.65801    -6.65291  0.00907994
         989    -6.65876    -6.65292  0.00907076
         990    -6.65913    -6.65293   0.0090616
         991    -6.66074    -6.65293  0.00905246
         992    -6.66133    -6.65294  0.00904334
         993    -6.66186    -6.65295  0.00903424
         994    -6.66266    -6.65296  0.00902515
         995    -6.66274    -6.65297  0.00901609
         996    -6.66373    -6.65298  0.00900704
         997    -6.66432    -6.65299  0.00899802
         998    -6.66485    -6.65301  0.00898901
         999     -6.6653    -6.65302  0.00898002
        1000      -6.666    -6.65303  0.00897105
        1001    -6.66598    -6.65304   0.0089621
        1002    -6.66588    -6.65306  0.00895316
        1003    -6.66505    -6.65307  0.00894424
        1004    -6.66478    -6.65308  0.00893534
        1005    -6.66476    -6.65309  0.00892646
        1006    -6.66401     -6.6531  0.00891759
        1007    -6.66286    -6.65311  0.00890874
        1008    -6.66227    -6.65312  0.00889991
        1009     -6.6616    -6.65313  0.00889109
        1010    -6.66149    -6.65314  0.00888229
        1011    -6.65968    -6.65314  0.00887351
        1012    -6.65941    -6.65315  0.00886474
        1013    -6.65906    -6.65316  0.00885599
        1014    -6.65896    -6.65316  0.00884726
        1015    -6.65749    -6.65317  0.00883855
        1016    -6.65626    -6.65317  0.00882985
        1017    -6.65496    -6.65317  0.00882116
        1018    -6.65294    -6.65317   0.0088125
        1019     -6.6515    -6.65317  0.00880385
        1020    -6.64999    -6.65317  0.00879522
        1021    -6.64907    -6.65316  0.00878661
        1022    -6.64744    -6.65316  0.00877801
        1023    -6.64543    -6.65315  0.00876943
        1024    -6.64402    -6.65314  0.00876087
        1025     -6.6419    -6.65313  0.00875233
        1026     -6.6391    -6.65312  0.00874381
        1027    -6.63723     -6.6531  0.00873531
        1028    -6.63532    -6.65308  0.00872683
        1029    -6.63337    -6.65306  0.00871837
        1030    -6.63173    -6.65304  0.00870993
        1031    -6.62909    -6.65302  0.00870152
        1032    -6.62676    -6.65299  0.00869312
        1033    -6.62441    -6.65297  0.00868475
        1034    -6.62239    -6.65294   0.0086764
        1035    -6.62036    -6.65291  0.00866808
        1036    -6.61866    -6.65287  0.00865977
        1037    -6.61632    -6.65284  0.00865149
        1038    -6.61465     -6.6528  0.00864324
        1039      -6.613    -6.65276    0.008635
        1040    -6.61137    -6.65272  0.00862679
        1041    -6.60946    -6.65268  0.00861861
        1042     -6.6079    -6.65264  0.00861044
        1043    -6.60509    -6.65259  0.00860231
        1044    -6.60396    -6.65255  0.00859419
        1045    -6.60255     -6.6525   0.0085861
        1046    -6.60088    -6.65245  0.00857803
        1047    -6.59927     -6.6524  0.00856999
        1048    -6.59838    -6.65235  0.00856197
        1049    -6.59724    -6.65229  0.00855397
        1050    -6.59619    -6.65224  0.00854599
        1051    -6.59457    -6.65219  0.00853803
        1052      -6.594    -6.65213   0.0085301
        1053    -6.59257    -6.65207  0.00852218
        1054     -6.5909    -6.65202   0.0085143
        1055    -6.58999    -6.65196  0.00850643
        1056    -6.58853     -6.6519  0.00849859
        1057    -6.58783    -6.65184  0.00849076
        1058    -6.58756    -6.65177  0.00848295
        1059    -6.58708    -6.65171  0.00847516
        1060    -6.58671    -6.65165  0.00846739
        1061    -6.58678    -6.65159  0.00845963
        1062    -6.58633    -6.65153  0.00845189
        1063    -6.58631    -6.65147  0.00844416
        1064    -6.58706    -6.65141  0.00843644
        1065    -6.58762    -6.65135  0.00842873
        1066    -6.58829    -6.65129  0.00842103
        1067    -6.58875    -6.65123  0.00841334
        1068    -6.58999    -6.65117  0.00840566
        1069    -6.59134    -6.65112  0.00839798
        1070    -6.59184    -6.65106  0.00839032
        1071    -6.59311    -6.65101  0.00838266
        1072    -6.59416    -6.65095  0.00837501
        1073    -6.59533     -6.6509  0.00836736
        1074    -6.59629    -6.65085  0.00835973
        1075    -6.59768     -6.6508   0.0083521
        1076    -6.60014    -6.65076  0.00834447
        1077    -6.60142    -6.65071  0.00833684
        1078    -6.60377    -6.65067  0.00832922
        1079    -6.60589    -6.65062  0.00832161
        1080    -6.60746    -6.65058    0.008314
        1081    -6.60944    -6.65055  0.00830639
        1082    -6.61118    -6.65051   0.0082988
        1083    -6.61333    -6.65048  0.00829121
        1084    -6.61557    -6.65044  0.00828362
        1085    -6.61787    -6.65041  0.00827604
        1086    -6.62025    -6.65039  0.00826847
        1087    -6.62237    -6.65036   0.0082609
        1088     -6.6239    -6.65034  0.00825334
        1089    -6.62615    -6.65031  0.00824579
        1090    -6.62844    -6.65029  0.00823825
        1091    -6.63111    -6.65028  0.00823072
        1092    -6.63383    -6.65026   0.0082232
        1093    -6.63594    -6.65025  0.00821568
        1094    -6.63906    -6.65024  0.00820818
        1095    -6.64189    -6.65023  0.00820069
        1096    -6.64475    -6.65022  0.00819321
        1097    -6.64795    -6.65022  0.00818574
        1098    -6.65085    -6.65022  0.00817828
        1099    -6.65409    -6.65023  0.00817084
        1100    -6.65702    -6.65023  0.00816342
        1101    -6.65995    -6.65024  0.00815601
        1102    -6.66288    -6.65025  0.00814861
        1103    -6.66614    -6.65027  0.00814124
        1104    -6.66777    -6.65028  0.00813388
        1105    -6.67069     -6.6503  0.00812654
        1106    -6.67488    -6.65032  0.00811922
        1107    -6.67776    -6.65035  0.00811193
        1108    -6.68095    -6.65038  0.00810465
        1109    -6.68411    -6.65041   0.0080974
        1110    -6.68658    -6.65044  0.00809017
        1111    -6.68935    -6.65047  0.00808297
        1112    -6.69143    -6.65051  0.00807578
        1113    -6.69411    -6.65055  0.00806862
        1114    -6.69675    -6.65059  0.00806148
        1115    -6.69934    -6.65064  0.00805437
        1116    -6.70219    -6.65068  0.00804729
        1117    -6.70435    -6.65073  0.00804023
        1118    -6.70709    -6.65078  0.00803319
        1119    -6.71009    -6.65083  0.00802619
        1120     -6.7127    -6.65089  0.00801921
        1121    -6.71459    -6.65095  0.00801226
        1122    -6.71706      -6.651  0.00800534
        1123     -6.7188    -6.65106  0.00799843
        1124    -6.72046    -6.65113  0.00799156
        1125    -6.72237    -6.65119   0.0079847
        1126    -6.72387    -6.65125  0.00797787
        1127    -6.72592    -6.65132  0.00797107
        1128    -6.72725    -6.65139  0.00796429
        1129     -6.7288    -6.65146  0.00795753
        1130    -6.72897    -6.65153  0.00795078
        1131    -6.72969    -6.65159  0.00794405
        1132    -6.73064    -6.65166  0.00793734
        1133    -6.73246    -6.65174  0.00793066
        1134    -6.73321    -6.65181  0.00792399
        1135    -6.73386    -6.65188  0.00791734
        1136    -6.73473    -6.65195   0.0079107
        1137     -6.7355    -6.65203  0.00790409
        1138    -6.73584     -6.6521  0.00789748
        1139    -6.73575    -6.65217  0.00789089
        1140    -6.73588    -6.65225  0.00788431
        1141    -6.73526    -6.65232  0.00787774
        1142    -6.73583    -6.65239  0.00787118
        1143     -6.7363    -6.65247  0.00786463
        1144    -6.73633    -6.65254   0.0078581
        1145    -6.73594    -6.65261  0.00785158
        1146    -6.73447    -6.65268  0.00784505
        1147    -6.73452    -6.65275  0.00783853
        1148    -6.73413    -6.65283  0.00783203
        1149    -6.73397     -6.6529  0.00782553
        1150    -6.73273    -6.65297  0.00781903
        1151    -6.73236    -6.65303  0.00781254
        1152    -6.73189     -6.6531  0.00780606
        1153    -6.73067    -6.65317  0.00779958
        1154    -6.72967    -6.65324   0.0077931
        1155    -6.72793     -6.6533  0.00778663
        1156    -6.72675    -6.65336  0.00778015
        1157    -6.72611    -6.65343  0.00777368
        1158     -6.7257    -6.65349  0.00776722
        1159    -6.72391    -6.65355  0.00776075
        1160    -6.72236    -6.65361  0.00775429
        1161    -6.72201    -6.65367  0.00774783
        1162    -6.72061    -6.65373  0.00774138
        1163    -6.71816    -6.65378  0.00773492
        1164     -6.7166    -6.65384  0.00772846
        1165    -6.71432    -6.65389  0.00772201
        1166    -6.71325    -6.65394  0.00771555
        1167    -6.71147    -6.65399   0.0077091
        1168    -6.70994    -6.65404  0.00770264
        1169    -6.70769    -6.65408  0.00769619
        1170    -6.70538    -6.65413  0.00768974
        1171      -6.703    -6.65417  0.00768329
        1172    -6.70024    -6.65421  0.00767683
        1173    -6.69742    -6.65424  0.00767037
        1174    -6.69423    -6.65428  0.00766392
        1175    -6.69261    -6.65431  0.00765746
        1176    -6.69029    -6.65434  0.00765101
        1177    -6.68825    -6.65437  0.00764457
        1178    -6.68553     -6.6544  0.00763812
        1179    -6.68277    -6.65442  0.00763168
        1180    -6.68029    -6.65444  0.00762525
        1181    -6.67747    -6.65446  0.00761882
        1182    -6.67493    -6.65448  0.00761239
        1183     -6.6727    -6.65449  0.00760597
        1184    -6.67012    -6.65451  0.00759956
        1185    -6.66656    -6.65452  0.00759315
        1186    -6.66395    -6.65453  0.00758675
        1187    -6.66069    -6.65453  0.00758036
        1188    -6.65774    -6.65453  0.00757398
        1189    -6.65414    -6.65453  0.00756761
        1190    -6.65183    -6.65453  0.00756125
        1191    -6.64824    -6.65453  0.00755491
        1192    -6.64563    -6.65452  0.00754857
        1193    -6.64303    -6.65451  0.00754225
        1194    -6.64044     -6.6545  0.00753594
        1195    -6.63755    -6.65448  0.00752965
        1196    -6.63468    -6.65447  0.00752337
        1197    -6.63087    -6.65445  0.00751711
        1198    -6.62806    -6.65442  0.00751087
        1199     -6.6256     -6.6544  0.00750465
        1200    -6.62318    -6.65437  0.00749844
        1201    -6.62048    -6.65435  0.00749225
        1202    -6.61815    -6.65432  0.00748607
        1203    -6.61554    -6.65428  0.00747992
        1204    -6.61265    -6.65425  0.00747379
        1205    -6.60983    -6.65421  0.00746768
        1206     -6.6077    -6.65417  0.00746158
        1207    -6.60565    -6.65413  0.00745551
        1208    -6.60333    -6.65409  0.00744946
        1209    -6.60011    -6.65405  0.00744343
        1210    -6.59794      -6.654  0.00743742
        1211    -6.59584    -6.65395  0.00743144
        1212    -6.59415     -6.6539  0.00742547
        1213    -6.59221    -6.65385  0.00741952
        1214    -6.59004     -6.6538   0.0074136
        1215    -6.58796    -6.65375  0.00740769
        1216    -6.58629    -6.65369  0.00740181
        1217    -6.58504    -6.65363  0.00739594
        1218    -6.58357    -6.65358  0.00739009
        1219     -6.5822    -6.65352  0.00738426
        1220    -6.58093    -6.65346  0.00737845
        1221    -6.57945     -6.6534  0.00737265
        1222     -6.5784    -6.65334  0.00736688
        1223    -6.57747    -6.65327  0.00736111
        1224    -6.57633    -6.65321  0.00735537
        1225     -6.5753    -6.65315  0.00734964
        1226    -6.57504    -6.65308  0.00734392
        1227    -6.57426    -6.65302  0.00733822
        1228     -6.5736    -6.65296  0.00733253
        1229    -6.57339    -6.65289  0.00732684
        1230    -6.57363    -6.65283  0.00732117
        1231    -6.57368    -6.65276  0.00731551
        1232    -6.57385     -6.6527  0.00730985
        1233    -6.57415    -6.65263   0.0073042
        1234    -6.57458    -6.65257  0.00729855
        1235    -6.57546    -6.65251  0.00729291
        1236    -6.57648    -6.65245  0.00728727
        1237    -6.57762    -6.65239  0.00728163
        1238    -6.57857    -6.65233  0.00727599
        1239    -6.57997    -6.65227  0.00727035
        1240    -6.58118    -6.65221  0.00726472
        1241    -6.58251    -6.65215  0.00725908
        1242    -6.58461     -6.6521  0.00725344
        1243    -6.58587    -6.65205   0.0072478
        1244    -6.58724    -6.65199  0.00724216
        1245    -6.58939    -6.65194  0.00723652
        1246    -6.59165     -6.6519  0.00723087
        1247    -6.59402    -6.65185  0.00722522
        1248     -6.5965    -6.65181  0.00721957
        1249    -6.59942    -6.65176  0.00721391
        1250    -6.60083    -6.65172  0.00720825
        1251    -6.60298    -6.65168   0.0072026
        1252    -6.60555    -6.65165  0.00719694
        1253    -6.60822    -6.65161  0.00719128
        1254     -6.6113    -6.65158  0.00718562
        1255    -6.61446    -6.65155  0.00717995
        1256     -6.6177    -6.65152  0.00717428
        1257    -6.62102     -6.6515  0.00716862
        1258    -6.62441    -6.65148  0.00716295
        1259    -6.62755    -6.65146  0.00715729
        1260    -6.63107    -6.65144  0.00715163
        1261      -6.634    -6.65143  0.00714597
        1262    -6.63665    -6.65142  0.00714031
        1263    -6.64001    -6.65141  0.00713467
        1264    -6.64341     -6.6514  0.00712903
        1265    -6.64684     -6.6514  0.00712339
        1266    -6.65063     -6.6514  0.00711776
        1267    -6.65478     -6.6514  0.00711215
        1268    -6.65895    -6.65141  0.00710654
        1269    -6.66282    -6.65142  0.00710095
        1270    -6.66638    -6.65143  0.00709536
        1271    -6.66962    -6.65144   0.0070898
        1272    -6.67256    -6.65146  0.00708424
        1273    -6.67581    -6.65148   0.0070787
        1274    -6.67907     -6.6515  0.00707318
        1275    -6.68264    -6.65152  0.00706767
        1276    -6.68653    -6.65155  0.00706219
        1277    -6.69007    -6.65158  0.00705672
        1278    -6.69392    -6.65161  0.00705128
        1279    -6.69743    -6.65165  0.00704586
        1280    -6.70091    -6.65169  0.00704046
        1281    -6.70404    -6.65173  0.00703508
        1282    -6.70714    -6.65177  0.00702973
        1283    -6.71085    -6.65182   0.0070244
        1284    -6.71355    -6.65187  0.00701909
        1285    -6.71686    -6.65192  0.00701381
        1286    -6.72013    -6.65197  0.00700856
        1287      -6.724    -6.65203  0.00700333
        1288    -6.72717    -6.65208  0.00699814
        1289    -6.72964    -6.65214  0.00699297
        1290    -6.73271    -6.65221  0.00698783
        1291    -6.73605    -6.65227  0.00698272
        1292    -6.73934    -6.65234  0.00697764
        1293    -6.74193    -6.65241  0.00697259
        1294     -6.7451    -6.65248  0.00696756
        1295    -6.74757    -6.65255  0.00696257
        1296    -6.75095    -6.65263  0.00695761
        1297    -6.75394    -6.65271  0.00695269
        1298    -6.75655    -6.65279  0.00694779
        1299     -6.7591    -6.65287  0.00694292
        1300    -6.76094    -6.65295  0.00693808
        1301    -6.76368    -6.65304  0.00693327
        1302    -6.76572    -6.65312  0.00692849
        1303    -6.76801    -6.65321  0.00692373
        1304    -6.77056     -6.6533    0.006919
        1305    -6.77239    -6.65339   0.0069143
        1306    -6.77449    -6.65349  0.00690963
        1307    -6.77684    -6.65358  0.00690499
        1308    -6.77848    -6.65368  0.00690037
        1309    -6.77908    -6.65377  0.00689576
        1310    -6.78027    -6.65387  0.00689118
        1311    -6.78236    -6.65397  0.00688662
        1312    -6.78374    -6.65407  0.00688208
        1313    -6.78538    -6.65417  0.00687756
        1314    -6.78695    -6.65427  0.00687307
        1315    -6.78813    -6.65437   0.0068686
        1316    -6.78924    -6.65447  0.00686414
        1317    -6.79126    -6.65457  0.00685972
        1318    -6.79257    -6.65468  0.00685531
        1319    -6.79446    -6.65479  0.00685093
        1320    -6.79564    -6.65489  0.00684657
        1321    -6.79675      -6.655  0.00684223
        1322    -6.79812    -6.65511  0.00683791
        1323    -6.79877    -6.65522  0.00683361
        1324    -6.80001    -6.65533  0.00682932
        1325    -6.80118    -6.65544  0.00682506
        1326    -6.80163    -6.65555   0.0068208
        1327    -6.80169    -6.65566  0.00681655
        1328    -6.80299    -6.65577  0.00681232
        1329    -6.80324    -6.65588   0.0068081
        1330    -6.80311    -6.65599  0.00680388
        1331    -6.80323     -6.6561  0.00679966
        1332    -6.80426    -6.65621  0.00679547
        1333    -6.80392    -6.65632  0.00679127
        1334    -6.80449    -6.65643  0.00678709
        1335      -6.805    -6.65654  0.00678292
        1336    -6.80543    -6.65666  0.00677876
        1337    -6.80547    -6.65677   0.0067746
        1338     -6.8061    -6.65688  0.00677046
        1339      -6.806    -6.65699  0.00676632
        1340    -6.80584     -6.6571  0.00676218
        1341    -6.80561    -6.65721  0.00675804
        1342    -6.80499    -6.65732   0.0067539
        1343    -6.80463    -6.65743  0.00674977
        1344     -6.8042    -6.65754  0.00674563
        1345    -6.80338    -6.65765  0.00674148
        1346    -6.80281    -6.65776  0.00673734
        1347     -6.8025    -6.65786  0.00673319
        1348     -6.8018    -6.65797  0.00672904
        1349    -6.80103    -6.65808  0.00672489
        1350    -6.79986    -6.65818  0.00672073
        1351    -6.79928    -6.65829  0.00671657
        1352    -6.79862    -6.65839   0.0067124
        1353    -6.79757    -6.65849  0.00670823
        1354    -6.79613    -6.65859  0.00670404
        1355    -6.79559     -6.6587  0.00669986
        1356    -6.79498     -6.6588  0.00669567
        1357    -6.79366     -6.6589  0.00669148
        1358    -6.79194    -6.65899  0.00668727
        1359    -6.79015    -6.65909  0.00668304
        1360    -6.78861    -6.65919  0.00667881
        1361    -6.78733    -6.65928  0.00667456
        1362     -6.7863    -6.65937  0.00667031
        1363    -6.78454    -6.65946  0.00666605
        1364    -6.78272    -6.65955  0.00666178
        1365    -6.78146    -6.65964  0.00665749
        1366    -6.77949    -6.65973   0.0066532
        1367    -6.77711    -6.65982  0.00664889
        1368    -6.77498     -6.6599  0.00664456
        1369    -6.77278    -6.65998  0.00664022
        1370    -6.77017    -6.66006  0.00663586
        1371    -6.76781    -6.66014  0.00663148
        1372    -6.76505    -6.66022  0.00662709
        1373    -6.76253    -6.66029  0.00662268
        1374    -6.75961    -6.66037  0.00661826
        1375    -6.75726    -6.66044  0.00661382
        1376    -6.75482    -6.66051  0.00660937
        1377    -6.75134    -6.66057   0.0066049
        1378    -6.74745    -6.66063   0.0066004
        1379    -6.74445     -6.6607   0.0065959
        1380     -6.7417    -6.66075  0.00659138
        1381    -6.73887    -6.66081  0.00658685
        1382    -6.73563    -6.66087  0.00658231
        1383    -6.73231    -6.66092  0.00657775
        1384    -6.72891    -6.66097  0.00657318
        1385    -6.72576    -6.66101   0.0065686
        1386    -6.72188    -6.66106  0.00656401
        1387    -6.71792     -6.6611   0.0065594
        1388    -6.71388    -6.66114  0.00655479
        1389    -6.70977    -6.66117  0.00655016
        1390    -6.70591     -6.6612  0.00654553
        1391    -6.70262    -6.66123  0.00654089
        1392    -6.69861    -6.66126  0.00653625
        1393    -6.69388    -6.66128   0.0065316
        1394    -6.68974     -6.6613  0.00652694
        1395    -6.68552    -6.66132  0.00652229
        1396    -6.67994    -6.66133  0.00651763
        1397    -6.67657    -6.66134  0.00651297
        1398    -6.67217    -6.66135  0.00650832
        1399    -6.66706    -6.66136  0.00650367
        1400    -6.66255    -6.66136  0.00649902
        1401     -6.6583    -6.66136  0.00649438
        1402    -6.65337    -6.66135  0.00648975
        1403    -6.64871    -6.66134  0.00648513
        1404      -6.644    -6.66133  0.00648053
        1405    -6.63894    -6.66131  0.00647593
        1406    -6.63416    -6.66129  0.00647136
        1407    -6.62968    -6.66127   0.0064668
        1408    -6.62485    -6.66124  0.00646226
        1409    -6.62032    -6.66122  0.00645773
        1410    -6.61546    -6.66118  0.00645324
        1411    -6.61123    -6.66115  0.00644876
        1412    -6.60635    -6.66111  0.00644431
        1413    -6.60146    -6.66107  0.00643989
        1414    -6.59691    -6.66102  0.00643549
        1415    -6.59106    -6.66097  0.00643113
        1416    -6.58653    -6.66092  0.00642681
        1417     -6.5817    -6.66086  0.00642251
        1418     -6.5769     -6.6608  0.00641826
        1419    -6.57277    -6.66074  0.00641403
        1420    -6.56707    -6.66068  0.00640986
        1421    -6.56238    -6.66061  0.00640572
        1422    -6.55839    -6.66054  0.00640162
        1423    -6.55413    -6.66046  0.00639756
        1424    -6.54896    -6.66038  0.00639354
        1425    -6.54516     -6.6603  0.00638957
        1426    -6.54111    -6.66022  0.00638563
        1427    -6.53649    -6.66013  0.00638175
        1428    -6.53261    -6.66004   0.0063779
        1429    -6.52785    -6.65995  0.00637411
        1430    -6.52384    -6.65985  0.00637036
        1431    -6.51993    -6.65976  0.00636666
        1432    -6.51581    -6.65966  0.00636301
        1433    -6.51149    -6.65955  0.00635941
        1434    -6.50794    -6.65945  0.00635585
        1435    -6.50419    -6.65934  0.00635235
        1436    -6.50025    -6.65923  0.00634889
        1437    -6.49743    -6.65911  0.00634547
        1438    -6.49443      -6.659  0.00634209
        1439    -6.49125    -6.65888  0.00633875
        1440    -6.48823    -6.65877  0.00633546
        1441    -6.48537    -6.65864   0.0063322
        1442    -6.48299    -6.65852  0.00632898
        1443    -6.48079     -6.6584   0.0063258
        1444     -6.4781    -6.65828  0.00632265
        1445    -6.47592    -6.65815  0.00631953
        1446    -6.47359    -6.65802  0.00631645
        1447    -6.47144    -6.65789   0.0063134
        1448     -6.4698    -6.65776  0.00631038
        1449    -6.46834    -6.65763  0.00630738
        1450    -6.46805     -6.6575  0.00630438
        1451    -6.46697    -6.65737   0.0063014
        1452    -6.46706    -6.65724  0.00629843
        1453    -6.46605    -6.65711  0.00629547
        1454    -6.46523    -6.65698  0.00629252
        1455    -6.46525    -6.65684  0.00628957
        1456    -6.46579    -6.65671  0.00628662
        1457    -6.46653    -6.65658  0.00628366
        1458    -6.46681    -6.65645   0.0062807
        1459    -6.46793    -6.65632  0.00627773
        1460    -6.46891    -6.65619  0.00627474
        1461    -6.47074    -6.65607  0.00627173
        1462    -6.47211    -6.65594   0.0062687
        1463    -6.47366    -6.65582  0.00626565
        1464    -6.47475    -6.65569  0.00626259
        1465      -6.477    -6.65557  0.00625951
        1466    -6.47942    -6.65545  0.00625639
        1467    -6.48203    -6.65533  0.00625324
        1468     -6.4848    -6.65522  0.00625006
        1469    -6.48742     -6.6551  0.00624685
        1470    -6.49053    -6.65499   0.0062436
        1471    -6.49283    -6.65488  0.00624033
        1472    -6.49594    -6.65477  0.00623703
        1473    -6.49887    -6.65467  0.00623369
        1474    -6.50389    -6.65456   0.0062303
        1475    -6.50744    -6.65446  0.00622688
        1476    -6.51113    -6.65437  0.00622341
        1477    -6.51495    -6.65427  0.00621992
        1478     -6.5189    -6.65418  0.00621638
        1479     -6.5233    -6.65409  0.00621281
        1480    -6.52684    -6.65401  0.00620921
        1481    -6.53115    -6.65392  0.00620557
        1482    -6.53588    -6.65384  0.00620189
        1483    -6.54169    -6.65377  0.00619817
        1484    -6.54663     -6.6537  0.00619441
        1485    -6.55068    -6.65363  0.00619063
        1486    -6.55547    -6.65356  0.00618682
        1487    -6.56034     -6.6535  0.00618297
        1488    -6.56527    -6.65344   0.0061791
        1489    -6.56995    -6.65338  0.00617521
        1490     -6.5747    -6.65333  0.00617129
        1491    -6.57917    -6.65328  0.00616735
        1492    -6.58435    -6.65323  0.00616339
        1493    -6.58989    -6.65319  0.00615941
        1494    -6.59546    -6.65315  0.00615541
        1495    -6.60043    -6.65312  0.00615139
        1496    -6.60575    -6.65309  0.00614736
        1497    -6.61108    -6.65306  0.00614332
        1498    -6.61644    -6.65303  0.00613927
        1499     -6.6218    -6.65301   0.0061352
        1500     -6.6275      -6.653  0.00613114
        1501    -6.63385    -6.65298  0.00612707
        1502    -6.63954    -6.65297  0.00612299
        1503     -6.6449    -6.65297  0.00611892
        1504    -6.65024    -6.65297  0.00611485
        1505    -6.65459    -6.65297  0.00611079
        1506    -6.66086    -6.65297  0.00610674
        1507    -6.66612    -6.65298  0.00610269
        1508    -6.67135    -6.65299  0.00609866
        1509    -6.67654    -6.65301  0.00609463
        1510      -6.682    -6.65303  0.00609063
        1511    -6.68774    -6.65305  0.00608664
        1512    -6.69311    -6.65308  0.00608267
        1513    -6.69808    -6.65311  0.00607873
        1514      -6.703    -6.65314   0.0060748
        1515    -6.70752    -6.65318   0.0060709
        1516    -6.71262    -6.65322  0.00606702
        1517    -6.71634    -6.65326  0.00606316
        1518    -6.72096     -6.6533  0.00605933
        1519    -6.72548    -6.65335  0.00605553
        1520    -6.72993     -6.6534  0.00605175
        1521    -6.73395    -6.65345  0.00604801
        1522    -6.73885    -6.65351  0.00604429
        1523    -6.74235    -6.65357  0.00604061
        1524     -6.7464    -6.65363  0.00603695
        1525    -6.74969    -6.65369  0.00603332
        1526    -6.75255    -6.65376  0.00602971
        1527    -6.75594    -6.65382  0.00602614
        1528    -6.75986    -6.65389  0.00602259
        1529    -6.76367    -6.65396  0.00601908
        1530    -6.76702    -6.65404   0.0060156
        1531    -6.77188    -6.65412  0.00601216
        1532    -6.77531    -6.65419  0.00600876
        1533    -6.77829    -6.65428  0.00600539
        1534    -6.78113    -6.65436  0.00600204
        1535    -6.78351    -6.65444  0.00599872
        1536    -6.78608    -6.65453  0.00599543
        1537    -6.78819    -6.65461  0.00599216
        1538    -6.79081     -6.6547  0.00598891
        1539    -6.79263    -6.65479  0.00598569
        1540    -6.79464    -6.65488   0.0059825
        1541    -6.79553    -6.65497  0.00597931
        1542    -6.79757    -6.65507  0.00597615
        1543    -6.79881    -6.65516    0.005973
        1544    -6.80024    -6.65525  0.00596987
        1545    -6.80119    -6.65535  0.00596675
        1546    -6.80296    -6.65544  0.00596366
        1547    -6.80394    -6.65554  0.00596058
        1548    -6.80476    -6.65564   0.0059575
        1549    -6.80512    -6.65573  0.00595444
        1550    -6.80597    -6.65583  0.00595139
        1551    -6.80667    -6.65593  0.00594834
        1552    -6.80691    -6.65602  0.00594531
        1553    -6.80764    -6.65612  0.00594228
        1554     -6.8079    -6.65622  0.00593926
        1555    -6.80801    -6.65632  0.00593624
        1556    -6.80766    -6.65641  0.00593322
        1557    -6.80716    -6.65651   0.0059302
        1558    -6.80685    -6.65661  0.00592718
        1559    -6.80639     -6.6567  0.00592416
        1560    -6.80579     -6.6568  0.00592113
        1561    -6.80409    -6.65689  0.00591809
        1562    -6.80257    -6.65699  0.00591504
        1563    -6.80124    -6.65708  0.00591197
        1564    -6.79946    -6.65717  0.00590889
        1565    -6.79787    -6.65726   0.0059058
        1566    -6.79584    -6.65735  0.00590269
        1567      -6.794    -6.65744  0.00589957
        1568    -6.79205    -6.65752  0.00589643
        1569    -6.78933    -6.65761  0.00589327
        1570    -6.78714    -6.65769   0.0058901
        1571    -6.78485    -6.65777   0.0058869
        1572    -6.78212    -6.65785  0.00588369
        1573    -6.77993    -6.65793  0.00588046
        1574    -6.77667      -6.658  0.00587721
        1575    -6.77429    -6.65808  0.00587394
        1576    -6.77214    -6.65815  0.00587066
        1577    -6.76925    -6.65822  0.00586736
        1578    -6.76627    -6.65829  0.00586404
        1579    -6.76225    -6.65835   0.0058607
        1580    -6.75912    -6.65842  0.00585733
        1581    -6.75559    -6.65848  0.00585395
        1582    -6.75329    -6.65854  0.00585056
        1583    -6.74996     -6.6586  0.00584715
        1584    -6.74689    -6.65865  0.00584372
        1585    -6.74344     -6.6587  0.00584028
        1586    -6.73962    -6.65876  0.00583682
        1587    -6.73672    -6.65881  0.00583335
        1588    -6.73314    -6.65885  0.00582986
        1589    -6.72952     -6.6589  0.00582636
        1590    -6.72521    -6.65894  0.00582285
        1591    -6.72088    -6.65898  0.00581932
        1592     -6.7175    -6.65901  0.00581578
        1593    -6.71411    -6.65905  0.00581223
        1594    -6.71037    -6.65908  0.00580868
        1595    -6.70696    -6.65911  0.00580511
        1596    -6.70289    -6.65914  0.00580154
        1597    -6.69915    -6.65916  0.00579796
        1598    -6.69541    -6.65919  0.00579438
        1599    -6.69168    -6.65921  0.00579079
        1600    -6.68765    -6.65922   0.0057872
        1601    -6.68331    -6.65924   0.0057836
        1602      -6.679    -6.65925     0.00578
        1603    -6.67471    -6.65926  0.00577641
        1604    -6.67079    -6.65927  0.00577281
        1605    -6.66723    -6.65927  0.00576921
        1606    -6.66403    -6.65928  0.00576562
        1607    -6.66056    -6.65928  0.00576204
        1608    -6.65681    -6.65928  0.00575845
        1609    -6.65377    -6.65927  0.00575487
        1610    -6.65111    -6.65927   0.0057513
        1611    -6.64786    -6.65926  0.00574774
        1612    -6.64469    -6.65925  0.00574418
        1613    -6.64094    -6.65924  0.00574063
        1614    -6.63791    -6.65923  0.00573709
        1615    -6.63463    -6.65921  0.00573355
        1616    -6.63144    -6.65919  0.00573003
        1617    -6.62898    -6.65917  0.00572652
        1618    -6.62693    -6.65916  0.00572301
        1619    -6.62497    -6.65913  0.00571952
        1620    -6.62279    -6.65911  0.00571603
        1621    -6.62037    -6.65909  0.00571256
        1622    -6.61838    -6.65906  0.00570909
        1623    -6.61584    -6.65904  0.00570563
        1624    -6.61437    -6.65901  0.00570219
        1625    -6.61268    -6.65898  0.00569875
        1626    -6.61143    -6.65895  0.00569532
        1627    -6.60963    -6.65892   0.0056919
        1628    -6.60795    -6.65889  0.00568849
        1629    -6.60606    -6.65886  0.00568509
        1630    -6.60427    -6.65882   0.0056817
        1631     -6.6026    -6.65879  0.00567832
        1632    -6.60136    -6.65875  0.00567495
        1633    -6.60056    -6.65872  0.00567159
        1634    -6.59956    -6.65868  0.00566823
        1635    -6.59866    -6.65864  0.00566488
        1636    -6.59788    -6.65861  0.00566154
        1637    -6.59754    -6.65857  0.00565821
        1638    -6.59698    -6.65853  0.00565488
        1639    -6.59687     -6.6585  0.00565155
        1640    -6.59653    -6.65846  0.00564823
        1641    -6.59599    -6.65842  0.00564492
        1642     -6.5962    -6.65838  0.00564161
        1643    -6.59619    -6.65834   0.0056383
        1644    -6.59596    -6.65831    0.005635
        1645    -6.59648    -6.65827   0.0056317
        1646     -6.5971    -6.65823   0.0056284
        1647    -6.59685    -6.65819  0.00562511
        1648    -6.59767    -6.65816  0.00562181
        1649    -6.59729    -6.65812  0.00561853
        1650    -6.59764    -6.65808  0.00561524
        1651    -6.59809    -6.65805  0.00561196
        1652    -6.59927    -6.65801  0.00560867
        1653    -6.60021    -6.65798  0.00560539
        1654    -6.60123    -6.65794   0.0056021
        1655    -6.60298    -6.65791  0.00559882
        1656    -6.60447    -6.65788  0.00559553
        1657    -6.60571    -6.65785  0.00559224
        1658    -6.60799    -6.65782  0.00558895
        1659    -6.60936    -6.65779  0.00558566
        1660    -6.61111    -6.65776  0.00558236
        1661    -6.61195    -6.65773  0.00557907
        1662    -6.61349     -6.6577  0.00557578
        1663    -6.61507    -6.65768  0.00557248
        1664    -6.61638    -6.65765  0.00556919
        1665    -6.61741    -6.65763   0.0055659
        1666    -6.61912    -6.65761   0.0055626
        1667    -6.62022    -6.65758  0.00555931
        1668    -6.62135    -6.65756  0.00555602
        1669    -6.62348    -6.65754  0.00555273
        1670    -6.62532    -6.65752  0.00554944
        1671    -6.62846     -6.6575  0.00554615
        1672    -6.63034    -6.65749  0.00554285
        1673    -6.63288    -6.65747  0.00553956
        1674    -6.63413    -6.65746  0.00553627
        1675     -6.6354    -6.65745  0.00553298
        1676    -6.63732    -6.65743  0.00552969
        1677    -6.63892    -6.65742   0.0055264
        1678    -6.64085    -6.65741  0.00552312
        1679    -6.64245     -6.6574  0.00551984
        1680    -6.64438     -6.6574  0.00551656
        1681    -6.64694    -6.65739  0.00551328
        1682    -6.64918    -6.65739     0.00551
        1683     -6.6514    -6.65738  0.00550673
        1684    -6.65297    -6.65738  0.00550346
        1685    -6.65517    -6.65738  0.00550019
        1686    -6.65671    -6.65738  0.00549693
        1687    -6.65888    -6.65738  0.00549367
        1688    -6.66071    -6.65738  0.00549042
        1689    -6.66316    -6.65738  0.00548717
        1690    -6.66593    -6.65739  0.00548392
        1691    -6.66673    -6.65739  0.00548068
        1692     -6.6688     -6.6574  0.00547745
        1693    -6.67053    -6.65741  0.00547422
        1694    -6.67256    -6.65742    0.005471
        1695    -6.67424    -6.65743  0.00546778
        1696    -6.67589    -6.65744  0.00546456
        1697    -6.67655    -6.65745  0.00546135
        1698     -6.6788    -6.65746  0.00545815
        1699    -6.68005    -6.65748  0.00545496
        1700     -6.6816    -6.65749  0.00545177
        1701    -6.68312    -6.65751  0.00544858
        1702    -6.68461    -6.65752   0.0054454
        1703     -6.6864    -6.65754  0.00544223
        1704    -6.68785    -6.65756  0.00543907
        1705    -6.68926    -6.65757  0.00543591
        1706    -6.69065    -6.65759  0.00543276
        1707    -6.69137    -6.65761  0.00542961
        1708    -6.69303    -6.65763  0.00542647
        1709    -6.69467    -6.65766  0.00542334
        1710    -6.69596    -6.65768  0.00542021
        1711    -6.69594     -6.6577  0.00541709
        1712    -6.69718    -6.65772  0.00541398
        1713    -6.69873    -6.65775  0.00541087
        1714    -6.70025    -6.65777  0.00540777
        1715    -6.70176     -6.6578  0.00540468
        1716    -6.70228    -6.65782  0.00540159
        1717    -6.70375    -6.65785  0.00539851
        1718    -6.70455    -6.65788  0.00539544
        1719    -6.70534    -6.65791  0.00539237
        1720     -6.7061    -6.65793  0.00538931
        1721    -6.70653    -6.65796  0.00538625
        1722    -6.70758    -6.65799   0.0053832
        1723     -6.7083    -6.65802  0.00538015
        1724    -6.70964    -6.65805  0.00537712
        1725     -6.7113    -6.65808  0.00537409
        1726    -6.71229    -6.65811  0.00537107
        1727    -6.71326    -6.65814  0.00536805
        1728    -6.71422    -6.65818  0.00536504
        1729    -6.71515    -6.65821  0.00536204
        1730    -6.71575    -6.65824  0.00535904
        1731    -6.71601    -6.65828  0.00535605
        1732    -6.71658    -6.65831  0.00535306
        1733    -6.71713    -6.65834  0.00535008
        1734    -6.71831    -6.65838  0.00534711
        1735    -6.71915    -6.65841  0.00534414
        1736    -6.72093    -6.65845  0.00534119
        1737    -6.72173    -6.65849  0.00533824
        1738    -6.72218    -6.65852  0.00533529
        1739    -6.72228    -6.65856  0.00533235
        1740    -6.72301     -6.6586  0.00532941
        1741    -6.72372    -6.65863  0.00532648
        1742    -6.72374    -6.65867  0.00532356
        1743    -6.72439    -6.65871  0.00532063
        1744    -6.72501    -6.65875  0.00531772
        1745    -6.72625    -6.65879  0.00531481
        1746    -6.72648    -6.65882  0.00531191
        1747    -6.72635    -6.65886  0.00530901
        1748    -6.72684     -6.6589  0.00530612
        1749     -6.7276    -6.65894  0.00530323
        1750    -6.72736    -6.65898  0.00530034
        1751     -6.7274    -6.65902  0.00529746
        1752    -6.72772    -6.65906  0.00529458
        1753      -6.728     -6.6591   0.0052917
        1754     -6.7279    -6.65914  0.00528883
        1755     -6.7284    -6.65918  0.00528597
        1756    -6.72853    -6.65922   0.0052831
        1757    -6.72925    -6.65926  0.00528025
        1758    -6.72862     -6.6593  0.00527739
        1759    -6.72859    -6.65933  0.00527454
        1760    -6.72882    -6.65937  0.00527169
        1761    -6.72899    -6.65941  0.00526884
        1762    -6.72878    -6.65945    0.005266
        1763    -6.72883    -6.65949  0.00526316
        1764    -6.72881    -6.65953  0.00526032
        1765    -6.72809    -6.65957  0.00525749
        1766    -6.72762    -6.65961  0.00525465
        1767    -6.72708    -6.65965  0.00525182
        1768     -6.7268    -6.65969  0.00524898
        1769    -6.72612    -6.65972  0.00524615
        1770    -6.72603    -6.65976  0.00524332
        1771    -6.72586     -6.6598  0.00524049
        1772     -6.7253    -6.65983  0.00523767
        1773    -6.72435    -6.65987  0.00523484
        1774    -6.72332    -6.65991  0.00523201
        1775    -6.72158    -6.65994  0.00522918
        1776    -6.72041    -6.65998  0.00522634
        1777    -6.71918    -6.66001  0.00522351
        1778    -6.71787    -6.66004  0.00522067
        1779    -6.71553    -6.66007  0.00521783
        1780    -6.71441     -6.6601  0.00521499
        1781    -6.71291    -6.66013  0.00521214
        1782    -6.71133    -6.66016   0.0052093
        1783    -6.71034    -6.66019  0.00520645
        1784    -6.70929    -6.66022  0.00520361
        1785    -6.70784    -6.66024  0.00520076
        1786    -6.70602    -6.66027  0.00519791
        1787    -6.70349    -6.66029  0.00519506
        1788    -6.70154    -6.66032   0.0051922
        1789    -6.69955    -6.66034  0.00518935
        1790    -6.69782    -6.66036  0.00518649
        1791    -6.69572    -6.66038  0.00518363
        1792    -6.69325     -6.6604  0.00518077
        1793    -6.69105    -6.66041  0.00517791
        1794    -6.68815    -6.66043  0.00517505
        1795    -6.68554    -6.66044  0.00517218
        1796    -6.68322    -6.66046  0.00516932
        1797    -6.68118    -6.66047  0.00516646
        1798    -6.67846    -6.66048  0.00516359
        1799    -6.67538    -6.66049  0.00516073
        1800    -6.67227    -6.66049  0.00515787
        1801    -6.67043     -6.6605  0.00515501
        1802    -6.66825     -6.6605  0.00515215
        1803    -6.66507    -6.66051  0.00514929
        1804    -6.66284    -6.66051  0.00514644
        1805    -6.65963    -6.66051  0.00514358
        1806    -6.65706     -6.6605  0.00514074
        1807    -6.65448     -6.6605  0.00513789
        1808    -6.65157     -6.6605  0.00513505
        1809     -6.6493    -6.66049  0.00513222
        1810    -6.64671    -6.66048  0.00512939
        1811    -6.64413    -6.66047  0.00512656
        1812    -6.64187    -6.66046  0.00512375
        1813    -6.63963    -6.66045  0.00512093
        1814    -6.63708    -6.66044  0.00511813
        1815    -6.63422    -6.66042  0.00511533
        1816     -6.6317    -6.66041  0.00511253
        1817    -6.62889    -6.66039  0.00510975
        1818    -6.62611    -6.66037  0.00510697
        1819    -6.62433    -6.66035   0.0051042
        1820    -6.62226    -6.66033  0.00510144
        1821    -6.62023    -6.66031  0.00509869
        1822    -6.61694    -6.66029  0.00509595
        1823    -6.61434    -6.66026  0.00509321
        1824    -6.61211    -6.66023  0.00509049
        1825    -6.60961    -6.66021  0.00508778
        1826    -6.60813    -6.66018  0.00508507
        1827    -6.60542    -6.66015  0.00508237
        1828    -6.60373    -6.66012  0.00507969
        1829    -6.60145    -6.66009  0.00507701
        1830    -6.59956    -6.66005  0.00507434
        1831    -6.59806    -6.66002  0.00507169
        1832    -6.59663    -6.65998  0.00506904
        1833    -6.59527    -6.65995  0.00506639
        1834    -6.59334    -6.65991  0.00506376
        1835     -6.5918    -6.65987  0.00506114
        1836    -6.59002    -6.65984  0.00505852
        1837    -6.58831     -6.6598  0.00505592
        1838    -6.58766    -6.65976  0.00505332
        1839    -6.58645    -6.65972  0.00505073
        1840    -6.58499    -6.65968  0.00504815
        1841    -6.58427    -6.65964  0.00504557
        1842    -6.58299     -6.6596  0.00504301
        1843    -6.58212    -6.65955  0.00504044
        1844    -6.58134    -6.65951  0.00503789
        1845    -6.58098    -6.65947  0.00503534
        1846    -6.57974    -6.65943   0.0050328
        1847     -6.5802    -6.65938  0.00503025
        1848    -6.57947    -6.65934  0.00502772
        1849    -6.57915     -6.6593  0.00502519
        1850    -6.57892    -6.65925  0.00502266
        1851    -6.57846    -6.65921  0.00502013
        1852    -6.57907    -6.65917  0.00501761
        1853    -6.57879    -6.65912  0.00501509
        1854    -6.57893    -6.65908  0.00501257
        1855    -6.57916    -6.65904  0.00501005
        1856    -6.57916    -6.65899  0.00500754
        1857    -6.57957    -6.65895  0.00500503
        1858    -6.57974    -6.65891  0.00500251
        1859    -6.58096    -6.65887       0.005
        1860    -6.58163    -6.65882  0.00499748
        1861    -6.58173    -6.65878  0.00499497
        1862    -6.58321    -6.65874  0.00499245
        1863    -6.58315     -6.6587  0.00498994
        1864    -6.58413    -6.65866  0.00498742
        1865    -6.58552    -6.65862   0.0049849
        1866    -6.58633    -6.65858  0.00498238
        1867    -6.58753    -6.65855  0.00497986
        1868     -6.5888    -6.65851  0.00497733
        1869    -6.59014    -6.65847   0.0049748
        1870    -6.59121    -6.65844  0.00497227
        1871    -6.59266     -6.6584  0.00496974
        1872    -6.59417    -6.65837   0.0049672
        1873    -6.59606    -6.65833  0.00496466
        1874      -6.598     -6.6583  0.00496212
        1875    -6.59966    -6.65827  0.00495957
        1876    -6.60136    -6.65824  0.00495702
        1877    -6.60342    -6.65821  0.00495446
        1878    -6.60552    -6.65818   0.0049519
        1879    -6.60733    -6.65815  0.00494934
        1880    -6.60885    -6.65813  0.00494678
        1881    -6.61071     -6.6581  0.00494421
        1882    -6.61389    -6.65808  0.00494164
        1883     -6.6158    -6.65806  0.00493907
        1884    -6.61837    -6.65804  0.00493649
        1885    -6.61965    -6.65802  0.00493391
        1886    -6.62094      -6.658  0.00493134
        1887    -6.62321    -6.65798  0.00492876
        1888    -6.62548    -6.65796  0.00492618
        1889    -6.62742    -6.65794   0.0049236
        1890    -6.62936    -6.65793  0.00492102
        1891    -6.63128    -6.65791  0.00491843
        1892    -6.63319     -6.6579  0.00491585
        1893    -6.63573    -6.65789  0.00491327
        1894    -6.63761    -6.65788  0.00491069
        1895    -6.63946    -6.65787   0.0049081
        1896    -6.64161    -6.65786  0.00490552
        1897    -6.64373    -6.65785  0.00490294
        1898    -6.64549    -6.65785  0.00490036
        1899    -6.64625    -6.65784  0.00489779
        1900    -6.64762    -6.65784  0.00489521
        1901    -6.64928    -6.65783  0.00489264
        1902    -6.65058    -6.65783  0.00489007
        1903     -6.6515    -6.65782   0.0048875
        1904    -6.65336    -6.65782  0.00488493
        1905    -6.65485    -6.65782  0.00488237
        1906    -6.65629    -6.65782  0.00487981
        1907      -6.658    -6.65782  0.00487725
        1908    -6.65966    -6.65782  0.00487469
        1909    -6.66094    -6.65782  0.00487214
        1910    -6.66249    -6.65782  0.00486959
        1911    -6.66334    -6.65783  0.00486704
        1912    -6.66446    -6.65783   0.0048645
        1913    -6.66649    -6.65784  0.00486196
        1914    -6.66781    -6.65784  0.00485942
        1915    -6.66908    -6.65785  0.00485689
        1916    -6.66996    -6.65785  0.00485435
        1917    -6.67079    -6.65786  0.00485183
        1918     -6.6722    -6.65787   0.0048493
        1919    -6.67226    -6.65787  0.00484678
        1920    -6.67193    -6.65788  0.00484426
        1921    -6.67187    -6.65789  0.00484175
        1922    -6.67273     -6.6579  0.00483923
        1923     -6.6732     -6.6579  0.00483672
        1924    -6.67393    -6.65791  0.00483422
        1925    -6.67429    -6.65792  0.00483171
        1926    -6.67394    -6.65793  0.00482921
        1927    -6.67386    -6.65794  0.00482671
        1928    -6.67404    -6.65795  0.00482422
        1929    -6.67418    -6.65796  0.00482172
        1930    -6.67458    -6.65796  0.00481923
        1931    -6.67461    -6.65797  0.00481674
        1932    -6.67426    -6.65798  0.00481426
        1933    -6.67452    -6.65799  0.00481178
        1934    -6.67407      -6.658  0.00480929
        1935    -6.67423    -6.65801  0.00480682
        1936    -6.67402    -6.65801  0.00480434
        1937    -6.67376    -6.65802  0.00480187
        1938    -6.67378    -6.65803   0.0047994
        1939    -6.67279    -6.65804  0.00479693
        1940    -6.67177    -6.65805  0.00479446
        1941    -6.67135    -6.65805  0.00479199
        1942    -6.67089    -6.65806  0.00478953
        1943     -6.6704    -6.65806  0.00478707
        1944    -6.66956    -6.65807  0.00478461
        1945    -6.66836    -6.65808  0.00478216
        1946    -6.66842    -6.65808   0.0047797
        1947    -6.66814    -6.65809  0.00477725
        1948    -6.66783    -6.65809   0.0047748
        1949    -6.66717     -6.6581  0.00477235
        1950    -6.66648     -6.6581  0.00476991
        1951    -6.66578     -6.6581  0.00476746
        1952    -6.66538    -6.65811  0.00476502
        1953    -6.66497    -6.65811  0.00476258
        1954    -6.66421    -6.65811  0.00476015
        1955    -6.66344    -6.65812  0.00475771
        1956    -6.66298    -6.65812  0.00475528
        1957    -6.66219    -6.65812  0.00475285
        1958    -6.66203    -6.65812  0.00475042
        1959     -6.6609    -6.65813    0.004748
        1960    -6.66008    -6.65813  0.00474558
        1961    -6.65926    -6.65813  0.00474316
        1962    -6.65876    -6.65813  0.00474074
        1963    -6.65761    -6.65813  0.00473832
        1964     -6.6571    -6.65813  0.00473591
        1965    -6.65596    -6.65813   0.0047335
        1966    -6.65481    -6.65812  0.00473109
        1967    -6.65399    -6.65812  0.00472869
        1968     -6.6535    -6.65812  0.00472629
        1969    -6.65302    -6.65812  0.00472389
        1970    -6.65254    -6.65811  0.00472149
        1971     -6.6511    -6.65811   0.0047191
        1972    -6.65031    -6.65811  0.00471671
        1973    -6.64953     -6.6581  0.00471432
        1974    -6.64908     -6.6581  0.00471193
        1975    -6.64833    -6.65809  0.00470955
        1976    -6.64823    -6.65809  0.00470717
        1977    -6.64717    -6.65808  0.00470479
        1978    -6.64677    -6.65808  0.00470241
        1979    -6.64671    -6.65807  0.00470004
        1980    -6.64505    -6.65806  0.00469767
        1981    -6.64437    -6.65806  0.00469531
        1982     -6.6437    -6.65805  0.00469294
        1983    -6.64272    -6.65804  0.00469058
        1984    -6.64208    -6.65803  0.00468823
        1985    -6.64145    -6.65803  0.00468587
        1986    -6.64019    -6.65802  0.00468352
        1987    -6.64088    -6.65801  0.00468117
        1988    -6.64062      -6.658  0.00467882
        1989     -6.6407    -6.65799  0.00467648
        1990    -6.64014    -6.65798  0.00467414
        1991    -6.63991    -6.65797   0.0046718
        1992    -6.63938    -6.65796  0.00466946
        1993    -6.63853    -6.65795  0.00466713
        1994    -6.63867    -6.65794   0.0046648
        1995    -6.63882    -6.65793  0.00466247
        1996    -6.63802    -6.65792  0.00466015
        1997    -6.63788    -6.65791  0.00465782
        1998    -6.63742     -6.6579   0.0046555
        1999    -6.63666    -6.65789  0.00465319
        2000    -6.63623    -6.65788  0.00465087
