#     BLOCK:   ACTUAL_P:     P_AVE:       ERROR:
           1      3.9591      3.9591           0
           2     3.96269     3.96089  0.00127197
           3     3.96847     3.96342  0.00223002
           4     3.97643     3.96667  0.00327552
           5     3.98656     3.97065  0.00441794
           6     3.99885     3.97535  0.00565364
           7      4.0133     3.98077   0.0069773
           8     4.02991     3.98691  0.00838379
           9     4.04937     3.99385   0.0099169
          10     4.07096     4.00156   0.0115402
          11     4.09681     4.01022   0.0133497
          12     4.12406     4.01971   0.0152394
          13     4.15271     4.02994   0.0171611
          14     4.18488     4.04101   0.0191747
          15     4.21985     4.05293   0.0212828
          16     4.25478     4.06555   0.0233949
          17     4.29461     4.07902   0.0256068
          18     4.33721     4.09336   0.0279141
          19     4.38186     4.10855   0.0302944
          20     4.42785     4.12451    0.032717
          21     4.47797     4.14134   0.0352235
          22     4.53012     4.15902   0.0377962
          23     4.58356     4.17747   0.0404095
          24     4.63687     4.19662   0.0430212
          25     4.69147     4.21641   0.0456273
          26     4.74874     4.23688   0.0482478
          27     4.80936     4.25809    0.050907
          28     4.87333     4.28006   0.0536217
          29      4.9378     4.30274   0.0563656
          30     5.00417     4.32612   0.0591375
          31     5.07382     4.35024   0.0619535
          32      5.1418     4.37498   0.0647677
          33     5.21022     4.40029   0.0675697
          34     5.27975     4.42615   0.0703594
          35      5.3546     4.45268   0.0731791
          36     5.42839     4.47978   0.0759998
          37     5.50534      4.5075   0.0788384
          38      5.5833     4.53581   0.0816888
          39     5.66295     4.56471   0.0845523
          40     5.74496     4.59422   0.0874354
          41     5.82718     4.62429   0.0903264
          42     5.91029     4.65491   0.0932211
          43     5.99779     4.68614   0.0961421
          44     6.08468     4.71793   0.0990719
          45     6.17377     4.75028    0.102016
          46     6.26359     4.78318    0.104969
          47     6.35481     4.81661     0.10793
          48      6.4481      4.8506    0.110905
          49     6.54341     4.88515    0.113895
          50     6.63787     4.92021    0.116887
          51     6.73425     4.95578    0.119885
          52     6.83109     4.99184    0.122884
          53     6.92976      5.0284    0.125888
          54      7.0323     5.06551    0.128911
          55     7.13303      5.1031    0.131934
          56      7.2354     5.14118    0.134961
          57     7.34007     5.17976    0.137996
          58     7.44273     5.21877    0.141025
          59     7.54615     5.25822    0.144046
          60     7.65025     5.29809    0.147059
          61     7.75427     5.33835    0.150059
          62     7.85884     5.37901    0.153047
          63     7.96459     5.42005    0.156023
          64     8.07075     5.46147    0.158987
          65     8.17652     5.50324    0.161935
          66     8.28324     5.54536    0.164869
          67     8.39084     5.58783    0.167789
          68     8.49781     5.63062    0.170692
          69      8.6055     5.67373    0.173578
          70     8.71381     5.71716    0.176447
          71     8.82054     5.76087    0.179294
          72     8.92844     5.80487    0.182122
          73     9.03458     5.84911    0.184923
          74      9.1403     5.89359    0.187696
          75      9.2448     5.93827    0.190438
          76      9.3487     5.98314    0.193147
          77     9.45332     6.02821    0.195825
          78     9.55575     6.07343    0.198468
          79     9.65803     6.11881    0.201076
          80     9.75864     6.16431    0.203645
          81     9.85821     6.20991    0.206174
          82     9.95737     6.25561    0.208663
          83     10.0546     6.30138    0.211109
          84     10.1513     6.34721    0.213513
          85     10.2451     6.39307     0.21587
          86     10.3389     6.43895    0.218181
          87     10.4298     6.48483    0.220443
          88     10.5198     6.53068    0.222655
          89     10.6088      6.5765    0.224819
          90     10.6953     6.62226    0.226931
          91     10.7807     6.66796    0.228992
          92     10.8657     6.71359    0.231004
          93     10.9465      6.7591    0.232961
          94     11.0254     6.80449    0.234862
          95     11.1022     6.84973    0.236707
          96     11.1769      6.8948    0.238494
          97     11.2509     6.93971    0.240226
          98     11.3212     6.98442      0.2419
          99       11.39     7.02892    0.243515
         100     11.4572      7.0732    0.245074
         101     11.5214     7.11725    0.246573
         102     11.5826     7.16102    0.248011
         103     11.6414     7.20452    0.249389
         104     11.6985     7.24773    0.250706
         105     11.7517     7.29063    0.251961
         106      11.804     7.33321    0.253157
         107     11.8532     7.37545    0.254291
         108     11.9013     7.41736    0.255366
         109     11.9449     7.45889    0.256379
         110     11.9867     7.50006    0.257331
         111     12.0262     7.54083    0.258223
         112     12.0632     7.58121    0.259055
         113     12.0964     7.62117    0.259826
         114     12.1293     7.66071    0.260539
         115     12.1592     7.69983    0.261193
         116     12.1868     7.73851     0.26179
         117      12.212     7.77674     0.26233
         118     12.2356     7.81453    0.262814
         119      12.257     7.85186    0.263244
         120     12.2762     7.88873    0.263619
         121     12.2918     7.92512     0.26394
         122      12.306     7.96103    0.264208
         123     12.3188     7.99646    0.264425
         124     12.3288      8.0314    0.264591
         125     12.3368     8.06584    0.264706
         126     12.3429     8.09979    0.264773
         127     12.3471     8.13323    0.264792
         128     12.3494     8.16617    0.264764
         129     12.3492      8.1986     0.26469
         130     12.3479     8.23051    0.264571
         131     12.3457     8.26193     0.26441
         132     12.3411     8.29283    0.264206
         133      12.335     8.32322    0.263962
         134     12.3266      8.3531    0.263678
         135     12.3175     8.38246    0.263355
         136     12.3069     8.41132    0.262994
         137      12.295     8.43967    0.262598
         138     12.2826     8.46752    0.262168
         139     12.2675     8.49485    0.261703
         140     12.2526     8.52169    0.261206
         141     12.2359     8.54804    0.260679
         142     12.2196     8.57389    0.260122
         143     12.2009     8.59926    0.259537
         144     12.1806     8.62413    0.258923
         145     12.1601     8.64851    0.258283
         146     12.1388     8.67242    0.257618
         147     12.1174     8.69585    0.256929
         148     12.0953     8.71882    0.256218
         149     12.0726     8.74133    0.255485
         150     12.0493     8.76338    0.254732
         151      12.024     8.78498    0.253959
         152      11.999     8.80612    0.253167
         153     11.9735     8.82683    0.252357
         154     11.9477     8.84709    0.251531
         155     11.9187     8.86691    0.250687
         156     11.8922      8.8863    0.249829
         157     11.8655     8.90528    0.248958
         158     11.8386     8.92384    0.248073
         159     11.8116       8.942    0.247177
         160     11.7844     8.95977     0.24627
         161     11.7572     8.97714    0.245352
         162     11.7328     8.99415    0.244427
         163     11.7056     9.01079    0.243493
         164     11.6791     9.02706    0.242551
         165     11.6527     9.04297    0.241602
         166     11.6264     9.05853    0.240648
         167     11.5996     9.07375    0.239687
         168     11.5736     9.08863    0.238722
         169     11.5472     9.10318    0.237752
         170     11.5202      9.1174    0.236778
         171     11.4943      9.1313    0.235801
         172     11.4679     9.14488    0.234821
         173     11.4433     9.15817     0.23384
         174     11.4183     9.17116    0.232856
         175     11.3936     9.18386    0.231872
         176     11.3693     9.19627    0.230886
         177     11.3454     9.20841    0.229901
         178     11.3226     9.22029    0.228916
         179     11.2995     9.23191    0.227932
         180     11.2768     9.24327    0.226948
         181     11.2546     9.25438    0.225966
         182     11.2329     9.26525    0.224986
         183     11.2109     9.27588    0.224008
         184       11.19     9.28629    0.223032
         185     11.1697     9.29647    0.222058
         186     11.1491     9.30643    0.221088
         187      11.129     9.31617     0.22012
         188     11.1101     9.32572    0.219156
         189     11.0917     9.33506    0.218196
         190     11.0738     9.34421    0.217239
         191     11.0564     9.35317    0.216287
         192     11.0394     9.36196    0.215338
         193     11.0244     9.37057    0.214395
         194     11.0085     9.37901    0.213456
         195     10.9923     9.38729    0.212521
         196     10.9773      9.3954    0.211592
         197     10.9634     9.40336    0.210667
         198     10.9494     9.41117    0.209748
         199     10.9365     9.41883    0.208834
         200     10.9233     9.42635    0.207925
         201     10.9106     9.43374    0.207022
         202      10.899     9.44099    0.206124
         203     10.8878     9.44812    0.205232
         204     10.8771     9.45512    0.204345
         205      10.866     9.46201    0.203465
         206     10.8554     9.46877    0.202589
         207     10.8437     9.47541    0.201719
         208     10.8338     9.48194    0.200855
         209     10.8235     9.48836    0.199997
         210     10.8143     9.49468    0.199144
         211      10.804     9.50088    0.198297
         212     10.7961     9.50699    0.197456
         213     10.7871       9.513     0.19662
         214     10.7791     9.51892     0.19579
         215       10.77     9.52474    0.194966
         216     10.7625     9.53047    0.194148
         217      10.756     9.53611    0.193335
         218     10.7483     9.54167    0.192528
         219     10.7416     9.54715    0.191727
         220     10.7336     9.55255    0.190931
         221     10.7294     9.55787    0.190142
         222     10.7225     9.56312    0.189357
         223     10.7172     9.56829    0.188579
         224     10.7114      9.5734    0.187806
         225     10.7049     9.57843    0.187039
         226     10.6994     9.58339    0.186277
         227     10.6939     9.58828    0.185521
         228     10.6878      9.5931     0.18477
         229     10.6826     9.59786    0.184024
         230     10.6781     9.60255    0.183284
         231     10.6723     9.60718    0.182549
         232     10.6665     9.61175    0.181819
         233     10.6622     9.61626    0.181095
         234     10.6572     9.62071    0.180375
         235     10.6523      9.6251    0.179661
         236     10.6466     9.62943    0.178952
         237     10.6417      9.6337    0.178248
         238     10.6368     9.63791    0.177549
         239     10.6304     9.64206    0.176855
         240      10.624     9.64616    0.176165
         241     10.6183     9.65019     0.17548
         242      10.614     9.65417      0.1748
         243     10.6082      9.6581    0.174125
         244     10.6023     9.66197    0.173454
         245     10.5971     9.66579    0.172788
         246     10.5919     9.66955    0.172127
         247     10.5865     9.67326     0.17147
         248     10.5803     9.67692    0.170818
         249     10.5741     9.68052     0.17017
         250     10.5685     9.68407    0.169526
         251     10.5634     9.68758    0.168887
         252     10.5583     9.69103    0.168252
         253     10.5516     9.69443    0.167621
         254     10.5448     9.69778    0.166995
         255     10.5372     9.70107    0.166372
         256     10.5308     9.70432    0.165754
         257     10.5229      9.7075     0.16514
         258     10.5162     9.71063    0.164529
         259     10.5108     9.71372    0.163923
         260     10.5039     9.71676    0.163321
         261     10.4975     9.71975    0.162723
         262     10.4902      9.7227    0.162128
         263     10.4814     9.72558    0.161537
         264      10.473     9.72841     0.16095
         265     10.4645     9.73119    0.160367
         266     10.4566     9.73392    0.159787
         267     10.4484     9.73659    0.159211
         268     10.4401     9.73922    0.158639
         269     10.4323     9.74179     0.15807
         270     10.4244     9.74432    0.157505
         271     10.4141     9.74679    0.156943
         272      10.405     9.74921    0.156384
         273     10.3965     9.75158     0.15583
         274     10.3878     9.75391    0.155278
         275     10.3775     9.75617     0.15473
         276      10.367     9.75839    0.154185
         277      10.357     9.76055    0.153644
         278     10.3454     9.76265    0.153105
         279     10.3344      9.7647     0.15257
         280     10.3239      9.7667    0.152039
         281     10.3132     9.76864     0.15151
         282     10.3037     9.77054    0.150985
         283     10.2927     9.77239    0.150462
         284     10.2822     9.77418    0.149943
         285     10.2709     9.77592    0.149427
         286     10.2587     9.77761    0.148914
         287     10.2463     9.77924    0.148404
         288     10.2345     9.78083    0.147898
         289     10.2211     9.78235    0.147394
         290     10.2076     9.78381    0.146893
         291     10.1947     9.78523    0.146395
         292     10.1816     9.78658      0.1459
         293     10.1712      9.7879    0.145408
         294     10.1586     9.78916    0.144918
         295     10.1467     9.79037    0.144432
         296     10.1346     9.79153    0.143949
         297     10.1209     9.79264    0.143469
         298     10.1094      9.7937    0.142991
         299     10.0963     9.79472    0.142516
         300     10.0839     9.79568    0.142045
         301     10.0707     9.79659    0.141576
         302     10.0581     9.79746     0.14111
         303     10.0448     9.79828    0.140646
         304     10.0322     9.79905    0.140186
         305     10.0188     9.79977    0.139728
         306      10.006     9.80044    0.139273
         307     9.99189     9.80106    0.138821
         308     9.98056     9.80165    0.138371
         309      9.9671     9.80218    0.137924
         310     9.95293     9.80267     0.13748
         311     9.93949     9.80311    0.137039
         312     9.92677      9.8035      0.1366
         313     9.91336     9.80386    0.136164
         314     9.89929     9.80416    0.135731
         315     9.88668     9.80442      0.1353
         316     9.87341     9.80464    0.134872
         317      9.8616     9.80482    0.134447
         318     9.84846     9.80496    0.134024
         319     9.83609     9.80505    0.133604
         320     9.82309     9.80511    0.133187
         321     9.81089     9.80513    0.132772
         322     9.79737      9.8051    0.132359
         323     9.78326     9.80504     0.13195
         324     9.77137     9.80493    0.131542
         325     9.75889     9.80479    0.131138
         326     9.74583     9.80461    0.130736
         327     9.73291     9.80439    0.130336
         328     9.72154     9.80414    0.129939
         329      9.7082     9.80385    0.129544
         330     9.69713     9.80352    0.129152
         331     9.68623     9.80317    0.128762
         332     9.67478     9.80278    0.128375
         333     9.66351     9.80236     0.12799
         334     9.65313     9.80192    0.127608
         335     9.64294     9.80144    0.127228
         336     9.63435     9.80095     0.12685
         337     9.62243     9.80042    0.126475
         338     9.61283     9.79986    0.126102
         339     9.60414     9.79928    0.125731
         340     9.59426     9.79868    0.125363
         341      9.5846     9.79805    0.124997
         342     9.57728     9.79741    0.124633
         343     9.56807     9.79674    0.124271
         344      9.5591     9.79605    0.123912
         345     9.55037     9.79534    0.123555
         346     9.54258     9.79461      0.1232
         347     9.53363     9.79385    0.122847
         348     9.52705     9.79309    0.122497
         349      9.5193      9.7923    0.122148
         350     9.51252      9.7915    0.121802
         351     9.50599     9.79069    0.121458
         352     9.49902     9.78986    0.121115
         353     9.49161     9.78902    0.120775
         354     9.48516     9.78816    0.120437
         355     9.47899     9.78729    0.120101
         356     9.47167      9.7864    0.119767
         357     9.46603      9.7855    0.119435
         358     9.45854     9.78459    0.119105
         359     9.45274     9.78366    0.118776
         360      9.4472     9.78273     0.11845
         361     9.44406     9.78179    0.118126
         362     9.43978     9.78085    0.117803
         363     9.43435     9.77989    0.117483
         364     9.43131     9.77894    0.117164
         365     9.42784     9.77797    0.116847
         366     9.42464     9.77701    0.116531
         367     9.42171     9.77604    0.116218
         368     9.41834     9.77507    0.115906
         369     9.41593     9.77409    0.115596
         370      9.4145     9.77312    0.115288
         371     9.41333     9.77215    0.114981
         372     9.41241     9.77119    0.114676
         373     9.41035     9.77022    0.114373
         374     9.40924     9.76925    0.114071
         375     9.40979     9.76829    0.113771
         376     9.40777     9.76734    0.113472
         377     9.40741     9.76638    0.113175
         378       9.408     9.76543     0.11288
         379     9.40813     9.76449    0.112586
         380     9.40991     9.76356    0.112294
         381      9.4091     9.76263    0.112003
         382     9.41064     9.76171    0.111713
         383     9.41382      9.7608    0.111425
         384     9.41512      9.7599    0.111139
         385     9.41593       9.759    0.110854
         386     9.41837     9.75812     0.11057
         387     9.42033     9.75725    0.110288
         388      9.4225     9.75639    0.110007
         389     9.42559     9.75553    0.109727
         390     9.42819      9.7547    0.109449
         391     9.43029     9.75387    0.109172
         392     9.43471     9.75305    0.108897
         393     9.43792     9.75225    0.108623
         394     9.44133     9.75146     0.10835
         395     9.44634     9.75069    0.108078
         396     9.45084     9.74993    0.107808
         397     9.45412     9.74919    0.107539
         398     9.45758     9.74845    0.107272
         399     9.46264     9.74774    0.107005
         400     9.46717     9.74704     0.10674
         401     9.47117     9.74635    0.106476
         402     9.47605     9.74568    0.106213
         403     9.48039     9.74502    0.105952
         404     9.48561     9.74437    0.105691
         405       9.491     9.74375    0.105432
         406     9.49584     9.74314    0.105174
         407     9.50155     9.74255    0.104918
         408     9.50812     9.74197    0.104662
         409     9.51273     9.74141    0.104408
         410     9.51748     9.74086    0.104154
         411     9.52379     9.74034    0.103902
         412     9.52813     9.73982    0.103651
         413     9.53472     9.73932    0.103402
         414     9.54216     9.73885    0.103153
         415     9.54762     9.73839    0.102905
         416     9.55603     9.73795    0.102659
         417     9.56598     9.73754    0.102414
         418     9.57394     9.73714    0.102169
         419     9.58061     9.73677    0.101926
         420     9.58598     9.73641    0.101684
         421      9.5943     9.73607    0.101443
         422     9.60061     9.73575    0.101203
         423     9.60773     9.73545    0.100964
         424     9.61496     9.73517    0.100727
         425       9.623      9.7349     0.10049
         426     9.63113     9.73466    0.100254
         427     9.64077     9.73444     0.10002
         428     9.64838     9.73424   0.0997865
         429     9.65678     9.73406    0.099554
         430     9.66667      9.7339   0.0993226
         431     9.67451     9.73376   0.0990923
         432     9.68314     9.73365    0.098863
         433     9.69042     9.73355   0.0986347
         434     9.69918     9.73347   0.0984075
         435     9.70799     9.73341   0.0981812
         436     9.71615     9.73337   0.0979561
         437     9.72506     9.73335   0.0977319
         438     9.73331     9.73335   0.0975088
         439     9.74159     9.73337   0.0972867
         440     9.75131     9.73341   0.0970656
         441     9.75965     9.73347   0.0968455
         442     9.76871     9.73355   0.0966264
         443     9.77709     9.73365   0.0964083
         444     9.78617     9.73377   0.0961913
         445     9.79597      9.7339   0.0959752
         446     9.80646     9.73407   0.0957602
         447     9.81553     9.73425   0.0955461
         448     9.82387     9.73445    0.095333
         449     9.83361     9.73467    0.095121
         450     9.84261     9.73491   0.0949099
         451     9.85086     9.73517   0.0946998
         452     9.85907     9.73544   0.0944907
         453     9.86723     9.73573   0.0942826
         454     9.87603     9.73604   0.0940754
         455     9.88407     9.73637   0.0938692
         456     9.89345     9.73671    0.093664
         457     9.90134     9.73707   0.0934597
         458     9.90986     9.73745   0.0932564
         459     9.91968     9.73785   0.0930541
         460     9.92729     9.73826   0.0928527
         461     9.93621     9.73869   0.0926523
         462     9.94432     9.73913   0.0924528
         463      9.9523     9.73959   0.0922543
         464     9.96017     9.74007   0.0920567
         465     9.96931     9.74056     0.09186
         466      9.9762     9.74107   0.0916643
         467     9.98224     9.74158   0.0914695
         468     9.98883     9.74211   0.0912755
         469     9.99597     9.74265   0.0910825
         470     10.0023     9.74321   0.0908904
         471     10.0069     9.74377   0.0906992
         472     10.0136     9.74434   0.0905088
         473     10.0201     9.74492   0.0903193
         474     10.0271     9.74551   0.0901307
         475     10.0332     9.74612    0.089943
         476     10.0391     9.74674   0.0897562
         477     10.0462     9.74736   0.0895702
         478     10.0524       9.748   0.0893851
         479     10.0584     9.74865   0.0892008
         480     10.0635     9.74931   0.0890174
         481     10.0677     9.74997   0.0888348
         482      10.071     9.75063    0.088653
         483     10.0761     9.75131    0.088472
         484     10.0818     9.75199   0.0882918
         485     10.0865     9.75268   0.0881125
         486     10.0917     9.75338    0.087934
         487     10.0938     9.75408   0.0877562
         488     10.0964     9.75478   0.0875791
         489     10.0995     9.75548   0.0874029
         490     10.1016     9.75619   0.0872274
         491     10.1056      9.7569   0.0870526
         492     10.1087     9.75762   0.0868786
         493      10.108     9.75833   0.0867053
         494     10.1099     9.75904   0.0865327
         495     10.1122     9.75975   0.0863608
         496     10.1136     9.76047   0.0861897
         497     10.1147     9.76118   0.0860192
         498     10.1156     9.76189   0.0858494
         499     10.1162      9.7626   0.0856803
         500     10.1166     9.76331   0.0855119
         501     10.1175     9.76401   0.0853441
         502     10.1173     9.76472    0.085177
         503     10.1162     9.76542   0.0850105
         504     10.1149     9.76611   0.0848447
         505     10.1133      9.7668   0.0846795
         506     10.1114     9.76748   0.0845148
         507     10.1093     9.76815   0.0843508
         508     10.1084     9.76882   0.0841875
         509     10.1071     9.76949   0.0840247
         510      10.105     9.77015   0.0838625
         511     10.1046      9.7708   0.0837009
         512     10.1005     9.77144   0.0835399
         513     10.0976     9.77208   0.0833795
         514     10.0929      9.7727   0.0832196
         515     10.0901     9.77332   0.0830603
         516     10.0864     9.77393   0.0829016
         517     10.0838     9.77453   0.0827434
         518     10.0795     9.77512   0.0825857
         519     10.0757      9.7757   0.0824286
         520     10.0703     9.77626   0.0822721
         521     10.0653     9.77682    0.082116
         522       10.06     9.77736   0.0819605
         523     10.0552     9.77789   0.0818055
         524     10.0502     9.77841   0.0816511
         525     10.0442     9.77892   0.0814971
         526     10.0387     9.77941   0.0813437
         527     10.0322     9.77989   0.0811907
         528     10.0248     9.78035   0.0810383
         529     10.0179      9.7808   0.0808863
         530     10.0115     9.78124   0.0807349
         531     10.0056     9.78166    0.080584
         532     9.99874     9.78207   0.0804335
         533     9.99099     9.78246   0.0802836
         534     9.98164     9.78283   0.0801341
         535     9.97351     9.78319   0.0799851
         536     9.96592     9.78353   0.0798366
         537     9.95673     9.78385   0.0796886
         538      9.9488     9.78416    0.079541
         539     9.93931     9.78445    0.079394
         540     9.93038     9.78472   0.0792474
         541     9.92202     9.78497   0.0791013
         542     9.91354     9.78521   0.0789558
         543     9.90424     9.78543   0.0788107
         544     9.89201     9.78562    0.078666
         545     9.88463     9.78581   0.0785219
         546     9.87576     9.78597   0.0783783
         547     9.86541     9.78612   0.0782351
         548       9.855     9.78624   0.0780924
         549     9.84596     9.78635   0.0779503
         550     9.83619     9.78644   0.0778086
         551     9.82639     9.78651   0.0776674
         552     9.81588     9.78657   0.0775267
         553     9.80466      9.7866   0.0773865
         554     9.79558     9.78662   0.0772469
         555     9.78442     9.78661   0.0771077
         556      9.7754     9.78659    0.076969
         557     9.76573     9.78655   0.0768308
         558       9.754      9.7865   0.0766932
         559     9.74518     9.78642    0.076556
         560     9.73573     9.78633   0.0764193
         561     9.72779     9.78623   0.0762832
         562     9.71713      9.7861   0.0761476
         563       9.708     9.78597   0.0760124
         564     9.69899     9.78581   0.0758778
         565     9.69012     9.78564   0.0757437
         566      9.6814     9.78546   0.0756101
         567     9.67071     9.78525    0.075477
         568       9.663     9.78504   0.0753444
         569     9.65404     9.78481   0.0752124
         570     9.64737     9.78457   0.0750808
         571     9.64018     9.78432   0.0749498
         572     9.63387     9.78405   0.0748192
         573     9.62634     9.78378   0.0746891
         574     9.61971     9.78349   0.0745595
         575     9.61257     9.78319   0.0744305
         576     9.60633     9.78289   0.0743019
         577     9.59888     9.78257   0.0741738
         578     9.59234     9.78224   0.0740462
         579       9.586      9.7819   0.0739191
         580     9.58057     9.78155   0.0737925
         581     9.57394      9.7812   0.0736663
         582     9.56821     9.78083   0.0735406
         583     9.56057     9.78045   0.0734155
         584     9.55453     9.78007   0.0732908
         585     9.54939     9.77967   0.0731666
         586     9.54445     9.77927   0.0730428
         587     9.54041     9.77886   0.0729195
         588     9.53585     9.77845   0.0727967
         589     9.53288     9.77803   0.0726743
         590     9.52868     9.77761   0.0725523
         591     9.52536     9.77718   0.0724308
         592     9.52362     9.77675   0.0723097
         593     9.51921     9.77632   0.0721891
         594     9.51637     9.77588   0.0720689
         595     9.51298     9.77544   0.0719491
         596     9.51043       9.775   0.0718298
         597     9.50731     9.77455   0.0717108
         598     9.50362     9.77409   0.0715924
         599     9.49934     9.77364   0.0714743
         600     9.49658     9.77317   0.0713567
         601     9.49252     9.77271   0.0712395
         602     9.48997     9.77224   0.0711227
         603     9.49034     9.77177   0.0710063
         604     9.48867      9.7713   0.0708903
         605     9.48778     9.77083   0.0707746
         606     9.48485     9.77036   0.0706594
         607     9.48127     9.76988   0.0705446
         608     9.47774      9.7694   0.0704302
         609     9.47638     9.76892   0.0703162
         610     9.47366     9.76844   0.0702026
         611     9.47238     9.76795   0.0700894
         612     9.47113     9.76747   0.0699765
         613     9.46919     9.76698   0.0698641
         614     9.46656     9.76649    0.069752
         615     9.46465       9.766   0.0696403
         616     9.46203     9.76551    0.069529
         617     9.46012     9.76501   0.0694181
         618     9.45961     9.76452   0.0693075
         619     9.45767     9.76402   0.0691973
         620     9.45642     9.76353   0.0690875
         621     9.45374     9.76303    0.068978
         622     9.45173     9.76253    0.068869
         623     9.44969     9.76203   0.0687602
         624      9.4462     9.76152   0.0686519
         625     9.44338     9.76101    0.068544
         626     9.44121      9.7605   0.0684364
         627     9.43829     9.75999   0.0683292
         628     9.43744     9.75947   0.0682223
         629     9.43511     9.75896   0.0681158
         630     9.43272     9.75844   0.0680096
         631     9.43028     9.75792   0.0679038
         632     9.42635     9.75739   0.0677984
         633     9.42307     9.75687   0.0676934
         634     9.41971     9.75633   0.0675887
         635       9.417      9.7558   0.0674843
         636      9.4142     9.75526   0.0673804
         637     9.41134     9.75472   0.0672768
         638      9.4091     9.75418   0.0671735
         639     9.40609     9.75364   0.0670706
         640     9.40229     9.75309    0.066968
         641     9.39982     9.75254   0.0668658
         642     9.39658     9.75198    0.066764
         643     9.39396     9.75143   0.0666625
         644     9.38986     9.75086   0.0665613
         645     9.38567      9.7503   0.0664605
         646     9.38212     9.74973   0.0663601
         647     9.37709     9.74915     0.06626
         648      9.3741     9.74857   0.0661603
         649     9.37104     9.74799   0.0660609
         650     9.36721     9.74741   0.0659619
         651     9.36402     9.74682   0.0658632
         652     9.36077     9.74622   0.0657648
         653     9.35535     9.74563   0.0656668
         654     9.35057     9.74502   0.0655692
         655     9.34575     9.74441   0.0654719
         656     9.34159      9.7438    0.065375
         657     9.33809     9.74318   0.0652784
         658     9.33455     9.74256   0.0651822
         659     9.32745     9.74193   0.0650863
         660     9.32385      9.7413   0.0649908
         661     9.32023     9.74066   0.0648956
         662     9.31659     9.74002   0.0648007
         663     9.31225     9.73937   0.0647062
         664      9.3086     9.73873    0.064612
         665     9.30285     9.73807   0.0645181
         666     9.29851     9.73741   0.0644246
         667     9.29349     9.73674   0.0643315
         668      9.2899     9.73608   0.0642387
         669     9.28493      9.7354   0.0641462
         670     9.28071     9.73472    0.064054
         671     9.27653     9.73404   0.0639622
         672     9.27311     9.73335   0.0638707
         673     9.26834     9.73266   0.0637795
         674     9.26434     9.73197   0.0636887
         675     9.25971     9.73127   0.0635982
         676     9.25517     9.73056    0.063508
         677     9.24859     9.72985   0.0634182
         678     9.24634     9.72914   0.0633287
         679     9.24209     9.72842   0.0632394
         680     9.23865      9.7277   0.0631506
         681     9.23391     9.72698    0.063062
         682     9.23142     9.72625   0.0629737
         683     9.22976     9.72552   0.0628857
         684     9.22683     9.72479    0.062798
         685     9.22404     9.72406   0.0627106
         686     9.21998     9.72333   0.0626235
         687     9.21749     9.72259   0.0625366
         688     9.21444     9.72185   0.0624501
         689     9.21298     9.72111   0.0623638
         690     9.21168     9.72038   0.0622778
         691     9.21196     9.71964    0.062192
         692      9.2096      9.7189   0.0621065
         693     9.20953     9.71817   0.0620213
         694     9.20893     9.71743   0.0619362
         695     9.20852      9.7167   0.0618514
         696      9.2076     9.71597   0.0617669
         697     9.20756     9.71524   0.0616826
         698     9.20631     9.71451   0.0615985
         699     9.20596     9.71378   0.0615147
         700     9.20581     9.71306   0.0614311
         701     9.20585     9.71234   0.0613477
         702      9.2061     9.71161   0.0612646
         703     9.20584     9.71089   0.0611816
         704     9.20789     9.71018   0.0610989
         705     9.20873     9.70947   0.0610164
         706     9.21048     9.70876   0.0609341
         707     9.21102     9.70806   0.0608519
         708     9.21245     9.70736     0.06077
         709      9.2148     9.70666   0.0606883
         710     9.21734     9.70597   0.0606067
         711     9.21866     9.70529   0.0605253
         712     9.22018     9.70461   0.0604442
         713     9.22259     9.70393   0.0603632
         714      9.2252     9.70326   0.0602824
         715       9.228      9.7026   0.0602017
         716     9.23168     9.70194   0.0601212
         717     9.23485     9.70129   0.0600409
         718     9.23819     9.70064   0.0599607
         719     9.24171         9.7   0.0598807
         720     9.24541     9.69937   0.0598009
         721     9.24787     9.69875   0.0597212
         722     9.25262     9.69813   0.0596417
         723     9.25612     9.69752   0.0595624
         724     9.26119     9.69691   0.0594831
         725     9.26643     9.69632   0.0594041
         726     9.27323     9.69574   0.0593251
         727     9.27735     9.69516   0.0592463
         728     9.28304      9.6946   0.0591676
         729     9.28817     9.69404   0.0590891
         730     9.29344     9.69349   0.0590107
         731     9.29884     9.69295   0.0589324
         732     9.30438     9.69242   0.0588543
         733     9.31146      9.6919   0.0587763
         734     9.31795     9.69139   0.0586984
         735     9.32457     9.69089   0.0586207
         736     9.32918      9.6904   0.0585431
         737     9.33531     9.68992   0.0584657
         738     9.34225     9.68945   0.0583883
         739        9.35     9.68899   0.0583111
         740     9.35713     9.68854   0.0582341
         741     9.36294      9.6881   0.0581571
         742     9.36955     9.68767   0.0580803
         743     9.37623     9.68725   0.0580037
         744     9.38227     9.68684   0.0579272
         745     9.38838     9.68644   0.0578508
         746     9.39526     9.68605   0.0577746
         747     9.40218     9.68567   0.0576985
         748     9.40844      9.6853   0.0576225
         749     9.41475     9.68494   0.0575467
         750     9.42249     9.68459   0.0574711
         751     9.42601     9.68424   0.0573956
         752     9.43378     9.68391   0.0573202
         753     9.43944     9.68359    0.057245
         754     9.44651     9.68327   0.0571699
         755     9.45287     9.68297    0.057095
         756     9.45991     9.68267   0.0570203
         757     9.46692     9.68239   0.0569457
         758     9.47532     9.68211   0.0568712
         759     9.48154     9.68185   0.0567969
         760     9.48842     9.68159   0.0567227
         761     9.49595     9.68135   0.0566487
         762     9.50199     9.68112   0.0565748
         763     9.50866     9.68089   0.0565012
         764     9.51595     9.68067   0.0564276
         765     9.52244     9.68047   0.0563542
         766     9.52882     9.68027    0.056281
         767     9.53508     9.68008   0.0562079
         768     9.54193      9.6799    0.056135
         769     9.54724     9.67973   0.0560623
         770     9.55241     9.67956   0.0559897
         771     9.55814      9.6794   0.0559174
         772     9.56301     9.67925   0.0558451
         773     9.56913     9.67911   0.0557731
         774     9.57509     9.67898   0.0557012
         775     9.57945     9.67885   0.0556294
         776     9.58434     9.67873   0.0555579
         777     9.58904     9.67861   0.0554865
         778     9.59426      9.6785   0.0554153
         779     9.59787      9.6784   0.0553442
         780     9.60199      9.6783   0.0552734
         781     9.60731     9.67821   0.0552027
         782     9.61101     9.67812   0.0551322
         783      9.6145     9.67804   0.0550618
         784     9.61848     9.67797   0.0549916
         785     9.62224      9.6779   0.0549216
         786     9.62508     9.67783   0.0548518
         787      9.6277     9.67776   0.0547821
         788     9.62939      9.6777   0.0547126
         789     9.62663     9.67764   0.0546433
         790     9.62859     9.67758   0.0545742
         791     9.63033     9.67752   0.0545052
         792     9.63115     9.67746   0.0544365
         793     9.63105      9.6774   0.0543678
         794     9.63003     9.67734   0.0542994
         795     9.63092     9.67728   0.0542311
         796      9.6323     9.67723    0.054163
         797     9.63348     9.67717   0.0540951
         798     9.63375     9.67712   0.0540273
         799     9.63382     9.67706   0.0539597
         800      9.6337     9.67701   0.0538923
         801     9.63409     9.67695   0.0538251
         802     9.63288      9.6769    0.053758
         803     9.63432     9.67685   0.0536911
         804     9.63416     9.67679   0.0536243
         805     9.63313     9.67674   0.0535577
         806     9.63193     9.67668   0.0534913
         807     9.63127     9.67663    0.053425
         808     9.62762     9.67657    0.053359
         809     9.62735     9.67651    0.053293
         810     9.62622     9.67644   0.0532273
         811     9.62353     9.67638   0.0531617
         812      9.6214     9.67631   0.0530963
         813     9.61984     9.67624    0.053031
         814     9.61744     9.67617   0.0529659
         815     9.61491     9.67609    0.052901
         816     9.61226     9.67602   0.0528362
         817     9.61089     9.67594   0.0527716
         818     9.60799     9.67585   0.0527071
         819     9.60357     9.67576   0.0526428
         820     9.59973     9.67567   0.0525787
         821     9.59579     9.67557   0.0525148
         822     9.59315     9.67547    0.052451
         823     9.58971     9.67537   0.0523874
         824     9.58617     9.67526   0.0523239
         825     9.58253     9.67515   0.0522606
         826     9.57809     9.67503   0.0521975
         827     9.57427     9.67491   0.0521345
         828     9.57037     9.67478   0.0520717
         829     9.56638     9.67465    0.052009
         830     9.56232     9.67452   0.0519465
         831     9.55888     9.67438   0.0518842
         832     9.55467     9.67423   0.0518221
         833     9.54969     9.67408   0.0517601
         834     9.54676     9.67393   0.0516982
         835     9.54165     9.67377   0.0516365
         836     9.53649     9.67361    0.051575
         837     9.53198     9.67344   0.0515137
         838     9.52813     9.67327   0.0514525
         839     9.52282     9.67309   0.0513915
         840      9.5196      9.6729   0.0513307
         841     9.51563     9.67272     0.05127
         842     9.51093     9.67253   0.0512094
         843     9.50621     9.67233   0.0511491
         844     9.50076     9.67212   0.0510889
         845     9.49531     9.67192   0.0510288
         846     9.48915      9.6717    0.050969
         847     9.48439     9.67148   0.0509093
         848     9.48035     9.67125   0.0508497
         849     9.47632     9.67102   0.0507904
         850      9.4709     9.67079   0.0507312
         851     9.46621     9.67055   0.0506721
         852     9.46156      9.6703   0.0506132
         853     9.45766     9.67005   0.0505545
         854     9.45591      9.6698   0.0504959
         855      9.4521     9.66955   0.0504375
         856     9.44553     9.66929   0.0503793
         857     9.44045     9.66902   0.0503212
         858     9.43685     9.66875   0.0502633
         859     9.43194     9.66847   0.0502055
         860     9.42924     9.66819   0.0501479
         861     9.42523     9.66791   0.0500905
         862     9.42203     9.66763   0.0500332
         863     9.41967     9.66734    0.049976
         864     9.41602     9.66705    0.049919
         865     9.41322     9.66676   0.0498622
         866     9.40915     9.66646   0.0498055
         867     9.40595     9.66616   0.0497489
         868     9.40291     9.66585   0.0496925
         869     9.40074     9.66555   0.0496363
         870     9.39875     9.66524   0.0495802
         871     9.39625     9.66493   0.0495242
         872     9.39464     9.66462   0.0494684
         873     9.39112     9.66431   0.0494127
         874     9.38781     9.66399   0.0493572
         875     9.38543     9.66368   0.0493018
         876     9.38327     9.66336   0.0492466
         877     9.38133     9.66303   0.0491915
         878     9.38176     9.66271   0.0491365
         879     9.38031     9.66239   0.0490816
         880     9.37981     9.66207   0.0490269
         881     9.38097     9.66175   0.0489723
         882     9.38028     9.66143   0.0489178
         883     9.37985     9.66111   0.0488635
         884     9.38039      9.6608   0.0488092
         885      9.3812     9.66048   0.0487551
         886     9.38227     9.66017   0.0487011
         887     9.38574     9.65986   0.0486472
         888     9.38735     9.65955   0.0485933
         889     9.39066     9.65925   0.0485396
         890     9.39282     9.65895    0.048486
         891     9.39667     9.65865   0.0484325
         892     9.39938     9.65836   0.0483791
         893     9.40235     9.65808   0.0483257
         894      9.4063      9.6578   0.0482725
         895     9.40981     9.65752   0.0482194
         896     9.41288     9.65725   0.0481663
         897     9.41549     9.65698   0.0481134
         898     9.41976     9.65671   0.0480605
         899     9.42287     9.65645   0.0480078
         900     9.42691      9.6562   0.0479551
         901     9.43401     9.65595   0.0479025
         902     9.43991     9.65571     0.04785
         903     9.44461     9.65548   0.0477976
         904     9.45164     9.65525   0.0477452
         905     9.45673     9.65503    0.047693
         906     9.46413     9.65482   0.0476408
         907     9.47099     9.65462   0.0475887
         908       9.478     9.65442   0.0475367
         909     9.48375     9.65424   0.0474848
         910     9.48893     9.65405   0.0474329
         911     9.49352     9.65388   0.0473812
         912     9.50033     9.65371   0.0473295
         913     9.50652     9.65355    0.047278
         914     9.51421      9.6534   0.0472265
         915     9.52337     9.65325   0.0471751
         916     9.53257     9.65312   0.0471238
         917     9.54111       9.653   0.0470726
         918     9.54824     9.65289   0.0470214
         919     9.55608     9.65278   0.0469704
         920     9.56179     9.65268   0.0469194
         921     9.56888     9.65259   0.0468686
         922     9.57592     9.65251   0.0468178
         923     9.58291     9.65243   0.0467671
         924     9.59051     9.65237   0.0467166
         925     9.59732     9.65231   0.0466661
         926     9.60544     9.65226   0.0466157
         927     9.61272     9.65221   0.0465655
         928     9.61845     9.65218   0.0465153
         929     9.62403     9.65215   0.0464652
         930     9.63228     9.65212   0.0464153
         931     9.63893     9.65211   0.0463654
         932     9.64539      9.6521   0.0463157
         933     9.64953      9.6521    0.046266
         934     9.65698     9.65211   0.0462165
         935      9.6635     9.65212   0.0461671
         936     9.66837     9.65213   0.0461178
         937      9.6737     9.65216   0.0460686
         938     9.67736     9.65218   0.0460194
         939     9.68147     9.65222   0.0459704
         940     9.68389     9.65225   0.0459216
         941     9.68674     9.65229   0.0458728
         942     9.69002     9.65233   0.0458241
         943      9.6923     9.65237   0.0457755
         944     9.69499     9.65241    0.045727
         945     9.69739     9.65246   0.0456787
         946     9.69737     9.65251   0.0456304
         947     9.69988     9.65256   0.0455823
         948     9.69997     9.65261   0.0455342
         949     9.70117     9.65266   0.0454863
         950     9.70277     9.65271   0.0454384
         951     9.70338     9.65277   0.0453907
         952     9.70299     9.65282    0.045343
         953     9.70301     9.65287   0.0452955
         954     9.70205     9.65292    0.045248
         955     9.70152     9.65297   0.0452007
         956     9.70071     9.65302   0.0451534
         957     9.69964     9.65307   0.0451062
         958     9.69832     9.65312   0.0450592
         959     9.69675     9.65317   0.0450122
         960     9.69424     9.65321   0.0449654
         961     9.69221     9.65325   0.0449186
         962     9.68996     9.65329   0.0448719
         963     9.68751     9.65332   0.0448253
         964     9.68487     9.65336   0.0447788
         965     9.68275     9.65339   0.0447325
         966     9.67836     9.65341   0.0446862
         967     9.67593     9.65343   0.0446399
         968     9.67336     9.65346   0.0445938
         969     9.66926     9.65347   0.0445478
         970     9.66575     9.65348   0.0445019
         971     9.66145     9.65349   0.0444561
         972     9.65849      9.6535   0.0444103
         973     9.65475      9.6535   0.0443647
         974     9.64956      9.6535   0.0443191
         975     9.64576     9.65349   0.0442737
         976     9.64195     9.65348   0.0442283
         977     9.63814     9.65346   0.0441831
         978     9.63507     9.65344   0.0441379
         979     9.63062     9.65342   0.0440928
         980     9.62765     9.65339   0.0440478
         981     9.62404     9.65336   0.0440029
         982     9.62124     9.65333   0.0439581
         983     9.61853     9.65329   0.0439134
         984     9.61737     9.65326   0.0438688
         985     9.61423     9.65322   0.0438243
         986     9.61195     9.65318   0.0437799
         987     9.60843     9.65313   0.0437355
         988      9.6051     9.65308   0.0436913
         989     9.60267     9.65303   0.0436471
         990     9.60117     9.65298   0.0436031
         991     9.59708     9.65292   0.0435591
         992     9.59534     9.65286   0.0435153
         993     9.59386      9.6528   0.0434715
         994     9.59194     9.65274   0.0434278
         995     9.59171     9.65268   0.0433842
         996     9.58966     9.65262   0.0433407
         997     9.58861     9.65255   0.0432972
         998     9.58786     9.65249   0.0432539
         999     9.58744     9.65242   0.0432107
        1000     9.58663     9.65236   0.0431675
        1001     9.58757     9.65229   0.0431244
        1002     9.58885     9.65223   0.0430814
        1003     9.59188     9.65217   0.0430385
        1004     9.59384     9.65211   0.0429957
        1005     9.59544     9.65206   0.0429529
        1006      9.5988       9.652   0.0429103
        1007     9.60322     9.65195   0.0428677
        1008     9.60658     9.65191   0.0428252
        1009     9.61029     9.65187   0.0427828
        1010     9.61294     9.65183   0.0427404
        1011     9.61946      9.6518   0.0426982
        1012     9.62278     9.65177    0.042656
        1013     9.62644     9.65174   0.0426139
        1014     9.62972     9.65172   0.0425719
        1015     9.63614     9.65171   0.0425299
        1016     9.64217      9.6517   0.0424881
        1017      9.6485     9.65169   0.0424463
        1018     9.65653      9.6517   0.0424046
        1019     9.66343     9.65171    0.042363
        1020      9.6706     9.65173   0.0423215
        1021     9.67661     9.65175     0.04228
        1022     9.68427     9.65178   0.0422387
        1023     9.69285     9.65183   0.0421974
        1024     9.70023     9.65187   0.0421562
        1025     9.70921     9.65193   0.0421151
        1026     9.71978     9.65199   0.0420741
        1027     9.72837     9.65207   0.0420332
        1028      9.7371     9.65215   0.0419924
        1029     9.74594     9.65224   0.0419517
        1030     9.75417     9.65234   0.0419111
        1031     9.76457     9.65245   0.0418706
        1032     9.77432     9.65257   0.0418302
        1033     9.78409      9.6527   0.0417899
        1034     9.79315     9.65283   0.0417497
        1035     9.80219     9.65298   0.0417096
        1036     9.81048     9.65313   0.0416696
        1037      9.8201     9.65329   0.0416297
        1038     9.82821     9.65346     0.04159
        1039      9.8362     9.65363   0.0415503
        1040     9.84405     9.65382   0.0415108
        1041     9.85242     9.65401   0.0414713
        1042      9.8599      9.6542    0.041432
        1043     9.86998     9.65441   0.0413928
        1044     9.87628     9.65462   0.0413537
        1045     9.88302     9.65484   0.0413147
        1046     9.89018     9.65507   0.0412758
        1047     9.89702      9.6553    0.041237
        1048     9.90211     9.65553   0.0411983
        1049     9.90755     9.65577   0.0411598
        1050     9.91261     9.65602   0.0411213
        1051     9.91869     9.65627   0.0410829
        1052     9.92223     9.65652   0.0410447
        1053     9.92745     9.65678   0.0410065
        1054     9.93293     9.65704   0.0409684
        1055     9.93652     9.65731   0.0409304
        1056     9.94104     9.65758   0.0408926
        1057     9.94365     9.65785   0.0408548
        1058     9.94505     9.65812   0.0408171
        1059     9.94664     9.65839   0.0407794
        1060      9.9477     9.65866   0.0407419
        1061     9.94753     9.65893   0.0407044
        1062     9.94822     9.65921    0.040667
        1063     9.94766     9.65948   0.0406296
        1064     9.94514     9.65975   0.0405923
        1065     9.94278     9.66001   0.0405551
        1066     9.93986     9.66028   0.0405179
        1067      9.9371     9.66053   0.0404807
        1068     9.93238     9.66079   0.0404436
        1069     9.92711     9.66104   0.0404066
        1070     9.92342     9.66128   0.0403695
        1071     9.91778     9.66152   0.0403326
        1072     9.91232     9.66176   0.0402956
        1073     9.90635     9.66198   0.0402587
        1074     9.90057     9.66221   0.0402218
        1075     9.89358     9.66242    0.040185
        1076     9.88399     9.66263   0.0401482
        1077     9.87676     9.66283   0.0401114
        1078     9.86694     9.66302   0.0400746
        1079     9.85738      9.6632   0.0400379
        1080      9.8488     9.66337   0.0400012
        1081      9.8391     9.66353   0.0399645
        1082      9.8297     9.66368   0.0399279
        1083     9.81922     9.66383   0.0398913
        1084     9.80837     9.66396   0.0398547
        1085     9.79718     9.66408   0.0398181
        1086     9.78566      9.6642   0.0397816
        1087     9.77453      9.6643   0.0397452
        1088     9.76452     9.66439   0.0397087
        1089     9.75283     9.66447   0.0396724
        1090     9.74089     9.66454    0.039636
        1091     9.72801      9.6646   0.0395997
        1092     9.71492     9.66465   0.0395635
        1093     9.70305     9.66468   0.0395273
        1094     9.68888      9.6647   0.0394912
        1095     9.67528     9.66471   0.0394551
        1096     9.66154     9.66471   0.0394191
        1097     9.64698     9.66469   0.0393832
        1098     9.63305     9.66466   0.0393473
        1099     9.61833     9.66462   0.0393116
        1100     9.60428     9.66457   0.0392759
        1101     9.59019      9.6645   0.0392403
        1102      9.5761     9.66442   0.0392047
        1103     9.56131     9.66433   0.0391693
        1104     9.55009     9.66422   0.0391339
        1105     9.53609     9.66411   0.0390987
        1106     9.51933     9.66398   0.0390636
        1107      9.5055     9.66383   0.0390285
        1108     9.49106     9.66368   0.0389936
        1109     9.47676     9.66351   0.0389588
        1110     9.46402     9.66333   0.0389242
        1111     9.45074     9.66314   0.0388896
        1112     9.43905     9.66294   0.0388551
        1113     9.42616     9.66272   0.0388208
        1114      9.4135      9.6625   0.0387866
        1115     9.40107     9.66226   0.0387525
        1116     9.38819     9.66202   0.0387186
        1117     9.37699     9.66176   0.0386848
        1118     9.36467      9.6615   0.0386511
        1119     9.35194     9.66122   0.0386175
        1120     9.34024     9.66094   0.0385841
        1121     9.33029     9.66064   0.0385508
        1122     9.31927     9.66034   0.0385177
        1123     9.31003     9.66002   0.0384846
        1124     9.30116      9.6597   0.0384517
        1125     9.29198     9.65938   0.0384189
        1126      9.2839     9.65904   0.0383862
        1127     9.27482      9.6587   0.0383537
        1128     9.26758     9.65836   0.0383213
        1129     9.26006       9.658   0.0382889
        1130     9.25581     9.65765   0.0382567
        1131      9.2506     9.65729   0.0382246
        1132     9.24514     9.65692   0.0381925
        1133     9.23803     9.65655   0.0381606
        1134     9.23351     9.65618   0.0381288
        1135     9.22947     9.65581   0.0380971
        1136     9.22521     9.65543   0.0380654
        1137     9.22145     9.65504   0.0380338
        1138     9.21889     9.65466   0.0380024
        1139     9.21753     9.65428   0.0379709
        1140     9.21597     9.65389   0.0379396
        1141     9.21632     9.65351   0.0379083
        1142     9.21436     9.65312    0.037877
        1143      9.2129     9.65274   0.0378458
        1144     9.21266     9.65236   0.0378147
        1145     9.21363     9.65197   0.0377836
        1146     9.21723     9.65159   0.0377526
        1147      9.2178     9.65121   0.0377215
        1148     9.21958     9.65084   0.0376905
        1149     9.22116     9.65046   0.0376596
        1150     9.22535     9.65009   0.0376287
        1151     9.22792     9.64973   0.0375978
        1152     9.23099     9.64936   0.0375669
        1153     9.23595     9.64901    0.037536
        1154     9.24068     9.64865   0.0375052
        1155      9.2473      9.6483   0.0374743
        1156     9.25297     9.64796   0.0374434
        1157     9.25769     9.64763   0.0374126
        1158     9.26216     9.64729   0.0373818
        1159     9.26989     9.64697   0.0373509
        1160     9.27735     9.64665   0.0373201
        1161      9.2824     9.64633   0.0372893
        1162     9.28999     9.64603   0.0372584
        1163      9.3001     9.64573   0.0372276
        1164     9.30848     9.64544   0.0371967
        1165     9.31865     9.64516   0.0371659
        1166     9.32636     9.64489    0.037135
        1167     9.33586     9.64462   0.0371041
        1168     9.34499     9.64437   0.0370732
        1169     9.35587     9.64412   0.0370423
        1170     9.36707     9.64388   0.0370114
        1171     9.37857     9.64366   0.0369805
        1172     9.39108     9.64344   0.0369496
        1173     9.40387     9.64324   0.0369187
        1174     9.41763     9.64304   0.0368877
        1175     9.42811     9.64286   0.0368568
        1176     9.44023     9.64269   0.0368258
        1177     9.45186     9.64253   0.0367949
        1178     9.46511     9.64238    0.036764
        1179     9.47855     9.64224   0.0367331
        1180     9.49145     9.64211   0.0367021
        1181     9.50521     9.64199   0.0366713
        1182     9.51841     9.64189   0.0366404
        1183     9.53103     9.64179   0.0366095
        1184     9.54446     9.64171   0.0365787
        1185     9.56009     9.64164   0.0365479
        1186     9.57368     9.64159   0.0365171
        1187     9.58873     9.64154   0.0364864
        1188     9.60312     9.64151   0.0364557
        1189     9.61894     9.64149    0.036425
        1190     9.63194     9.64148   0.0363944
        1191     9.64774     9.64149   0.0363639
        1192     9.66139      9.6415   0.0363334
        1193     9.67499     9.64153   0.0363029
        1194     9.68852     9.64157   0.0362725
        1195     9.70267     9.64162   0.0362422
        1196     9.71671     9.64169    0.036212
        1197     9.73275     9.64176   0.0361818
        1198     9.74654     9.64185   0.0361517
        1199     9.75946     9.64195   0.0361217
        1200      9.7722     9.64206   0.0360917
        1201     9.78546     9.64217   0.0360619
        1202      9.7978      9.6423   0.0360321
        1203     9.81061     9.64244   0.0360024
        1204     9.82389     9.64259   0.0359729
        1205      9.8369     9.64276   0.0359434
        1206     9.84822     9.64293    0.035914
        1207     9.85924     9.64311   0.0358847
        1208     9.87065     9.64329   0.0358554
        1209     9.88384     9.64349   0.0358263
        1210     9.89457      9.6437   0.0357973
        1211     9.90492     9.64392   0.0357684
        1212     9.91419     9.64414   0.0357396
        1213     9.92377     9.64437   0.0357109
        1214     9.93364     9.64461   0.0356823
        1215     9.94308     9.64485   0.0356537
        1216     9.95137     9.64511   0.0356253
        1217     9.95849     9.64536    0.035597
        1218     9.96585     9.64563   0.0355687
        1219     9.97271     9.64589   0.0355405
        1220     9.97907     9.64617   0.0355125
        1221     9.98562     9.64645   0.0354845
        1222     9.99094     9.64673   0.0354566
        1223     9.99571     9.64701   0.0354287
        1224     10.0006      9.6473   0.0354009
        1225      10.005     9.64759   0.0353732
        1226     10.0074     9.64789   0.0353456
        1227     10.0106     9.64818    0.035318
        1228     10.0132     9.64848   0.0352905
        1229     10.0146     9.64878   0.0352631
        1230     10.0146     9.64908   0.0352357
        1231     10.0147     9.64937   0.0352083
        1232     10.0142     9.64967    0.035181
        1233     10.0131     9.64996   0.0351537
        1234     10.0114     9.65026   0.0351264
        1235     10.0083     9.65055   0.0350991
        1236     10.0047     9.65083   0.0350719
        1237     10.0004     9.65112   0.0350447
        1238     9.99621     9.65139   0.0350175
        1239      9.9907     9.65167   0.0349903
        1240      9.9853     9.65194   0.0349631
        1241     9.97929      9.6522   0.0349359
        1242     9.97128     9.65246   0.0349088
        1243      9.9648     9.65271   0.0348816
        1244     9.95773     9.65295   0.0348544
        1245     9.94869     9.65319   0.0348272
        1246      9.9391     9.65342      0.0348
        1247     9.92895     9.65364   0.0347728
        1248     9.91828     9.65385   0.0347456
        1249     9.90638     9.65406   0.0347184
        1250      9.8975     9.65425   0.0346911
        1251     9.88673     9.65444   0.0346639
        1252     9.87478     9.65461   0.0346367
        1253     9.86238     9.65478   0.0346094
        1254     9.84884     9.65493   0.0345822
        1255     9.83489     9.65508   0.0345549
        1256     9.82053     9.65521   0.0345277
        1257     9.80581     9.65533   0.0345004
        1258     9.79073     9.65544   0.0344731
        1259     9.77602     9.65553   0.0344459
        1260     9.76029     9.65562   0.0344187
        1261     9.74568     9.65569   0.0343914
        1262     9.73151     9.65575   0.0343642
        1263     9.71567     9.65579   0.0343371
        1264     9.69962     9.65583   0.0343099
        1265     9.68335     9.65585   0.0342828
        1266     9.66621     9.65586   0.0342557
        1267     9.64819     9.65585   0.0342287
        1268     9.63003     9.65583   0.0342017
        1269     9.61245      9.6558   0.0341748
        1270     9.59549     9.65575   0.0341479
        1271     9.57916     9.65569   0.0341211
        1272     9.56347     9.65562   0.0340943
        1273     9.54705     9.65553   0.0340676
        1274     9.53061     9.65543    0.034041
        1275     9.51347     9.65532   0.0340145
        1276     9.49565      9.6552   0.0339881
        1277     9.47858     9.65506   0.0339618
        1278     9.46086     9.65491   0.0339355
        1279     9.44393     9.65474   0.0339094
        1280     9.42709     9.65457   0.0338834
        1281     9.41106     9.65437   0.0338575
        1282     9.39516     9.65417   0.0338316
        1283     9.37799     9.65396    0.033806
        1284     9.36309     9.65373   0.0337804
        1285     9.34695     9.65349   0.0337549
        1286     9.33098     9.65324   0.0337296
        1287      9.3138     9.65298   0.0337045
        1288     9.29824      9.6527   0.0336794
        1289      9.2843     9.65242   0.0336545
        1290     9.26918     9.65212   0.0336297
        1291     9.25358     9.65181   0.0336051
        1292     9.23823     9.65149   0.0335806
        1293     9.22453     9.65116   0.0335563
        1294     9.20969     9.65082   0.0335321
        1295     9.19653     9.65047    0.033508
        1296     9.18152     9.65011   0.0334841
        1297     9.16749     9.64973   0.0334603
        1298     9.15446     9.64935   0.0334367
        1299     9.14171     9.64896   0.0334133
        1300     9.13067     9.64856     0.03339
        1301     9.11782     9.64816   0.0333668
        1302     9.10668     9.64774   0.0333438
        1303     9.09514     9.64732   0.0333209
        1304     9.08321     9.64688   0.0332981
        1305       9.073     9.64644   0.0332755
        1306     9.06241       9.646    0.033253
        1307     9.05142     9.64554   0.0332307
        1308     9.04218     9.64508   0.0332085
        1309     9.03536     9.64461   0.0331864
        1310     9.02747     9.64414   0.0331644
        1311     9.01778     9.64367   0.0331425
        1312     9.00982     9.64318   0.0331208
        1313      9.0015     9.64269   0.0330992
        1314      8.9935      9.6422   0.0330777
        1315     8.98655      9.6417   0.0330563
        1316     8.97992      9.6412    0.033035
        1317     8.97152     9.64069   0.0330138
        1318     8.96486     9.64018   0.0329928
        1319     8.95712     9.63966   0.0329718
        1320     8.95114     9.63914    0.032951
        1321      8.9455     9.63861   0.0329302
        1322     8.93949     9.63808   0.0329095
        1323     8.93524     9.63755   0.0328889
        1324     8.92992     9.63702   0.0328684
        1325     8.92494     9.63648    0.032848
        1326     8.92171     9.63594   0.0328277
        1327     8.91954      9.6354   0.0328074
        1328      8.9149     9.63486   0.0327872
        1329     8.91271     9.63432    0.032767
        1330     8.91158     9.63377   0.0327469
        1331     8.91009     9.63323   0.0327268
        1332     8.90683     9.63268   0.0327068
        1333     8.90675     9.63214   0.0326867
        1334      8.9049     9.63159   0.0326668
        1335      8.9034     9.63105   0.0326469
        1336     8.90225      9.6305    0.032627
        1337     8.90217     9.62996   0.0326071
        1338     8.90102     9.62941   0.0325873
        1339     8.90164     9.62887   0.0325675
        1340     8.90262     9.62833   0.0325477
        1341     8.90395     9.62779   0.0325279
        1342     8.90634     9.62725   0.0325081
        1343     8.90838     9.62671   0.0324883
        1344     8.91078     9.62618   0.0324685
        1345     8.91424     9.62565   0.0324487
        1346     8.91735     9.62513   0.0324289
        1347     8.92011      9.6246    0.032409
        1348     8.92394     9.62408   0.0323891
        1349     8.92813     9.62357   0.0323692
        1350     8.93338     9.62306   0.0323493
        1351     8.93758     9.62255   0.0323293
        1352     8.94215     9.62204   0.0323093
        1353     8.94778     9.62155   0.0322893
        1354     8.95448     9.62105   0.0322692
        1355     8.95942     9.62057   0.0322491
        1356     8.96472     9.62008   0.0322289
        1357      8.9718      9.6196   0.0322087
        1358     8.97996     9.61913   0.0321884
        1359     8.98848     9.61867   0.0321681
        1360     8.99666     9.61821   0.0321477
        1361     9.00451     9.61776   0.0321272
        1362     9.01202     9.61732   0.0321067
        1363     9.02132     9.61688   0.0320862
        1364       9.031     9.61645   0.0320655
        1365     9.03964     9.61603   0.0320448
        1366     9.05007     9.61561    0.032024
        1367     9.06159     9.61521   0.0320032
        1368     9.07278     9.61481   0.0319822
        1369     9.08436     9.61442   0.0319612
        1370     9.09703     9.61405   0.0319401
        1371     9.10937     9.61368   0.0319189
        1372     9.12281     9.61332   0.0318977
        1373     9.13594     9.61297   0.0318763
        1374     9.15015     9.61263   0.0318549
        1375     9.16334     9.61231   0.0318334
        1376     9.17692     9.61199   0.0318119
        1377       9.193     9.61169   0.0317902
        1378     9.21018      9.6114   0.0317685
        1379     9.22562     9.61112   0.0317467
        1380     9.24074     9.61085   0.0317248
        1381     9.25624     9.61059   0.0317029
        1382     9.27284     9.61035   0.0316809
        1383     9.28981     9.61011   0.0316588
        1384     9.30716      9.6099   0.0316367
        1385     9.32417     9.60969   0.0316145
        1386     9.34296      9.6095   0.0315923
        1387     9.36211     9.60932     0.03157
        1388     9.38162     9.60915   0.0315477
        1389     9.40148     9.60901   0.0315254
        1390     9.42098     9.60887    0.031503
        1391      9.4394     9.60875   0.0314806
        1392     9.45956     9.60864   0.0314581
        1393     9.48145     9.60855   0.0314357
        1394     9.50223     9.60847   0.0314132
        1395     9.52332     9.60841   0.0313908
        1396     9.54752     9.60837   0.0313683
        1397     9.56705     9.60834   0.0313459
        1398     9.58896     9.60833   0.0313234
        1399     9.61253     9.60833    0.031301
        1400     9.63492     9.60835   0.0312787
        1401     9.65682     9.60838   0.0312564
        1402     9.68034     9.60843   0.0312341
        1403     9.70334      9.6085   0.0312119
        1404     9.72651     9.60858   0.0311898
        1405     9.75053     9.60869   0.0311678
        1406     9.77398      9.6088   0.0311458
        1407     9.79684     9.60894    0.031124
        1408     9.82048     9.60909   0.0311023
        1409     9.84349     9.60925   0.0310806
        1410     9.86726     9.60944   0.0310591
        1411     9.88963     9.60964   0.0310377
        1412     9.91341     9.60985   0.0310165
        1413     9.93716     9.61008   0.0309954
        1414     9.96016     9.61033   0.0309745
        1415     9.98591      9.6106   0.0309537
        1416     10.0087     9.61088   0.0309332
        1417     10.0321     9.61117   0.0309128
        1418     10.0554     9.61149   0.0308925
        1419      10.077     9.61181   0.0308725
        1420      10.102     9.61216   0.0308527
        1421     10.1246     9.61252   0.0308331
        1422     10.1455      9.6129   0.0308137
        1423     10.1669     9.61328   0.0307945
        1424       10.19     9.61369   0.0307755
        1425       10.21     9.61411   0.0307568
        1426     10.2302     9.61454   0.0307382
        1427     10.2515     9.61499   0.0307199
        1428      10.271     9.61545   0.0307019
        1429     10.2921     9.61592    0.030684
        1430     10.3113     9.61641   0.0306664
        1431       10.33      9.6169   0.0306491
        1432     10.3488     9.61742   0.0306319
        1433     10.3678     9.61794    0.030615
        1434     10.3847     9.61847   0.0305983
        1435     10.4018     9.61902   0.0305819
        1436     10.4188     9.61958   0.0305657
        1437     10.4331     9.62014   0.0305496
        1438     10.4474     9.62072   0.0305338
        1439     10.4617      9.6213   0.0305182
        1440     10.4753      9.6219   0.0305027
        1441     10.4881      9.6225   0.0304875
        1442     10.4994      9.6231   0.0304724
        1443     10.5099     9.62372   0.0304575
        1444      10.521     9.62434   0.0304427
        1445     10.5305     9.62497   0.0304281
        1446       10.54      9.6256   0.0304137
        1447     10.5485     9.62624   0.0303993
        1448     10.5555     9.62688   0.0303851
        1449     10.5616     9.62753    0.030371
        1450     10.5647     9.62817   0.0303569
        1451     10.5689     9.62882   0.0303429
        1452     10.5702     9.62947    0.030329
        1453     10.5734     9.63012    0.030315
        1454     10.5757     9.63077   0.0303012
        1455     10.5756     9.63142   0.0302873
        1456     10.5739     9.63206   0.0302734
        1457     10.5713     9.63271   0.0302595
        1458     10.5692     9.63335   0.0302456
        1459     10.5647     9.63399   0.0302316
        1460     10.5601     9.63462   0.0302175
        1461     10.5531     9.63525   0.0302034
        1462     10.5466     9.63588   0.0301891
        1463     10.5393     9.63649   0.0301748
        1464     10.5325     9.63711   0.0301604
        1465     10.5227     9.63771   0.0301459
        1466     10.5121     9.63831   0.0301312
        1467     10.5006     9.63889   0.0301164
        1468     10.4883     9.63947   0.0301015
        1469     10.4759     9.64004   0.0300863
        1470      10.462      9.6406   0.0300711
        1471     10.4495     9.64115   0.0300557
        1472     10.4348     9.64169   0.0300401
        1473       10.42     9.64222   0.0300243
        1474     10.4004     9.64273   0.0300084
        1475     10.3835     9.64324   0.0299922
        1476      10.366     9.64373   0.0299759
        1477     10.3479      9.6442   0.0299594
        1478     10.3291     9.64467   0.0299427
        1479      10.309     9.64512   0.0299258
        1480     10.2905     9.64555   0.0299088
        1481       10.27     9.64597   0.0298916
        1482     10.2482     9.64638   0.0298742
        1483     10.2239     9.64677   0.0298566
        1484     10.2012     9.64714   0.0298388
        1485     10.1802      9.6475   0.0298208
        1486     10.1574     9.64784   0.0298027
        1487     10.1341     9.64817   0.0297845
        1488     10.1105     9.64848   0.0297661
        1489     10.0873     9.64878   0.0297476
        1490     10.0638     9.64906   0.0297289
        1491     10.0407     9.64932   0.0297101
        1492     10.0159     9.64956   0.0296912
        1493     9.99017     9.64979   0.0296722
        1494     9.96426        9.65   0.0296531
        1495     9.93959      9.6502   0.0296339
        1496     9.91406     9.65037   0.0296146
        1497     9.88841     9.65053   0.0295953
        1498     9.86267     9.65067   0.0295758
        1499     9.83687      9.6508   0.0295564
        1500     9.81031      9.6509   0.0295369
        1501     9.78233     9.65099   0.0295173
        1502     9.75576     9.65106   0.0294977
        1503     9.72995     9.65111   0.0294782
        1504     9.70419     9.65115   0.0294586
        1505     9.68064     9.65117    0.029439
        1506     9.65296     9.65117   0.0294195
        1507     9.62754     9.65115      0.0294
        1508     9.60227     9.65112   0.0293805
        1509     9.57719     9.65107    0.029361
        1510     9.55161     9.65101   0.0293417
        1511     9.52556     9.65092   0.0293224
        1512     9.50046     9.65082   0.0293032
        1513     9.47634     9.65071    0.029284
        1514     9.45252     9.65058    0.029265
        1515     9.42973     9.65043    0.029246
        1516     9.40586     9.65027   0.0292272
        1517     9.38518      9.6501   0.0292084
        1518     9.36276     9.64991   0.0291898
        1519     9.34074      9.6497   0.0291713
        1520     9.31914     9.64949   0.0291529
        1521     9.29869     9.64925   0.0291346
        1522     9.27657     9.64901   0.0291165
        1523     9.25775     9.64875   0.0290985
        1524     9.23802     9.64848   0.0290807
        1525      9.2202      9.6482    0.029063
        1526     9.20362     9.64791   0.0290454
        1527     9.18616     9.64761    0.029028
        1528     9.16785     9.64729   0.0290107
        1529      9.1501     9.64697   0.0289935
        1530     9.13365     9.64663   0.0289765
        1531     9.11426     9.64629   0.0289597
        1532      9.0983     9.64593    0.028943
        1533     9.08367     9.64556   0.0289264
        1534     9.06968     9.64519     0.02891
        1535     9.05704      9.6448   0.0288937
        1536     9.04435     9.64441   0.0288775
        1537     9.03302     9.64401   0.0288615
        1538     9.02096     9.64361   0.0288456
        1539     9.01099      9.6432   0.0288297
        1540       9.001     9.64278    0.028814
        1541     8.99382     9.64236   0.0287984
        1542     8.98452     9.64193   0.0287829
        1543     8.97732      9.6415   0.0287675
        1544     8.97014     9.64107   0.0287521
        1545     8.96437     9.64063   0.0287368
        1546     8.95719     9.64019   0.0287217
        1547     8.95215     9.63974   0.0287065
        1548     8.94782      9.6393   0.0286915
        1549     8.94491     9.63885   0.0286765
        1550     8.94131      9.6384   0.0286615
        1551     8.93843     9.63795   0.0286466
        1552     8.93696      9.6375   0.0286317
        1553     8.93479     9.63704   0.0286168
        1554     8.93404     9.63659    0.028602
        1555     8.93399     9.63614   0.0285871
        1556     8.93535     9.63569   0.0285723
        1557     8.93739     9.63524   0.0285575
        1558     8.93942     9.63479   0.0285426
        1559     8.94213     9.63435   0.0285278
        1560     8.94551     9.63391   0.0285129
        1561     8.95167     9.63347    0.028498
        1562     8.95778     9.63304    0.028483
        1563     8.96382     9.63261    0.028468
        1564      8.9712     9.63219    0.028453
        1565      8.9785     9.63177   0.0284379
        1566     8.98711     9.63136   0.0284227
        1567     8.99562     9.63095   0.0284074
        1568      9.0047     9.63055   0.0283921
        1569     9.01576     9.63016   0.0283767
        1570     9.02597     9.62978   0.0283613
        1571     9.03671      9.6294   0.0283457
        1572     9.04869     9.62903   0.0283301
        1573     9.05975     9.62867   0.0283144
        1574     9.07343     9.62831   0.0282986
        1575     9.08546     9.62797   0.0282827
        1576     9.09724     9.62763   0.0282668
        1577     9.11086      9.6273   0.0282508
        1578      9.1249     9.62699   0.0282347
        1579     9.14146     9.62668   0.0282185
        1580     9.15627     9.62638   0.0282022
        1581     9.17215     9.62609   0.0281858
        1582     9.18553     9.62582   0.0281694
        1583     9.20135     9.62555   0.0281528
        1584     9.21677     9.62529   0.0281362
        1585     9.23316     9.62504   0.0281196
        1586      9.2505     9.62481   0.0281028
        1587     9.26596     9.62458    0.028086
        1588     9.28304     9.62436   0.0280692
        1589      9.3003     9.62416   0.0280523
        1590     9.31914     9.62397   0.0280353
        1591     9.33812     9.62379   0.0280182
        1592      9.3551     9.62362   0.0280011
        1593     9.37217     9.62346    0.027984
        1594     9.39002     9.62332   0.0279668
        1595     9.40722     9.62318   0.0279496
        1596     9.42585     9.62306   0.0279324
        1597     9.44378     9.62294   0.0279151
        1598     9.46169     9.62284   0.0278978
        1599     9.47956     9.62275   0.0278805
        1600     9.49808     9.62268   0.0278632
        1601     9.51721     9.62261   0.0278459
        1602     9.53623     9.62256   0.0278286
        1603     9.55512     9.62251   0.0278112
        1604     9.57315     9.62248   0.0277939
        1605      9.5903     9.62246   0.0277766
        1606     9.60655     9.62245   0.0277593
        1607      9.6233     9.62245    0.027742
        1608     9.64052     9.62247   0.0277248
        1609     9.65607     9.62249   0.0277076
        1610     9.67063     9.62252   0.0276904
        1611     9.68632     9.62256   0.0276732
        1612     9.70169      9.6226   0.0276561
        1613     9.71814     9.62266    0.027639
        1614     9.73283     9.62273    0.027622
        1615     9.74786     9.62281    0.027605
        1616     9.76252      9.6229    0.027588
        1617     9.77536     9.62299   0.0275711
        1618     9.78709     9.62309   0.0275543
        1619     9.79839      9.6232   0.0275375
        1620     9.80996     9.62332   0.0275207
        1621     9.82178     9.62344    0.027504
        1622     9.83244     9.62357   0.0274873
        1623     9.84403      9.6237   0.0274707
        1624     9.85302     9.62384   0.0274542
        1625     9.86222     9.62399   0.0274377
        1626     9.87021     9.62414   0.0274212
        1627     9.87911      9.6243   0.0274048
        1628     9.88748     9.62446   0.0273885
        1629     9.89604     9.62463   0.0273722
        1630     9.90407      9.6248   0.0273559
        1631     9.91156     9.62497   0.0273397
        1632     9.91782     9.62515   0.0273235
        1633     9.92283     9.62534   0.0273074
        1634     9.92801     9.62552   0.0272913
        1635     9.93265     9.62571   0.0272753
        1636     9.93674      9.6259   0.0272593
        1637      9.9396     9.62609   0.0272433
        1638     9.94262     9.62628   0.0272273
        1639     9.94441     9.62648   0.0272114
        1640     9.94638     9.62667   0.0271955
        1641     9.94853     9.62687   0.0271797
        1642     9.94875     9.62707   0.0271638
        1643     9.94917     9.62726    0.027148
        1644      9.9498     9.62746   0.0271322
        1645     9.94852     9.62765   0.0271164
        1646     9.94675     9.62785   0.0271006
        1647     9.94663     9.62804   0.0270849
        1648     9.94393     9.62823   0.0270691
        1649     9.94359     9.62842   0.0270534
        1650      9.9414     9.62861   0.0270376
        1651     9.93878      9.6288   0.0270219
        1652     9.93433     9.62899   0.0270062
        1653     9.93019     9.62917   0.0269905
        1654     9.92566     9.62935   0.0269747
        1655     9.91934     9.62952    0.026959
        1656     9.91337     9.62969   0.0269433
        1657     9.90775     9.62986   0.0269275
        1658     9.89969     9.63002   0.0269118
        1659     9.89344     9.63018    0.026896
        1660     9.88618     9.63034   0.0268803
        1661     9.88076     9.63049   0.0268645
        1662     9.87366     9.63063   0.0268487
        1663     9.86632     9.63078    0.026833
        1664     9.85944     9.63091   0.0268172
        1665     9.85305     9.63105   0.0268014
        1666     9.84505     9.63118   0.0267856
        1667     9.83827      9.6313   0.0267699
        1668     9.83132     9.63142   0.0267541
        1669      9.8221     9.63153   0.0267383
        1670     9.81344     9.63164   0.0267225
        1671     9.80184     9.63174   0.0267067
        1672     9.79294     9.63184   0.0266909
        1673     9.78254     9.63193   0.0266751
        1674     9.77488     9.63202   0.0266593
        1675     9.76715      9.6321   0.0266435
        1676     9.75795     9.63217   0.0266277
        1677     9.74941     9.63224   0.0266119
        1678     9.74014     9.63231   0.0265962
        1679     9.73156     9.63237   0.0265804
        1680     9.72227     9.63242   0.0265646
        1681     9.71156     9.63247   0.0265489
        1682     9.70158     9.63251   0.0265331
        1683     9.69162     9.63254   0.0265174
        1684      9.6831     9.63257   0.0265016
        1685     9.67322      9.6326   0.0264859
        1686     9.66481     9.63262   0.0264702
        1687     9.65503     9.63263   0.0264545
        1688     9.64603     9.63264   0.0264389
        1689      9.6357     9.63264   0.0264232
        1690     9.62473     9.63263   0.0264076
        1691     9.61808     9.63263   0.0263919
        1692      9.6087     9.63261   0.0263764
        1693     9.60013     9.63259   0.0263608
        1694     9.59095     9.63257   0.0263452
        1695     9.58258     9.63254   0.0263297
        1696     9.57431      9.6325   0.0263142
        1697     9.56828     9.63247   0.0262987
        1698     9.55883     9.63242   0.0262833
        1699     9.55162     9.63237   0.0262678
        1700     9.54382     9.63232   0.0262524
        1701     9.53614     9.63227   0.0262371
        1702     9.52859     9.63221   0.0262217
        1703     9.52044     9.63214   0.0262064
        1704     9.51312     9.63207   0.0261911
        1705     9.50593       9.632   0.0261759
        1706     9.49885     9.63192   0.0261606
        1707     9.49331     9.63184   0.0261454
        1708     9.48577     9.63175   0.0261303
        1709     9.47835     9.63166   0.0261151
        1710     9.47175     9.63157      0.0261
        1711     9.46808     9.63147    0.026085
        1712     9.46171     9.63137   0.0260699
        1713     9.45475     9.63127   0.0260549
        1714     9.44789     9.63116   0.0260399
        1715     9.44114     9.63105    0.026025
        1716     9.43661     9.63094     0.02601
        1717     9.43006     9.63082   0.0259952
        1718     9.42503      9.6307   0.0259803
        1719     9.42011     9.63058   0.0259655
        1720     9.41528     9.63045   0.0259507
        1721     9.41126     9.63033   0.0259359
        1722     9.40592      9.6302   0.0259212
        1723     9.40139     9.63006   0.0259065
        1724     9.39554     9.62993   0.0258918
        1725     9.38909     9.62979   0.0258772
        1726     9.38414     9.62965   0.0258626
        1727     9.37929      9.6295    0.025848
        1728     9.37454     9.62935   0.0258335
        1729     9.36989      9.6292    0.025819
        1730     9.36605     9.62905   0.0258045
        1731       9.363      9.6289     0.02579
        1732     9.35936     9.62874   0.0257756
        1733     9.35583     9.62858   0.0257612
        1734     9.35099     9.62842   0.0257469
        1735     9.34697     9.62826   0.0257325
        1736     9.34096      9.6281   0.0257182
        1737     9.33718     9.62793    0.025704
        1738     9.33423     9.62776   0.0256898
        1739     9.33213     9.62759   0.0256755
        1740     9.32874     9.62742   0.0256614
        1741      9.3255     9.62724   0.0256472
        1742     9.32382     9.62707   0.0256331
        1743     9.32088      9.6269    0.025619
        1744      9.3181     9.62672   0.0256049
        1745     9.31409     9.62654   0.0255908
        1746     9.31236     9.62636   0.0255768
        1747     9.31152     9.62618   0.0255628
        1748     9.30947       9.626   0.0255488
        1749     9.30691     9.62582   0.0255349
        1750     9.30667     9.62563   0.0255209
        1751     9.30594     9.62545    0.025507
        1752     9.30472     9.62527   0.0254931
        1753     9.30374     9.62508   0.0254792
        1754      9.3037      9.6249   0.0254654
        1755      9.3025     9.62472   0.0254515
        1756     9.30225     9.62453   0.0254377
        1757     9.30086     9.62435   0.0254239
        1758     9.30255     9.62417   0.0254101
        1759     9.30311     9.62398   0.0253963
        1760     9.30324      9.6238   0.0253825
        1761     9.30366     9.62362   0.0253687
        1762     9.30509     9.62344    0.025355
        1763      9.3061     9.62326   0.0253412
        1764     9.30742     9.62308   0.0253275
        1765     9.31047      9.6229   0.0253138
        1766     9.31312     9.62273   0.0253001
        1767     9.31609     9.62255   0.0252863
        1768     9.31868     9.62238   0.0252726
        1769     9.32231     9.62221   0.0252589
        1770     9.32484     9.62204   0.0252452
        1771     9.32771     9.62188   0.0252315
        1772     9.33161     9.62171   0.0252178
        1773     9.33654     9.62155   0.0252041
        1774     9.34181      9.6214   0.0251903
        1775     9.34882     9.62124   0.0251766
        1776     9.35474     9.62109   0.0251629
        1777     9.36099     9.62095   0.0251492
        1778     9.36757      9.6208   0.0251354
        1779     9.37658     9.62067   0.0251217
        1780     9.38308     9.62053   0.0251079
        1781      9.3906      9.6204   0.0250941
        1782     9.39843     9.62028   0.0250804
        1783     9.40515     9.62016   0.0250666
        1784     9.41216     9.62004   0.0250528
        1785     9.42017     9.61993    0.025039
        1786     9.42917     9.61982   0.0250252
        1787     9.43985     9.61972   0.0250114
        1788     9.44938     9.61963   0.0249976
        1789     9.45916     9.61954   0.0249838
        1790     9.46849     9.61945     0.02497
        1791     9.47877     9.61937   0.0249562
        1792     9.48998      9.6193   0.0249424
        1793      9.5007     9.61924   0.0249285
        1794     9.51303     9.61918   0.0249147
        1795     9.52485     9.61912   0.0249009
        1796     9.53615     9.61908   0.0248871
        1797     9.54692     9.61904   0.0248732
        1798     9.55925       9.619   0.0248594
        1799     9.57244     9.61898   0.0248456
        1800     9.58575     9.61896   0.0248318
        1801     9.59636     9.61895    0.024818
        1802     9.60778     9.61894   0.0248043
        1803     9.62141     9.61894   0.0247905
        1804     9.63299     9.61895   0.0247768
        1805     9.64676     9.61897   0.0247631
        1806     9.65916     9.61899   0.0247494
        1807      9.6716     9.61902   0.0247357
        1808     9.68475     9.61905    0.024722
        1809      9.6965      9.6191   0.0247084
        1810     9.70895     9.61915   0.0246948
        1811     9.72136      9.6192   0.0246812
        1812     9.73303     9.61926   0.0246677
        1813     9.74463     9.61933   0.0246542
        1814     9.75687     9.61941   0.0246407
        1815     9.76973     9.61949   0.0246273
        1816     9.78177     9.61958   0.0246139
        1817      9.7944     9.61968   0.0246005
        1818     9.80689     9.61978   0.0245872
        1819      9.8171     9.61989   0.0245739
        1820     9.82786        9.62   0.0245607
        1821     9.83844     9.62012   0.0245475
        1822     9.85165     9.62025   0.0245343
        1823     9.86324     9.62038   0.0245212
        1824     9.87389     9.62052   0.0245082
        1825     9.88502     9.62067   0.0244952
        1826     9.89377     9.62082   0.0244822
        1827     9.90509     9.62097   0.0244693
        1828       9.914     9.62113   0.0244565
        1829     9.92404      9.6213   0.0244437
        1830     9.93307     9.62147   0.0244309
        1831     9.94107     9.62164   0.0244182
        1832     9.94875     9.62182   0.0244055
        1833     9.95609     9.62201   0.0243929
        1834     9.96449     9.62219   0.0243803
        1835     9.97183     9.62238   0.0243677
        1836     9.97951     9.62258   0.0243552
        1837     9.98681     9.62278   0.0243428
        1838      9.9916     9.62298   0.0243304
        1839     9.99741     9.62318    0.024318
        1840     10.0035     9.62339   0.0243057
        1841     10.0078      9.6236   0.0242933
        1842     10.0131     9.62381   0.0242811
        1843     10.0173     9.62402   0.0242688
        1844      10.021     9.62424   0.0242566
        1845     10.0236     9.62445   0.0242445
        1846     10.0279     9.62467   0.0242323
        1847     10.0282     9.62489   0.0242202
        1848     10.0309     9.62511   0.0242081
        1849     10.0325     9.62533    0.024196
        1850     10.0336     9.62555   0.0241839
        1851      10.035     9.62577   0.0241718
        1852     10.0338     9.62599   0.0241598
        1853     10.0343     9.62621   0.0241478
        1854     10.0337     9.62643   0.0241357
        1855     10.0326     9.62665   0.0241237
        1856     10.0318     9.62687   0.0241117
        1857     10.0299     9.62709   0.0240997
        1858     10.0283      9.6273   0.0240877
        1859     10.0242     9.62751   0.0240757
        1860     10.0211     9.62773   0.0240637
        1861     10.0189     9.62794   0.0240517
        1862     10.0136     9.62814   0.0240396
        1863     10.0114     9.62835   0.0240276
        1864     10.0068     9.62855   0.0240156
        1865      10.001     9.62875   0.0240035
        1866     9.99636     9.62895   0.0239915
        1867     9.99065     9.62914   0.0239794
        1868     9.98461     9.62933   0.0239673
        1869     9.97826     9.62952   0.0239552
        1870     9.97232      9.6297   0.0239431
        1871     9.96538     9.62988    0.023931
        1872     9.95817     9.63006   0.0239189
        1873     9.94998     9.63023   0.0239067
        1874     9.94156     9.63039   0.0238945
        1875     9.93361     9.63056   0.0238823
        1876     9.92544     9.63071   0.0238701
        1877     9.91637     9.63087   0.0238579
        1878     9.90711     9.63101   0.0238456
        1879     9.89838     9.63116   0.0238334
        1880     9.89021     9.63129   0.0238211
        1881      9.8812     9.63143   0.0238088
        1882     9.86924     9.63155   0.0237965
        1883     9.85999     9.63167   0.0237841
        1884     9.84925     9.63179   0.0237718
        1885     9.84126      9.6319   0.0237594
        1886      9.8332     9.63201   0.0237471
        1887       9.823     9.63211   0.0237347
        1888     9.81276      9.6322   0.0237223
        1889     9.80323     9.63229     0.02371
        1890      9.7937     9.63238   0.0236976
        1891     9.78419     9.63246   0.0236852
        1892     9.77472     9.63254   0.0236728
        1893     9.76389      9.6326   0.0236604
        1894     9.75454     9.63267    0.023648
        1895     9.74528     9.63273   0.0236356
        1896      9.7354     9.63278   0.0236232
        1897     9.72563     9.63283   0.0236108
        1898     9.71668     9.63288   0.0235984
        1899     9.70999     9.63292    0.023586
        1900     9.70203     9.63295   0.0235736
        1901     9.69351     9.63298   0.0235612
        1902     9.68587     9.63301   0.0235488
        1903     9.67911     9.63304   0.0235365
        1904     9.67041     9.63306   0.0235241
        1905     9.66262     9.63307   0.0235118
        1906     9.65503     9.63308   0.0234994
        1907     9.64695     9.63309   0.0234871
        1908     9.63909     9.63309   0.0234748
        1909     9.63216     9.63309   0.0234625
        1910     9.62476     9.63309   0.0234502
        1911     9.61902     9.63308    0.023438
        1912     9.61281     9.63307   0.0234257
        1913     9.60473     9.63306   0.0234135
        1914     9.59831     9.63304   0.0234012
        1915     9.59215     9.63302    0.023389
        1916     9.58696     9.63299   0.0233768
        1917     9.58203     9.63297   0.0233646
        1918     9.57595     9.63294   0.0233525
        1919     9.57295     9.63291   0.0233403
        1920     9.57093     9.63287   0.0233282
        1921     9.56847     9.63284   0.0233161
        1922     9.56414      9.6328    0.023304
        1923     9.56079     9.63277   0.0232919
        1924       9.557     9.63273   0.0232798
        1925     9.55418     9.63269   0.0232678
        1926     9.55302     9.63264   0.0232557
        1927     9.55141      9.6326   0.0232437
        1928     9.54936     9.63256   0.0232317
        1929     9.54755     9.63252   0.0232197
        1930     9.54528     9.63247   0.0232077
        1931     9.54395     9.63242   0.0231957
        1932     9.54357     9.63238   0.0231837
        1933     9.54201     9.63233   0.0231718
        1934     9.54208     9.63228   0.0231599
        1935     9.54097     9.63224   0.0231479
        1936     9.54079     9.63219    0.023136
        1937     9.54081     9.63214   0.0231241
        1938     9.54034      9.6321   0.0231123
        1939     9.54218     9.63205   0.0231004
        1940     9.54421       9.632   0.0230885
        1941     9.54502     9.63196   0.0230767
        1942     9.54601     9.63192   0.0230648
        1943     9.54717     9.63187    0.023053
        1944      9.5492     9.63183   0.0230412
        1945     9.55209     9.63179   0.0230294
        1946     9.55231     9.63175   0.0230176
        1947     9.55339     9.63171   0.0230058
        1948      9.5546     9.63167    0.022994
        1949     9.55664     9.63163   0.0229822
        1950     9.55881     9.63159   0.0229705
        1951      9.5611     9.63156   0.0229587
        1952     9.56279     9.63152    0.022947
        1953     9.56458     9.63149   0.0229353
        1954     9.56717     9.63145   0.0229236
        1955     9.56985     9.63142   0.0229119
        1956      9.5719     9.63139   0.0229002
        1957     9.57474     9.63136   0.0228885
        1958     9.57622     9.63133   0.0228768
        1959     9.57989     9.63131   0.0228652
        1960      9.5829     9.63128   0.0228535
        1961     9.58596     9.63126   0.0228419
        1962     9.58836     9.63124   0.0228302
        1963      9.5922     9.63122   0.0228186
        1964     9.59466      9.6312    0.022807
        1965     9.59855     9.63118   0.0227954
        1966     9.60246     9.63117   0.0227838
        1967     9.60567     9.63116   0.0227722
        1968     9.60819     9.63114   0.0227607
        1969     9.61072     9.63113   0.0227491
        1970     9.61324     9.63112   0.0227376
        1971     9.61787     9.63112    0.022726
        1972     9.62109     9.63111   0.0227145
        1973      9.6243     9.63111    0.022703
        1974     9.62678     9.63111   0.0226915
        1975     9.62995     9.63111     0.02268
        1976     9.63169     9.63111   0.0226685
        1977     9.63551     9.63111    0.022657
        1978      9.6379     9.63111   0.0226456
        1979     9.63956     9.63112   0.0226342
        1980     9.64471     9.63112   0.0226227
        1981     9.64771     9.63113   0.0226113
        1982     9.65068     9.63114   0.0225999
        1983     9.65433     9.63115   0.0225885
        1984     9.65723     9.63117   0.0225771
        1985      9.6601     9.63118   0.0225658
        1986     9.66435      9.6312   0.0225544
        1987     9.66431     9.63121   0.0225431
        1988     9.66636     9.63123   0.0225317
        1989     9.66767     9.63125   0.0225204
        1990     9.67034     9.63127   0.0225091
        1991     9.67227     9.63129   0.0224978
        1992     9.67487     9.63131   0.0224865
        1993     9.67813     9.63134   0.0224752
        1994     9.67923     9.63136    0.022464
        1995     9.68028     9.63138   0.0224527
        1996     9.68341     9.63141   0.0224415
        1997     9.68508     9.63144   0.0224303
        1998     9.68741     9.63147   0.0224191
        1999      9.6904     9.63149   0.0224079
        2000     9.69263     9.63153   0.0223967
