#     BLOCK:   ACTUAL_T:     T_AVE:       ERROR:
           1        1.54        1.54           0
           2     1.53986     1.53993 5.07815e-05
           3     1.53943     1.53976 0.000140837
           4     1.53871      1.5395 0.000250981
           5     1.53771     1.53914 0.000378097
           6     1.53642     1.53869 0.000520133
           7     1.53485     1.53814 0.000675623
           8     1.53299     1.53749 0.000843448
           9     1.53085     1.53676  0.00102272
          10     1.52844     1.53592  0.00121264
          11     1.52574       1.535  0.00141255
          12     1.52276     1.53398   0.0016218
          13     1.51951     1.53287  0.00183986
          14     1.51598     1.53166  0.00206636
          15     1.51217     1.53036  0.00230096
          16      1.5081     1.52897   0.0025433
          17     1.50375     1.52749  0.00279313
          18     1.49912     1.52591  0.00305018
          19     1.49423     1.52424  0.00331416
          20     1.48907     1.52248  0.00358483
          21     1.48364     1.52063  0.00386197
          22     1.47794     1.51869  0.00414538
          23     1.47198     1.51666  0.00443485
          24     1.46575     1.51454   0.0047302
          25     1.45926     1.51233   0.0050313
          26     1.45251     1.51003  0.00533801
          27     1.44549     1.50764  0.00565021
          28     1.43821     1.50516  0.00596775
          29     1.43067     1.50259  0.00629049
          30     1.42288     1.49993  0.00661827
          31     1.41482     1.49719  0.00695095
          32     1.40652     1.49435   0.0072884
          33     1.39796     1.49143  0.00763047
          34     1.38915     1.48843  0.00797706
          35     1.38009     1.48533  0.00832805
          36     1.37078     1.48215  0.00868331
          37     1.36123     1.47888  0.00904271
          38     1.35144     1.47553  0.00940612
          39     1.34141     1.47209  0.00977341
          40     1.33114     1.46856   0.0101444
          41     1.32064     1.46496    0.010519
          42     1.30991     1.46126   0.0108971
          43     1.29896     1.45749   0.0112785
          44     1.28778     1.45363    0.011663
          45     1.27639     1.44969   0.0120505
          46     1.26479     1.44567   0.0124409
          47     1.25298     1.44157    0.012834
          48     1.24097      1.4374   0.0132296
          49     1.22876     1.43314   0.0136276
          50     1.21636      1.4288   0.0140278
          51     1.20377     1.42439     0.01443
          52     1.19101      1.4199   0.0148341
          53     1.17807     1.41534   0.0152398
          54     1.16496      1.4107    0.015647
          55      1.1517     1.40599   0.0160555
          56     1.13828     1.40121   0.0164652
          57     1.12472     1.39636   0.0168757
          58     1.11103     1.39144    0.017287
          59      1.0972     1.38645   0.0176987
          60     1.08326      1.3814   0.0181107
          61     1.06921     1.37628   0.0185229
          62     1.05506      1.3711   0.0189349
          63     1.04081     1.36586   0.0193465
          64     1.02649     1.36056   0.0197575
          65     1.01209      1.3552   0.0201678
          66    0.997637     1.34978    0.020577
          67    0.983131     1.34431   0.0209849
          68    0.968587     1.33878   0.0213914
          69    0.954017      1.3332    0.021796
          70    0.939432     1.32758   0.0221987
          71    0.924843     1.32191   0.0225992
          72    0.910264     1.31619   0.0229971
          73    0.895706     1.31043   0.0233923
          74    0.881182     1.30463   0.0237845
          75    0.866704     1.29879   0.0241735
          76    0.852285     1.29291    0.024559
          77    0.837938     1.28701   0.0249407
          78    0.823675     1.28107   0.0253185
          79    0.809509      1.2751    0.025692
          80    0.795453      1.2691    0.026061
          81     0.78152     1.26308   0.0264253
          82    0.767723     1.25704   0.0267847
          83    0.754075     1.25098   0.0271388
          84    0.740587      1.2449   0.0274875
          85    0.727272     1.23882   0.0278305
          86    0.714144     1.23271   0.0281677
          87    0.701213      1.2266   0.0284987
          88    0.688491     1.22049   0.0288234
          89     0.67599     1.21437   0.0291416
          90    0.663722     1.20825   0.0294531
          91    0.651694     1.20214   0.0297577
          92    0.639919     1.19603   0.0300552
          93    0.628405     1.18992   0.0303454
          94    0.617162     1.18383   0.0306282
          95    0.606199     1.17775   0.0309034
          96    0.595523     1.17168    0.031171
          97    0.585143     1.16564   0.0314307
          98    0.575066     1.15961   0.0316824
          99    0.565298     1.15361    0.031926
         100    0.555847     1.14763   0.0321615
         101    0.546717     1.14168   0.0323887
         102    0.537914     1.13576   0.0326076
         103    0.529441     1.12988   0.0328181
         104    0.521303     1.12402   0.0330201
         105    0.513503     1.11821   0.0332136
         106    0.506043     1.11243   0.0333986
         107    0.498926      1.1067    0.033575
         108    0.492152     1.10101   0.0337429
         109    0.485722     1.09537   0.0339022
         110    0.479637     1.08977   0.0340529
         111    0.473897     1.08422   0.0341952
         112    0.468499     1.07872   0.0343289
         113    0.463443     1.07328   0.0344542
         114    0.458728     1.06789   0.0345712
         115    0.454351     1.06255   0.0346798
         116    0.450308     1.05727   0.0347801
         117    0.446596     1.05205   0.0348723
         118    0.443212     1.04689   0.0349564
         119     0.44015      1.0418   0.0350325
         120    0.437407     1.03676   0.0351008
         121    0.434976     1.03179   0.0351612
         122    0.432854     1.02688   0.0352141
         123    0.431033     1.02203   0.0352594
         124    0.429509     1.01725   0.0352974
         125    0.428273     1.01254   0.0353281
         126    0.427319      1.0079   0.0353517
         127     0.42664     1.00332   0.0353684
         128     0.42623    0.998812   0.0353783
         129    0.426079    0.994372   0.0353815
         130    0.426181    0.990001   0.0353783
         131    0.426526      0.9857   0.0353687
         132    0.427109    0.981468    0.035353
         133    0.427919    0.977306   0.0353313
         134    0.428949    0.973214   0.0353039
         135    0.430191    0.969191   0.0352708
         136    0.431636    0.965239   0.0352322
         137    0.433275    0.961356   0.0351883
         138    0.435099    0.957542   0.0351394
         139      0.4371    0.953798   0.0350855
         140     0.43927    0.950123   0.0350268
         141    0.441599    0.946516   0.0349636
         142    0.444079    0.942978    0.034896
         143    0.446702    0.939508   0.0348241
         144    0.449459    0.936104   0.0347481
         145    0.452341    0.932768   0.0346683
         146     0.45534    0.929498   0.0345847
         147    0.458447    0.926294   0.0344976
         148    0.461655    0.923154    0.034407
         149    0.464955    0.920079   0.0343133
         150    0.468338    0.917067   0.0342164
         151    0.471799    0.914119   0.0341166
         152    0.475328    0.911232   0.0340141
         153    0.478918    0.908406   0.0339089
         154    0.482562    0.905641   0.0338013
         155    0.486253    0.902935   0.0336914
         156    0.489983    0.900288   0.0335792
         157    0.493747    0.897699    0.033465
         158    0.497538    0.895166   0.0333489
         159    0.501348    0.892689    0.033231
         160    0.505171    0.890267   0.0331115
         161    0.509002    0.887899   0.0329904
         162    0.512834    0.885584   0.0328679
         163    0.516663    0.883321   0.0327441
         164    0.520484    0.881108   0.0326191
         165     0.52429    0.878946    0.032493
         166    0.528079    0.876832   0.0323659
         167    0.531843    0.874766    0.032238
         168    0.535579    0.872747   0.0321093
         169    0.539283    0.870774   0.0319798
         170    0.542951    0.868846   0.0318498
         171    0.546579    0.866961   0.0317193
         172    0.550163    0.865119   0.0315883
         173    0.553701    0.863319   0.0314569
         174    0.557188     0.86156   0.0313253
         175    0.560623     0.85984   0.0311935
         176    0.564002    0.858159   0.0310615
         177    0.567322    0.856516   0.0309294
         178    0.570583     0.85491   0.0307974
         179    0.573781    0.853339   0.0306653
         180    0.576915    0.851804   0.0305334
         181    0.579983    0.850302   0.0304016
         182    0.582984    0.848833     0.03027
         183    0.585917    0.847396   0.0301387
         184     0.58878    0.845991   0.0300076
         185    0.591573    0.844616   0.0298769
         186    0.594295     0.84327   0.0297466
         187    0.596947    0.841952   0.0296167
         188    0.599527    0.840663   0.0294872
         189    0.602035      0.8394   0.0293582
         190    0.604471    0.838164   0.0292297
         191    0.606835    0.836953   0.0291018
         192    0.609127    0.835766   0.0289744
         193    0.611348    0.834603   0.0288476
         194    0.613499    0.833464   0.0287214
         195     0.61558    0.832346   0.0285958
         196    0.617592    0.831251   0.0284709
         197    0.619536    0.830176   0.0283467
         198    0.621412    0.829122   0.0282231
         199    0.623223    0.828087   0.0281002
         200    0.624969    0.827071   0.0279781
         201    0.626653    0.826074   0.0278566
         202    0.628275    0.825095   0.0277359
         203    0.629836    0.824133    0.027616
         204    0.631338    0.823188   0.0274968
         205    0.632783    0.822259   0.0273783
         206    0.634172    0.821346   0.0272606
         207    0.635506    0.820448   0.0271437
         208    0.636789    0.819565   0.0270276
         209    0.638022    0.818697   0.0269122
         210    0.639206    0.817842   0.0267976
         211    0.640345    0.817001   0.0266838
         212    0.641439    0.816173   0.0265708
         213     0.64249    0.815357   0.0264586
         214    0.643502    0.814554   0.0263471
         215    0.644475    0.813763   0.0262365
         216    0.645411    0.812984   0.0261266
         217    0.646314    0.812216   0.0260174
         218    0.647184    0.811459   0.0259091
         219    0.648024    0.810712   0.0258016
         220    0.648836    0.809977   0.0256948
         221    0.649622    0.809251   0.0255887
         222    0.650384    0.808535   0.0254835
         223    0.651124     0.80783    0.025379
         224    0.651844    0.807133   0.0252752
         225    0.652545    0.806446   0.0251722
         226    0.653229    0.805768     0.02507
         227    0.653898    0.805099   0.0249685
         228    0.654553    0.804439   0.0248677
         229    0.655197    0.803787   0.0247676
         230    0.655832    0.803144   0.0246683
         231    0.656458    0.802509   0.0245697
         232    0.657077    0.801882   0.0244718
         233    0.657691    0.801263   0.0243746
         234    0.658302    0.800652   0.0242781
         235    0.658911    0.800049   0.0241822
         236    0.659518    0.799454   0.0240871
         237    0.660127    0.798866   0.0239926
         238    0.660737    0.798285   0.0238988
         239     0.66135    0.797712   0.0238057
         240    0.661967    0.797147   0.0237132
         241    0.662591    0.796588   0.0236214
         242    0.663222    0.796037   0.0235302
         243     0.66386    0.795493   0.0234397
         244    0.664509    0.794957   0.0233498
         245    0.665168    0.794427   0.0232605
         246    0.665838    0.793904   0.0231718
         247    0.666519    0.793388   0.0230837
         248    0.667213     0.79288   0.0229963
         249    0.667922    0.792378   0.0229094
         250    0.668646    0.791883   0.0228231
         251    0.669385    0.791395   0.0227374
         252    0.670141    0.790914   0.0226522
         253    0.670914    0.790439   0.0225677
         254    0.671705    0.789972   0.0224837
         255    0.672514    0.789511   0.0224002
         256    0.673343    0.789058   0.0223173
         257    0.674192    0.788611   0.0222349
         258    0.675062     0.78817   0.0221531
         259    0.675952    0.787737   0.0220718
         260    0.676864    0.787311    0.021991
         261    0.677798    0.786891   0.0219108
         262    0.678754    0.786478    0.021831
         263    0.679734    0.786073   0.0217518
         264    0.680738    0.785674   0.0216731
         265    0.681768    0.785281   0.0215948
         266    0.682822    0.784896   0.0215171
         267    0.683902    0.784518   0.0214398
         268    0.685006    0.784147    0.021363
         269    0.686134    0.783782   0.0212867
         270    0.687287    0.783425   0.0212109
         271    0.688466    0.783075   0.0211355
         272     0.68967    0.782731   0.0210606
         273    0.690899    0.782395   0.0209861
         274    0.692154    0.782065   0.0209121
         275    0.693434    0.781743   0.0208386
         276    0.694738    0.781428   0.0207655
         277    0.696068     0.78112   0.0206928
         278    0.697424    0.780819   0.0206205
         279    0.698804    0.780525   0.0205487
         280     0.70021    0.780238   0.0204773
         281    0.701639    0.779958   0.0204064
         282    0.703092    0.779686   0.0203358
         283    0.704568     0.77942   0.0202657
         284    0.706066    0.779162    0.020196
         285    0.707586    0.778911   0.0201267
         286    0.709127    0.778667   0.0200578
         287    0.710689     0.77843   0.0199893
         288    0.712271      0.7782   0.0199212
         289    0.713872    0.777978   0.0198535
         290    0.715492    0.777762   0.0197862
         291     0.71713    0.777554   0.0197193
         292    0.718786    0.777352   0.0196528
         293    0.720459    0.777158   0.0195867
         294    0.722147    0.776971    0.019521
         295    0.723849    0.776791   0.0194556
         296    0.725564    0.776618   0.0193907
         297    0.727292    0.776452   0.0193261
         298    0.729032    0.776293   0.0192619
         299    0.730781    0.776141   0.0191981
         300     0.73254    0.775995   0.0191347
         301    0.734307    0.775857   0.0190716
         302    0.736081    0.775725   0.0190089
         303    0.737861      0.7756   0.0189466
         304    0.739648    0.775482   0.0188846
         305    0.741437     0.77537    0.018823
         306    0.743229    0.775265   0.0187618
         307    0.745023    0.775167   0.0187009
         308    0.746817    0.775075   0.0186405
         309    0.748611    0.774989   0.0185803
         310    0.750405     0.77491   0.0185206
         311    0.752195    0.774837   0.0184611
         312    0.753982     0.77477   0.0184021
         313    0.755763    0.774709   0.0183434
         314    0.757539    0.774654   0.0182851
         315    0.759307    0.774606   0.0182271
         316    0.761067    0.774563   0.0181695
         317    0.762818    0.774526   0.0181122
         318     0.76456    0.774494   0.0180552
         319    0.766289    0.774469   0.0179987
         320    0.768007    0.774449   0.0179424
         321    0.769712    0.774434   0.0178865
         322    0.771404    0.774424    0.017831
         323    0.773079     0.77442   0.0177758
         324    0.774738    0.774421   0.0177209
         325    0.776381    0.774427   0.0176664
         326    0.778005    0.774438   0.0176122
         327     0.77961    0.774454   0.0175584
         328    0.781195    0.774475   0.0175048
         329    0.782759      0.7745   0.0174517
         330    0.784301    0.774529   0.0173988
         331     0.78582    0.774564   0.0173463
         332    0.787314    0.774602   0.0172941
         333    0.788784    0.774645   0.0172422
         334    0.790228    0.774691   0.0171906
         335    0.791645    0.774742   0.0171394
         336    0.793035    0.774796   0.0170885
         337    0.794397    0.774854   0.0170378
         338     0.79573    0.774916   0.0169876
         339    0.797035    0.774981   0.0169376
         340     0.79831     0.77505   0.0168879
         341    0.799554    0.775122   0.0168385
         342    0.800765    0.775197   0.0167894
         343    0.801945    0.775275   0.0167407
         344    0.803092    0.775356   0.0166922
         345    0.804207    0.775439    0.016644
         346    0.805287    0.775526   0.0165962
         347    0.806333    0.775614   0.0165486
         348    0.807345    0.775706   0.0165013
         349    0.808322    0.775799   0.0164542
         350    0.809264    0.775895   0.0164075
         351    0.810171    0.775992   0.0163611
         352    0.811043    0.776092   0.0163149
         353    0.811877    0.776193    0.016269
         354    0.812676    0.776296   0.0162233
         355    0.813438    0.776401    0.016178
         356    0.814163    0.776507   0.0161329
         357    0.814851    0.776614   0.0160881
         358    0.815502    0.776723   0.0160435
         359    0.816117    0.776833   0.0159992
         360    0.816694    0.776943   0.0159551
         361    0.817234    0.777055   0.0159113
         362    0.817737    0.777167   0.0158677
         363    0.818204    0.777281   0.0158244
         364    0.818633    0.777394   0.0157814
         365    0.819026    0.777508   0.0157385
         366    0.819383    0.777623    0.015696
         367    0.819703    0.777737   0.0156536
         368    0.819987    0.777852   0.0156115
         369    0.820235    0.777967   0.0155696
         370     0.82045    0.778082    0.015528
         371    0.820629    0.778196   0.0154865
         372    0.820773    0.778311   0.0154453
         373    0.820883    0.778425   0.0154043
         374     0.82096    0.778539   0.0153636
         375    0.821004    0.778652    0.015323
         376    0.821015    0.778765   0.0152827
         377    0.820995    0.778877   0.0152425
         378    0.820943    0.778988   0.0152026
         379     0.82086    0.779098   0.0151629
         380    0.820745    0.779208   0.0151234
         381    0.820599    0.779317   0.0150841
         382    0.820424    0.779424    0.015045
         383    0.820219    0.779531   0.0150061
         384    0.819985    0.779636   0.0149674
         385    0.819722     0.77974   0.0149289
         386    0.819431    0.779843   0.0148906
         387    0.819113    0.779945   0.0148524
         388    0.818767    0.780045   0.0148145
         389    0.818394    0.780143   0.0147767
         390    0.817994     0.78024   0.0147392
         391    0.817568    0.780336   0.0147018
         392    0.817115     0.78043   0.0146646
         393    0.816636    0.780522   0.0146275
         394    0.816133    0.780612   0.0145907
         395    0.815606    0.780701    0.014554
         396    0.815053    0.780787   0.0145175
         397    0.814478    0.780872   0.0144812
         398    0.813879    0.780955   0.0144451
         399    0.813257    0.781036   0.0144091
         400    0.812613    0.781115   0.0143733
         401    0.811947    0.781192   0.0143376
         402    0.811259    0.781267   0.0143022
         403    0.810551    0.781339   0.0142669
         404    0.809821     0.78141   0.0142317
         405     0.80907    0.781478   0.0141967
         406    0.808299    0.781544   0.0141619
         407    0.807508    0.781608   0.0141273
         408    0.806697     0.78167   0.0140928
         409    0.805867    0.781729   0.0140585
         410    0.805018    0.781786   0.0140243
         411    0.804152     0.78184   0.0139903
         412    0.803269    0.781892   0.0139564
         413    0.802369    0.781942   0.0139227
         414    0.801452    0.781989   0.0138892
         415    0.800518    0.782033   0.0138558
         416    0.799568    0.782076   0.0138225
         417    0.798602    0.782115   0.0137894
         418     0.79762    0.782152   0.0137565
         419    0.796624    0.782187   0.0137237
         420    0.795613    0.782219   0.0136911
         421    0.794587    0.782248   0.0136586
         422    0.793546    0.782275   0.0136262
         423    0.792492    0.782299    0.013594
         424    0.791423    0.782321    0.013562
         425    0.790342    0.782339   0.0135301
         426    0.789247    0.782356   0.0134983
         427    0.788139    0.782369   0.0134667
         428     0.78702     0.78238   0.0134353
         429     0.78589    0.782388    0.013404
         430    0.784751    0.782394   0.0133728
         431    0.783602    0.782397   0.0133418
         432    0.782443    0.782397   0.0133109
         433    0.781275    0.782394   0.0132801
         434    0.780099    0.782389   0.0132495
         435    0.778914    0.782381   0.0132191
         436    0.777721     0.78237   0.0131888
         437    0.776522    0.782357   0.0131586
         438    0.775317    0.782341   0.0131286
         439    0.774107    0.782322   0.0130987
         440    0.772893      0.7823   0.0130689
         441    0.771675    0.782276   0.0130393
         442    0.770454     0.78225   0.0130098
         443     0.76923     0.78222   0.0129805
         444    0.768004    0.782188   0.0129513
         445    0.766776    0.782154   0.0129222
         446    0.765548    0.782116   0.0128933
         447    0.764321    0.782077   0.0128645
         448    0.763096    0.782034   0.0128359
         449    0.761874    0.781989   0.0128074
         450    0.760655    0.781942    0.012779
         451     0.75944    0.781892   0.0127508
         452     0.75823     0.78184   0.0127227
         453    0.757027    0.781785   0.0126947
         454     0.75583    0.781728   0.0126669
         455    0.754641    0.781668   0.0126392
         456    0.753461    0.781606   0.0126116
         457     0.75229    0.781542   0.0125842
         458    0.751129    0.781476   0.0125569
         459     0.74998    0.781407   0.0125297
         460    0.748844    0.781336   0.0125027
         461    0.747723    0.781263   0.0124758
         462    0.746617    0.781188    0.012449
         463    0.745525    0.781111   0.0124223
         464    0.744449    0.781032   0.0123958
         465    0.743389    0.780951   0.0123694
         466    0.742347    0.780869   0.0123431
         467    0.741324    0.780784    0.012317
         468    0.740321    0.780697    0.012291
         469    0.739339    0.780609   0.0122651
         470     0.73838    0.780519   0.0122393
         471    0.737442    0.780428   0.0122137
         472    0.736527    0.780335   0.0121882
         473    0.735636     0.78024   0.0121628
         474    0.734769    0.780145   0.0121375
         475    0.733926    0.780047   0.0121123
         476    0.733109    0.779949   0.0120873
         477    0.732318    0.779849   0.0120624
         478    0.731555    0.779748   0.0120375
         479    0.730819    0.779646   0.0120128
         480    0.730112    0.779542   0.0119883
         481    0.729434    0.779438   0.0119638
         482    0.728785    0.779333   0.0119394
         483    0.728166    0.779227   0.0119152
         484    0.727579     0.77912    0.011891
         485    0.727022    0.779013    0.011867
         486    0.726496    0.778905   0.0118431
         487    0.726001    0.778796   0.0118193
         488    0.725537    0.778687   0.0117955
         489    0.725106    0.778578   0.0117719
         490    0.724707    0.778468   0.0117484
         491     0.72434    0.778357    0.011725
         492    0.724006    0.778247   0.0117017
         493    0.723705    0.778136   0.0116785
         494    0.723437    0.778026   0.0116554
         495    0.723204    0.777915   0.0116324
         496    0.723005    0.777804   0.0116094
         497     0.72284    0.777694   0.0115866
         498     0.72271    0.777583   0.0115639
         499    0.722614    0.777473   0.0115412
         500    0.722554    0.777363   0.0115186
         501    0.722529    0.777254   0.0114962
         502    0.722539    0.777145   0.0114738
         503    0.722585    0.777036   0.0114515
         504    0.722665    0.776928   0.0114293
         505    0.722781    0.776821   0.0114071
         506    0.722932    0.776715   0.0113851
         507     0.72312    0.776609   0.0113631
         508    0.723344    0.776504   0.0113413
         509    0.723604      0.7764   0.0113194
         510      0.7239    0.776297   0.0112977
         511    0.724233    0.776195   0.0112761
         512    0.724603    0.776095   0.0112545
         513    0.725011    0.775995    0.011233
         514    0.725456    0.775897   0.0112116
         515    0.725939      0.7758   0.0111902
         516    0.726458    0.775704   0.0111689
         517    0.727015     0.77561   0.0111477
         518     0.72761    0.775517   0.0111266
         519    0.728243    0.775426   0.0111055
         520    0.728911    0.775337   0.0110845
         521    0.729616    0.775249   0.0110636
         522    0.730357    0.775163   0.0110428
         523    0.731133    0.775079    0.011022
         524    0.731945    0.774996   0.0110012
         525    0.732792    0.774916   0.0109806
         526    0.733673    0.774838     0.01096
         527     0.73459    0.774761   0.0109394
         528    0.735541    0.774687    0.010919
         529    0.736526    0.774615   0.0108986
         530    0.737544    0.774545   0.0108782
         531    0.738594    0.774477    0.010858
         532    0.739676    0.774412   0.0108378
         533     0.74079    0.774349   0.0108176
         534    0.741934    0.774288   0.0107975
         535    0.743108     0.77423   0.0107775
         536    0.744311    0.774174   0.0107575
         537     0.74554    0.774121   0.0107376
         538    0.746795     0.77407   0.0107178
         539    0.748075    0.774022    0.010698
         540    0.749377    0.773976   0.0106783
         541    0.750702    0.773933   0.0106586
         542    0.752047    0.773892   0.0106391
         543    0.753411    0.773855   0.0106195
         544    0.754792     0.77382   0.0106001
         545     0.75619    0.773787   0.0105807
         546    0.757603    0.773758   0.0105613
         547     0.75903    0.773731   0.0105421
         548    0.760468    0.773707   0.0105228
         549    0.761916    0.773685   0.0105037
         550     0.76337    0.773666   0.0104846
         551     0.76483     0.77365   0.0104656
         552    0.766294    0.773637   0.0104467
         553     0.76776    0.773626   0.0104278
         554    0.769225    0.773618   0.0104089
         555     0.77069    0.773613   0.0103902
         556     0.77215    0.773611   0.0103715
         557    0.773606    0.773611   0.0103529
         558    0.775056    0.773613   0.0103343
         559    0.776497    0.773618   0.0103158
         560    0.777927    0.773626   0.0102974
         561    0.779345    0.773636   0.0102791
         562    0.780749    0.773649   0.0102608
         563    0.782139    0.773664   0.0102426
         564    0.783511    0.773681   0.0102244
         565    0.784863    0.773701   0.0102064
         566    0.786196    0.773723   0.0101884
         567    0.787506    0.773748   0.0101704
         568    0.788794    0.773774   0.0101525
         569    0.790059    0.773803   0.0101347
         570    0.791298    0.773833    0.010117
         571    0.792511    0.773866   0.0100993
         572    0.793697    0.773901   0.0100817
         573    0.794856    0.773937   0.0100642
         574    0.795986    0.773976   0.0100468
         575    0.797086    0.774016   0.0100294
         576    0.798157    0.774058    0.010012
         577    0.799196    0.774101  0.00999478
         578    0.800205    0.774147  0.00997759
         579    0.801182    0.774193  0.00996047
         580    0.802128    0.774241  0.00994341
         581    0.803043    0.774291  0.00992642
         582    0.803925    0.774342  0.00990949
         583    0.804775    0.774394  0.00989263
         584    0.805594    0.774448  0.00987584
         585    0.806383    0.774502  0.00985911
         586    0.807142    0.774558  0.00984244
         587    0.807871    0.774615  0.00982584
         588    0.808569    0.774672   0.0098093
         589    0.809237    0.774731  0.00979282
         590    0.809875    0.774791   0.0097764
         591    0.810485    0.774851  0.00976005
         592    0.811067    0.774912  0.00974375
         593    0.811623    0.774974  0.00972752
         594    0.812152    0.775037  0.00971134
         595    0.812656      0.7751  0.00969522
         596    0.813136    0.775164  0.00967917
         597    0.813593    0.775228  0.00966317
         598    0.814028    0.775293  0.00964723
         599    0.814442    0.775358  0.00963134
         600    0.814836    0.775424  0.00961552
         601    0.815212     0.77549  0.00959974
         602     0.81557    0.775557  0.00958403
         603    0.815912    0.775624  0.00956837
         604    0.816238    0.775691  0.00955276
         605     0.81655    0.775759  0.00953721
         606     0.81685    0.775826  0.00952172
         607    0.817138    0.775894  0.00950627
         608    0.817415    0.775963  0.00949088
         609    0.817683    0.776031  0.00947555
         610    0.817942      0.7761  0.00946026
         611    0.818192    0.776169  0.00944503
         612    0.818436    0.776238  0.00942985
         613    0.818673    0.776307  0.00941472
         614    0.818906    0.776376  0.00939964
         615    0.819135    0.776446  0.00938461
         616    0.819361    0.776516  0.00936964
         617    0.819586    0.776585  0.00935471
         618     0.81981    0.776655  0.00933984
         619    0.820035    0.776726  0.00932501
         620    0.820259    0.776796  0.00931023
         621    0.820485    0.776866  0.00929551
         622    0.820714    0.776937  0.00928083
         623    0.820945    0.777007   0.0092662
         624    0.821179    0.777078  0.00925162
         625    0.821418    0.777149  0.00923709
         626    0.821663     0.77722  0.00922261
         627    0.821913    0.777291  0.00920818
         628    0.822171    0.777363  0.00919379
         629    0.822436    0.777434  0.00917945
         630    0.822708    0.777506  0.00916517
         631     0.82299    0.777578  0.00915092
         632    0.823279    0.777651  0.00913673
         633    0.823578    0.777723  0.00912258
         634    0.823887    0.777796  0.00910849
         635    0.824206    0.777869  0.00909444
         636    0.824537    0.777943  0.00908043
         637    0.824878    0.778016  0.00906648
         638     0.82523     0.77809  0.00905257
         639    0.825593    0.778165  0.00903871
         640    0.825969    0.778239  0.00902489
         641    0.826356    0.778314  0.00901112
         642    0.826754     0.77839   0.0089974
         643    0.827166    0.778466  0.00898373
         644    0.827589    0.778542   0.0089701
         645    0.828025    0.778619  0.00895653
         646    0.828473    0.778696  0.00894299
         647    0.828935    0.778773  0.00892951
         648    0.829408    0.778852  0.00891607
         649    0.829894     0.77893  0.00890268
         650    0.830392    0.779009  0.00888933
         651    0.830902    0.779089  0.00887604
         652    0.831422    0.779169  0.00886279
         653    0.831954     0.77925  0.00884958
         654    0.832496    0.779332  0.00883643
         655    0.833048    0.779414  0.00882332
         656    0.833609    0.779496  0.00881025
         657     0.83418    0.779579  0.00879723
         658    0.834758    0.779663  0.00878427
         659    0.835345    0.779748  0.00877134
         660    0.835941    0.779833  0.00875846
         661    0.836544    0.779919  0.00874563
         662    0.837153    0.780005  0.00873285
         663    0.837767    0.780092  0.00872011
         664    0.838384     0.78018  0.00870742
         665    0.839004    0.780269  0.00869478
         666    0.839626    0.780358  0.00868218
         667     0.84025    0.780448  0.00866963
         668    0.840874    0.780538  0.00865712
         669    0.841499    0.780629  0.00864466
         670    0.842121    0.780721  0.00863225
         671     0.84274    0.780813  0.00861988
         672    0.843356    0.780906  0.00860755
         673    0.843967       0.781  0.00859527
         674    0.844572    0.781094  0.00858304
         675     0.84517    0.781189  0.00857084
         676    0.845759    0.781285   0.0085587
         677    0.846339    0.781381   0.0085466
         678    0.846909    0.781478  0.00853454
         679    0.847469    0.781575  0.00852252
         680    0.848016    0.781672  0.00851055
         681    0.848549    0.781771  0.00849862
         682    0.849068    0.781869  0.00848673
         683     0.84957    0.781968  0.00847488
         684    0.850056    0.782068  0.00846308
         685    0.850525    0.782168  0.00845131
         686    0.850976    0.782268  0.00843959
         687    0.851408    0.782369   0.0084279
         688     0.85182     0.78247  0.00841626
         689    0.852211    0.782571  0.00840465
         690    0.852581    0.782673  0.00839308
         691    0.852928    0.782774  0.00838155
         692    0.853252    0.782876  0.00837006
         693    0.853554    0.782978   0.0083586
         694    0.853832     0.78308  0.00834718
         695    0.854085    0.783182   0.0083358
         696    0.854313    0.783285  0.00832445
         697    0.854516    0.783387  0.00831313
         698    0.854694    0.783489  0.00830185
         699    0.854845    0.783591   0.0082906
         700    0.854969    0.783693  0.00827938
         701    0.855066    0.783795   0.0082682
         702    0.855135    0.783896  0.00825704
         703    0.855176    0.783998  0.00824592
         704    0.855188    0.784099  0.00823483
         705    0.855174      0.7842  0.00822376
         706    0.855133      0.7843  0.00821273
         707    0.855063      0.7844  0.00820172
         708    0.854965      0.7845  0.00819074
         709     0.85484    0.784599  0.00817979
         710    0.854686    0.784698  0.00816887
         711    0.854504    0.784796  0.00815797
         712    0.854294    0.784894  0.00814709
         713    0.854056    0.784991  0.00813624
         714    0.853791    0.785087  0.00812542
         715    0.853499    0.785183  0.00811462
         716    0.853179    0.785278  0.00810384
         717    0.852833    0.785372  0.00809309
         718     0.85246    0.785465  0.00808235
         719    0.852062    0.785558  0.00807164
         720    0.851638     0.78565  0.00806096
         721    0.851187    0.785741  0.00805029
         722    0.850713    0.785831  0.00803964
         723    0.850214     0.78592  0.00802901
         724     0.84969    0.786008  0.00801841
         725    0.849142    0.786095  0.00800782
         726     0.84857    0.786181  0.00799725
         727    0.847977    0.786266   0.0079867
         728    0.847361     0.78635  0.00797617
         729    0.846724    0.786433  0.00796566
         730    0.846065    0.786514  0.00795517
         731    0.845384    0.786595  0.00794469
         732    0.844683    0.786674  0.00793424
         733    0.843962    0.786752   0.0079238
         734    0.843221    0.786829  0.00791338
         735    0.842461    0.786905  0.00790297
         736    0.841683    0.786979  0.00789258
         737    0.840886    0.787053  0.00788221
         738    0.840073    0.787124  0.00787186
         739    0.839244    0.787195  0.00786153
         740      0.8384    0.787264  0.00785121
         741     0.83754    0.787332   0.0078409
         742    0.836666    0.787398  0.00783062
         743    0.835778    0.787464  0.00782035
         744    0.834877    0.787527   0.0078101
         745    0.833962     0.78759  0.00779986
         746    0.833037    0.787651  0.00778965
         747    0.832101     0.78771  0.00777945
         748    0.831155    0.787768  0.00776926
         749    0.830201    0.787825   0.0077591
         750     0.82924     0.78788  0.00774895
         751    0.828272    0.787934  0.00773881
         752    0.827301    0.787986   0.0077287
         753    0.826326    0.788037   0.0077186
         754    0.825348    0.788087  0.00770853
         755    0.824369    0.788135  0.00769847
         756     0.82339    0.788181  0.00768842
         757    0.822411    0.788226   0.0076784
         758    0.821434     0.78827   0.0076684
         759    0.820459    0.788313  0.00765841
         760    0.819489    0.788354  0.00764844
         761    0.818525    0.788393   0.0076385
         762    0.817568    0.788432  0.00762857
         763    0.816619    0.788469  0.00761866
         764     0.81568    0.788504  0.00760877
         765    0.814751    0.788538   0.0075989
         766    0.813833    0.788571  0.00758905
         767    0.812929    0.788603  0.00757922
         768    0.812038    0.788634  0.00756942
         769    0.811164    0.788663  0.00755963
         770    0.810306    0.788691  0.00754987
         771    0.809466    0.788718  0.00754012
         772    0.808645    0.788744   0.0075304
         773    0.807845    0.788769   0.0075207
         774    0.807066    0.788792  0.00751102
         775    0.806311    0.788815  0.00750136
         776    0.805579    0.788836  0.00749172
         777    0.804872    0.788857  0.00748211
         778     0.80419    0.788877  0.00747252
         779    0.803533    0.788896  0.00746295
         780    0.802903    0.788914   0.0074534
         781    0.802302    0.788931  0.00744388
         782    0.801728    0.788947  0.00743438
         783    0.801183    0.788963   0.0074249
         784    0.800667    0.788978  0.00741545
         785    0.800181    0.788992  0.00740601
         786    0.799726    0.789006   0.0073966
         787    0.799302    0.789019  0.00738722
         788    0.798908    0.789031  0.00737785
         789    0.798544    0.789043  0.00736851
         790    0.798211    0.789055  0.00735919
         791    0.797909    0.789066   0.0073499
         792    0.797637    0.789077  0.00734063
         793    0.797394    0.789087  0.00733138
         794     0.79718    0.789098  0.00732215
         795    0.796997    0.789108  0.00731295
         796    0.796843    0.789117  0.00730377
         797    0.796718    0.789127  0.00729461
         798    0.796622    0.789136  0.00728547
         799    0.796553    0.789145  0.00727636
         800    0.796511    0.789155  0.00726727
         801    0.796495    0.789164   0.0072582
         802    0.796506    0.789173  0.00724916
         803    0.796542    0.789182  0.00724014
         804    0.796603    0.789191  0.00723114
         805    0.796688    0.789201  0.00722216
         806    0.796795     0.78921  0.00721321
         807    0.796924     0.78922  0.00720428
         808    0.797075    0.789229  0.00719537
         809    0.797247    0.789239  0.00718648
         810    0.797441    0.789249  0.00717761
         811    0.797654     0.78926  0.00716877
         812    0.797887     0.78927  0.00715995
         813    0.798139    0.789281  0.00715115
         814    0.798408    0.789293  0.00714238
         815    0.798694    0.789304  0.00713362
         816    0.798997    0.789316  0.00712489
         817    0.799316    0.789328  0.00711618
         818     0.79965    0.789341  0.00710749
         819    0.800001    0.789354  0.00709882
         820    0.800367    0.789367  0.00709018
         821    0.800748    0.789381  0.00708156
         822    0.801143    0.789395  0.00707296
         823    0.801552     0.78941  0.00706438
         824    0.801973    0.789425  0.00705582
         825    0.802407    0.789441  0.00704729
         826    0.802854    0.789457  0.00703877
         827    0.803312    0.789474  0.00703028
         828    0.803783    0.789491  0.00702181
         829    0.804266    0.789509  0.00701336
         830    0.804759    0.789528  0.00700494
         831    0.805263    0.789547  0.00699653
         832    0.805776    0.789566  0.00698815
         833      0.8063    0.789586  0.00697979
         834    0.806832    0.789607  0.00697145
         835    0.807373    0.789628  0.00696314
         836    0.807923     0.78965  0.00695484
         837     0.80848    0.789673  0.00694657
         838    0.809045    0.789696  0.00693832
         839    0.809617    0.789719  0.00693009
         840    0.810195    0.789744  0.00692188
         841    0.810778    0.789769   0.0069137
         842    0.811367    0.789794  0.00690553
         843     0.81196    0.789821  0.00689739
         844    0.812556    0.789848  0.00688927
         845    0.813155    0.789875  0.00688117
         846    0.813755    0.789903   0.0068731
         847    0.814355    0.789932  0.00686504
         848    0.814957    0.789962  0.00685701
         849    0.815558    0.789992    0.006849
         850    0.816157    0.790023  0.00684101
         851    0.816755    0.790054  0.00683305
         852    0.817349    0.790086   0.0068251
         853    0.817938    0.790119  0.00681718
         854    0.818523    0.790152  0.00680928
         855    0.819103    0.790186   0.0068014
         856    0.819677     0.79022  0.00679354
         857    0.820243    0.790255   0.0067857
         858      0.8208    0.790291  0.00677789
         859    0.821346    0.790327  0.00677009
         860    0.821879    0.790364  0.00676232
         861    0.822399    0.790401  0.00675457
         862    0.822906    0.790439  0.00674684
         863    0.823397    0.790477  0.00673913
         864    0.823871    0.790516  0.00673144
         865    0.824328    0.790555  0.00672377
         866    0.824765    0.790594  0.00671612
         867    0.825182    0.790634  0.00670849
         868    0.825577    0.790674  0.00670089
         869    0.825948    0.790715   0.0066933
         870    0.826295    0.790756  0.00668573
         871    0.826618    0.790797  0.00667818
         872    0.826915    0.790838  0.00667065
         873    0.827183     0.79088  0.00666314
         874    0.827422    0.790922  0.00665565
         875    0.827632    0.790964  0.00664817
         876     0.82781    0.791006  0.00664072
         877    0.827956    0.791048  0.00663328
         878    0.828069     0.79109  0.00662586
         879    0.828148    0.791132  0.00661845
         880    0.828192    0.791175  0.00661107
         881      0.8282    0.791217   0.0066037
         882     0.82817    0.791258  0.00659634
         883    0.828103      0.7913    0.006589
         884    0.827998    0.791342  0.00658168
         885    0.827854    0.791383  0.00657437
         886    0.827671    0.791424  0.00656708
         887    0.827449    0.791465   0.0065598
         888    0.827188    0.791505  0.00655254
         889    0.826888    0.791545  0.00654529
         890    0.826548    0.791584  0.00653805
         891    0.826169    0.791623  0.00653083
         892     0.82575    0.791661  0.00652362
         893    0.825291    0.791699  0.00651642
         894    0.824793    0.791736  0.00650924
         895    0.824255    0.791772  0.00650207
         896    0.823679    0.791808  0.00649491
         897    0.823064    0.791842  0.00648776
         898    0.822412    0.791876  0.00648063
         899    0.821724     0.79191   0.0064735
         900       0.821    0.791942  0.00646639
         901    0.820243    0.791973  0.00645929
         902    0.819453    0.792004   0.0064522
         903    0.818631    0.792033  0.00644512
         904    0.817779    0.792062  0.00643806
         905    0.816898    0.792089    0.006431
         906    0.815989    0.792116  0.00642396
         907    0.815054    0.792141  0.00641692
         908    0.814096    0.792165   0.0064099
         909    0.813115    0.792188  0.00640289
         910    0.812113     0.79221  0.00639589
         911    0.811093    0.792231  0.00638891
         912    0.810056     0.79225  0.00638193
         913    0.809005    0.792269  0.00637497
         914    0.807942    0.792286  0.00636802
         915    0.806869    0.792302  0.00636108
         916    0.805788    0.792316  0.00635415
         917    0.804702     0.79233  0.00634723
         918    0.803612    0.792342  0.00634033
         919    0.802522    0.792353  0.00633344
         920    0.801433    0.792363  0.00632657
         921    0.800348    0.792372   0.0063197
         922     0.79927    0.792379  0.00631285
         923      0.7982    0.792386  0.00630602
         924    0.797141    0.792391  0.00629919
         925    0.796096    0.792395  0.00629238
         926    0.795067    0.792398  0.00628559
         927    0.794058      0.7924  0.00627881
         928    0.793068      0.7924  0.00627204
         929    0.792102      0.7924  0.00626529
         930     0.79116    0.792399  0.00625856
         931    0.790246    0.792396  0.00625183
         932    0.789359    0.792393  0.00624513
         933    0.788504    0.792389  0.00623843
         934    0.787682    0.792384  0.00623176
         935    0.786895    0.792378  0.00622509
         936    0.786145    0.792371  0.00621845
         937    0.785434    0.792364  0.00621182
         938    0.784761    0.792356   0.0062052
         939    0.784129    0.792347   0.0061986
         940    0.783539    0.792338  0.00619201
         941    0.782992    0.792328  0.00618544
         942    0.782489    0.792317  0.00617888
         943    0.782033    0.792306  0.00617234
         944    0.781621    0.792295  0.00616581
         945    0.781256    0.792283  0.00615929
         946    0.780938    0.792271   0.0061528
         947    0.780667    0.792259  0.00614631
         948    0.780445    0.792247  0.00613984
         949    0.780271    0.792234  0.00613338
         950    0.780145    0.792221  0.00612694
         951    0.780067    0.792209  0.00612051
         952    0.780036    0.792196   0.0061141
         953     0.78005    0.792183  0.00610769
         954    0.780111     0.79217   0.0061013
         955    0.780216    0.792158  0.00609493
         956    0.780366    0.792145  0.00608856
         957     0.78056    0.792133  0.00608221
         958    0.780795    0.792122  0.00607588
         959    0.781071     0.79211  0.00606955
         960    0.781386    0.792099  0.00606324
         961    0.781739    0.792088  0.00605694
         962    0.782129    0.792078  0.00605065
         963    0.782553    0.792068  0.00604438
         964     0.78301    0.792058  0.00603812
         965    0.783498     0.79205  0.00603186
         966    0.784015    0.792041  0.00602563
         967    0.784559    0.792034   0.0060194
         968    0.785128    0.792026  0.00601319
         969     0.78572     0.79202  0.00600698
         970    0.786333    0.792014  0.00600079
         971    0.786965    0.792009  0.00599462
         972    0.787611    0.792004  0.00598845
         973    0.788272       0.792   0.0059823
         974    0.788945    0.791997  0.00597616
         975    0.789627    0.791995  0.00597003
         976    0.790314    0.791993  0.00596391
         977    0.791004    0.791992  0.00595781
         978    0.791694    0.791992  0.00595171
         979    0.792383    0.791992  0.00594564
         980    0.793067    0.791993  0.00593957
         981    0.793744    0.791995  0.00593351
         982    0.794411    0.791998  0.00592747
         983    0.795064    0.792001  0.00592144
         984    0.795703    0.792004  0.00591543
         985    0.796325    0.792009  0.00590942
         986    0.796926    0.792014  0.00590343
         987    0.797504    0.792019  0.00589745
         988    0.798057    0.792026  0.00589149
         989    0.798582    0.792032  0.00588553
         990    0.799077    0.792039  0.00587959
         991     0.79954    0.792047  0.00587366
         992    0.799968    0.792055  0.00586775
         993    0.800361    0.792063  0.00586185
         994    0.800716    0.792072  0.00585596
         995     0.80103    0.792081  0.00585008
         996    0.801301     0.79209  0.00584421
         997    0.801528      0.7921  0.00583836
         998    0.801709    0.792109  0.00583251
         999    0.801843    0.792119  0.00582668
        1000    0.801928    0.792129  0.00582087
        1001    0.801963    0.792139  0.00581506
        1002    0.801947    0.792148  0.00580926
        1003    0.801878    0.792158  0.00580348
        1004    0.801757    0.792168  0.00579771
        1005    0.801582    0.792177  0.00579195
        1006    0.801353    0.792186   0.0057862
        1007     0.80107    0.792195  0.00578046
        1008    0.800732    0.792203  0.00577473
        1009     0.80034    0.792211  0.00576901
        1010    0.799891    0.792219   0.0057633
        1011    0.799387    0.792226  0.00575761
        1012    0.798829    0.792233  0.00575192
        1013    0.798218    0.792239  0.00574625
        1014    0.797554    0.792244  0.00574058
        1015    0.796838    0.792248  0.00573493
        1016    0.796071    0.792252  0.00572929
        1017    0.795253    0.792255  0.00572365
        1018    0.794386    0.792257  0.00571803
        1019    0.793472    0.792258  0.00571242
        1020    0.792512    0.792259  0.00570682
        1021    0.791507    0.792258  0.00570123
        1022    0.790461    0.792256  0.00569565
        1023    0.789375    0.792253  0.00569008
        1024    0.788251    0.792249  0.00568453
        1025    0.787091    0.792244  0.00567899
        1026    0.785899    0.792238  0.00567345
        1027    0.784677    0.792231  0.00566793
        1028    0.783428    0.792222  0.00566243
        1029    0.782155    0.792212  0.00565693
        1030    0.780859    0.792201  0.00565145
        1031    0.779546    0.792189  0.00564598
        1032     0.77822    0.792176  0.00564053
        1033    0.776881    0.792161  0.00563509
        1034    0.775536    0.792145  0.00562966
        1035    0.774185    0.792127  0.00562425
        1036    0.772833    0.792109  0.00561885
        1037    0.771485    0.792089  0.00561347
        1038    0.770143    0.792068   0.0056081
        1039    0.768812    0.792045  0.00560275
        1040    0.767495    0.792022  0.00559741
        1041    0.766196    0.791997  0.00559209
        1042    0.764918    0.791971  0.00558678
        1043    0.763665    0.791944  0.00558149
        1044    0.762442    0.791916  0.00557621
        1045    0.761252    0.791886  0.00557096
        1046    0.760098    0.791856  0.00556571
        1047    0.758984    0.791824  0.00556049
        1048    0.757913    0.791792  0.00555527
        1049    0.756888    0.791759  0.00555008
        1050    0.755914    0.791725   0.0055449
        1051    0.754994     0.79169  0.00553973
        1052    0.754129    0.791654  0.00553458
        1053    0.753324    0.791618  0.00552944
        1054    0.752582    0.791581  0.00552432
        1055    0.751903    0.791543  0.00551921
        1056    0.751293    0.791505  0.00551412
        1057    0.750754    0.791466  0.00550904
        1058    0.750286    0.791427  0.00550397
        1059    0.749891    0.791388  0.00549891
        1060     0.74957    0.791349  0.00549386
        1061    0.749326    0.791309  0.00548883
        1062    0.749158    0.791269   0.0054838
        1063     0.74907     0.79123  0.00547879
        1064     0.74906     0.79119  0.00547378
        1065    0.749131    0.791151  0.00546878
        1066    0.749282    0.791111   0.0054638
        1067    0.749513    0.791072  0.00545881
        1068    0.749824    0.791034  0.00545384
        1069    0.750215    0.790996  0.00544887
        1070    0.750686    0.790958  0.00544391
        1071    0.751236    0.790921  0.00543895
        1072    0.751863    0.790884    0.005434
        1073    0.752567    0.790849  0.00542905
        1074    0.753347    0.790814  0.00542411
        1075      0.7542     0.79078  0.00541917
        1076    0.755125    0.790747  0.00541424
        1077    0.756122    0.790714  0.00540931
        1078    0.757188    0.790683  0.00540438
        1079    0.758321    0.790653  0.00539945
        1080    0.759519    0.790624  0.00539453
        1081     0.76078    0.790597  0.00538961
        1082    0.762101    0.790571  0.00538469
        1083     0.76348    0.790545  0.00537978
        1084    0.764915    0.790522  0.00537487
        1085    0.766402      0.7905  0.00536996
        1086    0.767939    0.790479  0.00536506
        1087    0.769523     0.79046  0.00536015
        1088    0.771152    0.790442  0.00535526
        1089    0.772823    0.790426  0.00535036
        1090    0.774534    0.790411  0.00534548
        1091    0.776281    0.790398  0.00534059
        1092    0.778061    0.790387  0.00533571
        1093    0.779871    0.790377  0.00533084
        1094    0.781711    0.790369  0.00532597
        1095    0.783575    0.790363  0.00532111
        1096    0.785461    0.790359  0.00531626
        1097    0.787366    0.790356  0.00531141
        1098    0.789285    0.790355  0.00530658
        1099    0.791218    0.790356  0.00530175
        1100    0.793162    0.790358  0.00529693
        1101    0.795112    0.790363  0.00529212
        1102    0.797066    0.790369  0.00528732
        1103    0.799022    0.790376  0.00528253
        1104    0.800977    0.790386  0.00527776
        1105    0.802928    0.790397  0.00527299
        1106    0.804872    0.790411  0.00526824
        1107    0.806806    0.790425   0.0052635
        1108    0.808727    0.790442  0.00525878
        1109    0.810634     0.79046  0.00525407
        1110    0.812523     0.79048  0.00524937
        1111     0.81439    0.790501  0.00524469
        1112    0.816235    0.790525  0.00524003
        1113    0.818053    0.790549  0.00523538
        1114    0.819842    0.790576  0.00523074
        1115    0.821599    0.790603  0.00522613
        1116    0.823322    0.790633  0.00522153
        1117    0.825011    0.790664  0.00521694
        1118    0.826662    0.790696  0.00521237
        1119    0.828272    0.790729  0.00520782
        1120    0.829841    0.790764  0.00520329
        1121    0.831365      0.7908  0.00519878
        1122    0.832843    0.790838  0.00519428
        1123    0.834271    0.790877   0.0051898
        1124    0.835649    0.790916  0.00518533
        1125    0.836974    0.790957  0.00518088
        1126    0.838244    0.790999  0.00517645
        1127    0.839458    0.791042  0.00517204
        1128    0.840614    0.791086  0.00516764
        1129    0.841711    0.791131  0.00516326
        1130    0.842747    0.791177  0.00515889
        1131    0.843722    0.791223  0.00515454
        1132    0.844634     0.79127   0.0051502
        1133    0.845482    0.791318  0.00514588
        1134    0.846265    0.791367  0.00514157
        1135    0.846982    0.791416  0.00513727
        1136    0.847632    0.791465  0.00513299
        1137    0.848213    0.791515  0.00512872
        1138    0.848725    0.791565  0.00512446
        1139    0.849168    0.791616  0.00512021
        1140    0.849541    0.791667  0.00511597
        1141    0.849844    0.791718  0.00511174
        1142    0.850078    0.791769  0.00510752
        1143    0.850242     0.79182   0.0051033
        1144    0.850336    0.791871   0.0050991
        1145    0.850359    0.791922   0.0050949
        1146    0.850312    0.791973  0.00509071
        1147    0.850196    0.792024  0.00508653
        1148     0.85001    0.792075  0.00508235
        1149    0.849754    0.792125  0.00507817
        1150    0.849429    0.792175    0.005074
        1151    0.849035    0.792224  0.00506983
        1152    0.848572    0.792273  0.00506567
        1153    0.848042    0.792321   0.0050615
        1154    0.847445    0.792369  0.00505734
        1155    0.846782    0.792416  0.00505318
        1156    0.846053    0.792463  0.00504902
        1157     0.84526    0.792508  0.00504487
        1158    0.844405    0.792553  0.00504071
        1159    0.843488    0.792597  0.00503655
        1160     0.84251     0.79264  0.00503239
        1161    0.841473    0.792682  0.00502824
        1162     0.84038    0.792723  0.00502408
        1163     0.83923    0.792763  0.00501991
        1164    0.838027    0.792802  0.00501575
        1165    0.836772     0.79284  0.00501159
        1166    0.835466    0.792876  0.00500742
        1167    0.834109    0.792912  0.00500326
        1168    0.832704    0.792946  0.00499909
        1169    0.831251    0.792978  0.00499492
        1170    0.829753     0.79301  0.00499075
        1171    0.828211     0.79304  0.00498658
        1172    0.826627    0.793069  0.00498241
        1173    0.825003    0.793096  0.00497823
        1174    0.823341    0.793122  0.00497406
        1175    0.821644    0.793146  0.00496989
        1176    0.819913    0.793169  0.00496571
        1177    0.818153     0.79319  0.00496154
        1178    0.816363    0.793209  0.00495737
        1179    0.814547    0.793228  0.00495319
        1180    0.812706    0.793244  0.00494902
        1181    0.810842    0.793259  0.00494486
        1182    0.808957    0.793272  0.00494069
        1183    0.807053    0.793284  0.00493653
        1184    0.805133    0.793294  0.00493237
        1185      0.8032    0.793302  0.00492821
        1186    0.801255    0.793309  0.00492406
        1187    0.799301    0.793314  0.00491992
        1188     0.79734    0.793317  0.00491578
        1189    0.795374    0.793319  0.00491164
        1190    0.793407    0.793319  0.00490752
        1191    0.791439    0.793318   0.0049034
        1192    0.789476    0.793314  0.00489928
        1193    0.787518     0.79331  0.00489518
        1194    0.785569    0.793303  0.00489108
        1195    0.783629    0.793295    0.004887
        1196    0.781702    0.793285  0.00488292
        1197    0.779789    0.793274  0.00487885
        1198    0.777895    0.793261   0.0048748
        1199    0.776019    0.793247  0.00487075
        1200    0.774166    0.793231  0.00486672
        1201    0.772338    0.793213   0.0048627
        1202    0.770537    0.793195  0.00485869
        1203    0.768765    0.793174  0.00485469
        1204    0.767026    0.793153  0.00485071
        1205     0.76532    0.793129  0.00484674
        1206    0.763651    0.793105  0.00484278
        1207    0.762021    0.793079  0.00483884
        1208    0.760433    0.793052  0.00483491
        1209    0.758889    0.793024  0.00483099
        1210    0.757392    0.792995  0.00482709
        1211    0.755944    0.792964   0.0048232
        1212    0.754546    0.792932  0.00481933
        1213    0.753201      0.7929  0.00481546
        1214    0.751911    0.792866  0.00481162
        1215    0.750679    0.792831  0.00480778
        1216    0.749505    0.792795  0.00480396
        1217    0.748394    0.792759  0.00480015
        1218    0.747346    0.792722  0.00479635
        1219    0.746364    0.792684  0.00479257
        1220     0.74545    0.792645   0.0047888
        1221    0.744605    0.792606  0.00478504
        1222    0.743833    0.792566  0.00478129
        1223    0.743136    0.792525  0.00477755
        1224    0.742514    0.792484  0.00477382
        1225    0.741968    0.792443   0.0047701
        1226    0.741501    0.792402  0.00476639
        1227    0.741114     0.79236  0.00476269
        1228    0.740808    0.792318    0.004759
        1229    0.740584    0.792276  0.00475531
        1230    0.740444    0.792234  0.00475163
        1231    0.740388    0.792191  0.00474796
        1232    0.740417    0.792149  0.00474429
        1233    0.740532    0.792108  0.00474063
        1234    0.740732    0.792066  0.00473697
        1235     0.74102    0.792025  0.00473331
        1236    0.741394    0.791984  0.00472966
        1237    0.741854    0.791943  0.00472601
        1238    0.742401    0.791903  0.00472236
        1239    0.743034    0.791864  0.00471872
        1240    0.743752    0.791825  0.00471507
        1241    0.744555    0.791787  0.00471143
        1242    0.745441    0.791749  0.00470778
        1243    0.746411    0.791713  0.00470413
        1244    0.747464    0.791677  0.00470049
        1245    0.748598    0.791643  0.00469684
        1246    0.749811    0.791609  0.00469319
        1247    0.751102    0.791577  0.00468954
        1248    0.752469    0.791545  0.00468588
        1249    0.753909    0.791515  0.00468223
        1250    0.755421    0.791486  0.00467857
        1251    0.757005    0.791459  0.00467491
        1252    0.758655    0.791433  0.00467125
        1253     0.76037    0.791408  0.00466759
        1254    0.762148    0.791385  0.00466393
        1255    0.763984    0.791363  0.00466026
        1256    0.765877    0.791342   0.0046566
        1257    0.767823    0.791324  0.00465293
        1258     0.76982    0.791307  0.00464926
        1259    0.771865    0.791291  0.00464559
        1260    0.773954    0.791277  0.00464193
        1261    0.776084    0.791265  0.00463826
        1262    0.778253    0.791255   0.0046346
        1263    0.780457    0.791246  0.00463094
        1264    0.782692     0.79124  0.00462728
        1265    0.784957    0.791235  0.00462362
        1266    0.787246    0.791232  0.00461997
        1267    0.789558     0.79123  0.00461633
        1268    0.791889    0.791231  0.00461269
        1269    0.794238    0.791233  0.00460905
        1270    0.796602    0.791237  0.00460542
        1271    0.798975    0.791243   0.0046018
        1272    0.801356    0.791251  0.00459819
        1273    0.803741    0.791261  0.00459459
        1274    0.806129    0.791273    0.004591
        1275    0.808515    0.791286  0.00458742
        1276    0.810896    0.791302  0.00458385
        1277     0.81327    0.791319  0.00458029
        1278    0.815634    0.791338  0.00457675
        1279    0.817986    0.791359  0.00457322
        1280    0.820323    0.791381   0.0045697
        1281    0.822644    0.791406   0.0045662
        1282    0.824946    0.791432  0.00456271
        1283    0.827227     0.79146  0.00455924
        1284    0.829485     0.79149  0.00455579
        1285    0.831718    0.791521  0.00455235
        1286    0.833924    0.791554  0.00454893
        1287    0.836102    0.791588  0.00454552
        1288    0.838249    0.791625  0.00454214
        1289    0.840363    0.791662  0.00453877
        1290    0.842445    0.791702  0.00453543
        1291    0.844492    0.791743   0.0045321
        1292    0.846503    0.791785  0.00452879
        1293    0.848479    0.791829   0.0045255
        1294    0.850418    0.791874  0.00452223
        1295    0.852319    0.791921  0.00451898
        1296     0.85418    0.791969  0.00451574
        1297    0.856001    0.792018  0.00451253
        1298    0.857781    0.792069  0.00450934
        1299    0.859521    0.792121  0.00450617
        1300     0.86122    0.792174  0.00450301
        1301    0.862877    0.792228  0.00449988
        1302    0.864491    0.792284  0.00449677
        1303    0.866061    0.792341  0.00449367
        1304    0.867589    0.792398   0.0044906
        1305    0.869073    0.792457  0.00448754
        1306    0.870513    0.792517   0.0044845
        1307    0.871909    0.792578  0.00448148
        1308    0.873262    0.792639  0.00447848
        1309     0.87457    0.792702   0.0044755
        1310    0.875835    0.792765  0.00447253
        1311    0.877056     0.79283  0.00446958
        1312    0.878234    0.792895  0.00446665
        1313     0.87937    0.792961  0.00446373
        1314    0.880461    0.793027  0.00446083
        1315    0.881509    0.793094  0.00445795
        1316    0.882511    0.793162  0.00445508
        1317     0.88347    0.793231  0.00445222
        1318    0.884385      0.7933  0.00444938
        1319    0.885258     0.79337  0.00444655
        1320    0.886088     0.79344  0.00444374
        1321    0.886873    0.793511  0.00444094
        1322    0.887613    0.793582  0.00443815
        1323    0.888309    0.793654  0.00443537
        1324     0.88896    0.793726  0.00443261
        1325    0.889567    0.793798  0.00442985
        1326    0.890129     0.79387  0.00442711
        1327    0.890648    0.793943  0.00442437
        1328    0.891122    0.794017  0.00442164
        1329    0.891552     0.79409  0.00441893
        1330    0.891938    0.794164  0.00441622
        1331     0.89228    0.794237  0.00441351
        1332    0.892578    0.794311  0.00441082
        1333    0.892832    0.794385  0.00440813
        1334     0.89304    0.794459  0.00440544
        1335    0.893204    0.794533  0.00440277
        1336    0.893324    0.794607  0.00440009
        1337    0.893398    0.794681  0.00439742
        1338    0.893426    0.794755  0.00439475
        1339    0.893409    0.794828  0.00439209
        1340    0.893347    0.794902  0.00438943
        1341     0.89324    0.794975  0.00438676
        1342    0.893088    0.795048  0.00438411
        1343    0.892891    0.795121  0.00438145
        1344     0.89265    0.795194  0.00437879
        1345    0.892363    0.795266  0.00437613
        1346     0.89203    0.795338  0.00437347
        1347    0.891652    0.795409   0.0043708
        1348    0.891229     0.79548  0.00436814
        1349     0.89076    0.795551  0.00436547
        1350    0.890245    0.795621   0.0043628
        1351    0.889685    0.795691  0.00436013
        1352    0.889078     0.79576  0.00435745
        1353    0.888425    0.795828  0.00435477
        1354    0.887726    0.795896  0.00435208
        1355     0.88698    0.795963  0.00434939
        1356    0.886189     0.79603  0.00434669
        1357    0.885353    0.796096  0.00434399
        1358     0.88447    0.796161  0.00434127
        1359     0.88354    0.796225  0.00433856
        1360    0.882563    0.796289  0.00433583
        1361     0.88154    0.796351   0.0043331
        1362    0.880468    0.796413  0.00433036
        1363    0.879347    0.796474  0.00432761
        1364    0.878178    0.796534  0.00432485
        1365     0.87696    0.796593  0.00432208
        1366    0.875692    0.796651   0.0043193
        1367    0.874375    0.796707  0.00431652
        1368    0.873007    0.796763  0.00431372
        1369    0.871588    0.796818  0.00431092
        1370    0.870117    0.796871   0.0043081
        1371    0.868595    0.796924  0.00430528
        1372    0.867022    0.796975  0.00430244
        1373    0.865396    0.797025   0.0042996
        1374    0.863717    0.797073  0.00429674
        1375    0.861985     0.79712  0.00429388
        1376      0.8602    0.797166    0.004291
        1377    0.858363    0.797211  0.00428812
        1378    0.856472    0.797254  0.00428522
        1379    0.854527    0.797295  0.00428231
        1380     0.85253    0.797335   0.0042794
        1381    0.850479    0.797374  0.00427647
        1382    0.848374    0.797411  0.00427354
        1383    0.846216    0.797446  0.00427059
        1384    0.844003     0.79748  0.00426764
        1385    0.841737    0.797511  0.00426468
        1386    0.839418    0.797542  0.00426171
        1387    0.837047     0.79757  0.00425873
        1388    0.834625    0.797597  0.00425575
        1389    0.832151    0.797622  0.00425276
        1390    0.829626    0.797645  0.00424976
        1391    0.827051    0.797666  0.00424676
        1392    0.824426    0.797685  0.00424375
        1393    0.821753    0.797702  0.00424074
        1394    0.819034    0.797718  0.00423772
        1395    0.816268    0.797731  0.00423471
        1396    0.813457    0.797742  0.00423169
        1397    0.810603    0.797752  0.00422867
        1398    0.807707    0.797759  0.00422565
        1399    0.804773    0.797764  0.00422263
        1400      0.8018    0.797767  0.00421962
        1401    0.798791    0.797767   0.0042166
        1402    0.795747    0.797766   0.0042136
        1403    0.792671    0.797762   0.0042106
        1404    0.789564    0.797756   0.0042076
        1405    0.786428    0.797748  0.00420461
        1406    0.783268    0.797738  0.00420164
        1407    0.780084    0.797725  0.00419867
        1408    0.776882    0.797711  0.00419571
        1409    0.773662    0.797694  0.00419277
        1410    0.770429    0.797674  0.00418984
        1411    0.767185    0.797653  0.00418693
        1412    0.763934    0.797629  0.00418403
        1413     0.76068    0.797603  0.00418115
        1414    0.757424    0.797574  0.00417829
        1415    0.754171    0.797544  0.00417545
        1416    0.750924    0.797511  0.00417263
        1417    0.747689    0.797475  0.00416983
        1418    0.744468    0.797438  0.00416706
        1419    0.741264    0.797398  0.00416431
        1420    0.738082    0.797357  0.00416159
        1421    0.734927    0.797313  0.00415889
        1422    0.731801    0.797267  0.00415622
        1423    0.728709    0.797219  0.00415358
        1424    0.725655    0.797168  0.00415097
        1425    0.722642    0.797116  0.00414838
        1426    0.719676    0.797062  0.00414583
        1427     0.71676    0.797005  0.00414331
        1428    0.713899    0.796947  0.00414081
        1429    0.711095    0.796887  0.00413835
        1430    0.708354    0.796825  0.00413592
        1431    0.705679    0.796761  0.00413352
        1432    0.703075    0.796696  0.00413115
        1433    0.700545    0.796629  0.00412882
        1434    0.698094     0.79656  0.00412651
        1435    0.695726     0.79649  0.00412423
        1436    0.693443    0.796418  0.00412198
        1437    0.691251    0.796345  0.00411976
        1438    0.689153    0.796271  0.00411757
        1439    0.687153    0.796195  0.00411541
        1440    0.685252    0.796118  0.00411327
        1441    0.683454    0.796039  0.00411116
        1442    0.681762     0.79596  0.00410907
        1443    0.680178     0.79588  0.00410701
        1444    0.678707    0.795799  0.00410497
        1445    0.677349    0.795717  0.00410295
        1446    0.676108    0.795634  0.00410094
        1447    0.674986    0.795551  0.00409895
        1448    0.673986    0.795467  0.00409698
        1449    0.673109    0.795382  0.00409503
        1450    0.672355    0.795298  0.00409308
        1451    0.671728    0.795212  0.00409115
        1452    0.671227    0.795127  0.00408922
        1453    0.670854    0.795041   0.0040873
        1454     0.67061    0.794956  0.00408538
        1455    0.670496     0.79487  0.00408347
        1456     0.67051    0.794785  0.00408156
        1457    0.670654      0.7947  0.00407965
        1458    0.670928    0.794615  0.00407773
        1459     0.67133     0.79453  0.00407581
        1460     0.67186    0.794446  0.00407389
        1461    0.672518    0.794363  0.00407195
        1462    0.673303     0.79428  0.00407001
        1463    0.674215    0.794198  0.00406806
        1464    0.675251    0.794117  0.00406609
        1465    0.676411    0.794036  0.00406411
        1466    0.677692    0.793957  0.00406211
        1467    0.679093    0.793879   0.0040601
        1468    0.680612    0.793802  0.00405806
        1469    0.682247    0.793726  0.00405601
        1470    0.683994    0.793651  0.00405394
        1471    0.685851    0.793578  0.00405184
        1472    0.687815    0.793506  0.00404973
        1473    0.689884    0.793435  0.00404759
        1474    0.692054    0.793367  0.00404543
        1475    0.694324      0.7933  0.00404324
        1476     0.69669    0.793234  0.00404103
        1477    0.699149     0.79317   0.0040388
        1478    0.701696    0.793109  0.00403654
        1479     0.70433    0.793048  0.00403426
        1480    0.707045     0.79299  0.00403195
        1481     0.70984    0.792934  0.00402962
        1482     0.71271     0.79288  0.00402726
        1483    0.715651    0.792828  0.00402489
        1484     0.71866    0.792778  0.00402248
        1485    0.721734     0.79273  0.00402006
        1486    0.724868    0.792685  0.00401761
        1487    0.728059    0.792641  0.00401515
        1488    0.731303      0.7926  0.00401266
        1489    0.734594    0.792561  0.00401015
        1490    0.737931    0.792524  0.00400763
        1491    0.741309     0.79249  0.00400509
        1492    0.744723    0.792458  0.00400253
        1493    0.748171    0.792428  0.00399996
        1494    0.751648    0.792401  0.00399738
        1495    0.755151    0.792376  0.00399478
        1496    0.758676    0.792353  0.00399218
        1497     0.76222    0.792333  0.00398956
        1498    0.765779    0.792316  0.00398694
        1499    0.769349      0.7923   0.0039843
        1500    0.772925    0.792287  0.00398167
        1501    0.776507    0.792277  0.00397903
        1502    0.780089    0.792269  0.00397639
        1503    0.783669    0.792263  0.00397375
        1504    0.787241     0.79226  0.00397111
        1505    0.790802    0.792259  0.00396847
        1506    0.794349     0.79226  0.00396583
        1507     0.79788    0.792264   0.0039632
        1508    0.801389     0.79227  0.00396058
        1509    0.804875    0.792278  0.00395797
        1510    0.808333    0.792289  0.00395536
        1511    0.811761    0.792302  0.00395276
        1512    0.815157    0.792317  0.00395018
        1513    0.818515    0.792334   0.0039476
        1514    0.821834    0.792354  0.00394504
        1515    0.825109    0.792375   0.0039425
        1516    0.828339    0.792399  0.00393997
        1517    0.831521    0.792425  0.00393746
        1518    0.834652    0.792453  0.00393496
        1519    0.837728    0.792482  0.00393248
        1520    0.840748    0.792514  0.00393003
        1521    0.843708    0.792548  0.00392759
        1522    0.846607    0.792583  0.00392517
        1523    0.849441    0.792621  0.00392277
        1524    0.852208     0.79266  0.00392039
        1525    0.854905    0.792701  0.00391803
        1526     0.85753    0.792743  0.00391569
        1527    0.860083    0.792787  0.00391338
        1528    0.862561    0.792833  0.00391108
        1529     0.86496     0.79288  0.00390881
        1530    0.867279    0.792929  0.00390655
        1531    0.869517    0.792979  0.00390432
        1532    0.871674     0.79303  0.00390211
        1533    0.873745    0.793083  0.00389992
        1534     0.87573    0.793137  0.00389775
        1535    0.877625    0.793192   0.0038956
        1536     0.87943    0.793248  0.00389347
        1537    0.881143    0.793305  0.00389136
        1538    0.882764    0.793363  0.00388926
        1539    0.884292    0.793422  0.00388718
        1540    0.885724    0.793482  0.00388512
        1541    0.887061    0.793543  0.00388307
        1542    0.888302    0.793604  0.00388104
        1543    0.889446    0.793666  0.00387902
        1544    0.890493    0.793729  0.00387702
        1545    0.891442    0.793792  0.00387502
        1546    0.892291    0.793856  0.00387304
        1547    0.893042     0.79392  0.00387107
        1548    0.893693    0.793985  0.00386911
        1549    0.894245    0.794049  0.00386715
        1550    0.894697    0.794114   0.0038652
        1551     0.89505    0.794179  0.00386325
        1552    0.895304    0.794245  0.00386131
        1553    0.895458     0.79431  0.00385938
        1554    0.895515    0.794375  0.00385744
        1555    0.895472     0.79444  0.00385551
        1556    0.895333    0.794505  0.00385358
        1557    0.895097    0.794569  0.00385165
        1558    0.894765    0.794634  0.00384971
        1559    0.894338    0.794698  0.00384777
        1560    0.893817    0.794761  0.00384583
        1561    0.893204    0.794824  0.00384388
        1562    0.892499    0.794887  0.00384193
        1563    0.891703    0.794949  0.00383997
        1564    0.890819     0.79501  0.00383801
        1565    0.889848    0.795071  0.00383603
        1566     0.88879     0.79513  0.00383405
        1567    0.887649    0.795189  0.00383206
        1568    0.886425    0.795248  0.00383006
        1569    0.885122    0.795305  0.00382804
        1570    0.883741    0.795361  0.00382602
        1571    0.882285    0.795417  0.00382398
        1572    0.880753    0.795471  0.00382194
        1573     0.87915    0.795524  0.00381988
        1574    0.877477    0.795576   0.0038178
        1575    0.875736    0.795627  0.00381572
        1576    0.873932    0.795677  0.00381362
        1577    0.872065    0.795725  0.00381151
        1578     0.87014    0.795772  0.00380939
        1579    0.868157    0.795818  0.00380725
        1580    0.866122    0.795863   0.0038051
        1581    0.864035    0.795906  0.00380294
        1582    0.861901    0.795947  0.00380076
        1583     0.85972    0.795988  0.00379858
        1584    0.857498    0.796027  0.00379638
        1585    0.855236    0.796064  0.00379417
        1586    0.852937      0.7961  0.00379194
        1587    0.850605    0.796134  0.00378971
        1588    0.848243    0.796167  0.00378746
        1589    0.845853    0.796198  0.00378521
        1590    0.843438    0.796228  0.00378295
        1591    0.841002    0.796256  0.00378067
        1592    0.838548    0.796283  0.00377839
        1593    0.836079    0.796308   0.0037761
        1594    0.833599    0.796331  0.00377381
        1595     0.83111    0.796353   0.0037715
        1596    0.828616    0.796373  0.00376919
        1597    0.826121    0.796392  0.00376688
        1598    0.823626    0.796409  0.00376456
        1599    0.821134    0.796424  0.00376224
        1600    0.818649    0.796438  0.00375991
        1601    0.816174     0.79645  0.00375758
        1602    0.813714    0.796461  0.00375525
        1603    0.811271     0.79647  0.00375292
        1604    0.808848    0.796478  0.00375059
        1605    0.806448    0.796484  0.00374826
        1606    0.804074    0.796489  0.00374593
        1607    0.801727    0.796492   0.0037436
        1608    0.799412    0.796494  0.00374127
        1609     0.79713    0.796495  0.00373895
        1610    0.794885    0.796494  0.00373662
        1611    0.792679    0.796491   0.0037343
        1612    0.790517    0.796487  0.00373199
        1613    0.788401    0.796482  0.00372968
        1614    0.786332    0.796476  0.00372737
        1615    0.784313    0.796469  0.00372507
        1616    0.782346     0.79646  0.00372278
        1617    0.780434     0.79645  0.00372049
        1618    0.778578    0.796439  0.00371821
        1619     0.77678    0.796427  0.00371593
        1620    0.775043    0.796414  0.00371366
        1621    0.773368    0.796399   0.0037114
        1622    0.771757    0.796384  0.00370914
        1623    0.770212    0.796368  0.00370689
        1624    0.768734    0.796351  0.00370465
        1625    0.767325    0.796333  0.00370241
        1626    0.765986    0.796315  0.00370018
        1627    0.764718    0.796295  0.00369796
        1628    0.763522    0.796275  0.00369574
        1629      0.7624    0.796254  0.00369353
        1630    0.761352    0.796233  0.00369132
        1631    0.760378    0.796211  0.00368913
        1632    0.759478    0.796188  0.00368693
        1633    0.758655    0.796165  0.00368475
        1634    0.757907    0.796142  0.00368257
        1635    0.757235    0.796118  0.00368039
        1636    0.756639    0.796094  0.00367822
        1637    0.756119     0.79607  0.00367606
        1638    0.755673    0.796045  0.00367389
        1639    0.755304     0.79602  0.00367174
        1640     0.75501    0.795995  0.00366958
        1641    0.754789     0.79597  0.00366743
        1642     0.75464    0.795945  0.00366529
        1643    0.754563     0.79592  0.00366314
        1644    0.754556    0.795894    0.003661
        1645    0.754619    0.795869  0.00365886
        1646     0.75475    0.795844  0.00365672
        1647    0.754949    0.795819  0.00365459
        1648    0.755215    0.795795  0.00365245
        1649    0.755544     0.79577  0.00365032
        1650    0.755937    0.795746  0.00364819
        1651    0.756392    0.795722  0.00364605
        1652    0.756906    0.795699  0.00364392
        1653    0.757477    0.795676  0.00364179
        1654    0.758104    0.795653  0.00363966
        1655    0.758784    0.795631  0.00363753
        1656    0.759514    0.795609   0.0036354
        1657    0.760293    0.795588  0.00363327
        1658     0.76112    0.795567  0.00363114
        1659    0.761992    0.795547    0.003629
        1660    0.762905    0.795527  0.00362687
        1661    0.763858    0.795508  0.00362474
        1662    0.764847    0.795489   0.0036226
        1663    0.765872    0.795472  0.00362047
        1664    0.766929    0.795455  0.00361833
        1665    0.768016    0.795438   0.0036162
        1666    0.769132    0.795422  0.00361406
        1667    0.770274    0.795407  0.00361193
        1668    0.771439    0.795393  0.00360979
        1669    0.772625    0.795379  0.00360765
        1670     0.77383    0.795366  0.00360551
        1671    0.775052    0.795354  0.00360338
        1672    0.776288    0.795343  0.00360124
        1673    0.777538    0.795332   0.0035991
        1674    0.778798    0.795322  0.00359697
        1675    0.780068    0.795313  0.00359483
        1676    0.781344    0.795305   0.0035927
        1677    0.782624    0.795297  0.00359056
        1678    0.783908     0.79529  0.00358843
        1679    0.785193    0.795284   0.0035863
        1680    0.786477    0.795279  0.00358416
        1681    0.787759    0.795275  0.00358204
        1682    0.789038    0.795271  0.00357991
        1683    0.790311    0.795268  0.00357778
        1684    0.791579    0.795266  0.00357566
        1685     0.79284    0.795264  0.00357354
        1686    0.794091    0.795264  0.00357142
        1687    0.795332    0.795264   0.0035693
        1688    0.796563    0.795264  0.00356718
        1689    0.797782    0.795266  0.00356507
        1690    0.798989    0.795268  0.00356296
        1691    0.800183    0.795271  0.00356086
        1692    0.801364    0.795275  0.00355876
        1693    0.802532    0.795279  0.00355666
        1694    0.803683    0.795284  0.00355456
        1695    0.804819     0.79529  0.00355247
        1696    0.805938    0.795296  0.00355038
        1697    0.807041    0.795303  0.00354829
        1698    0.808126     0.79531  0.00354621
        1699    0.809194    0.795318  0.00354413
        1700    0.810244    0.795327  0.00354206
        1701    0.811276    0.795337  0.00353999
        1702     0.81229    0.795347  0.00353792
        1703    0.813286    0.795357  0.00353586
        1704    0.814264    0.795368   0.0035338
        1705    0.815226     0.79538  0.00353175
        1706     0.81617    0.795392   0.0035297
        1707    0.817096    0.795405  0.00352766
        1708    0.818007    0.795418  0.00352562
        1709    0.818901    0.795432  0.00352358
        1710    0.819778    0.795446  0.00352155
        1711    0.820638    0.795461  0.00351952
        1712    0.821484    0.795476   0.0035175
        1713    0.822314    0.795492  0.00351548
        1714    0.823129    0.795508  0.00351347
        1715     0.82393    0.795524  0.00351146
        1716    0.824718    0.795541  0.00350945
        1717    0.825495    0.795559  0.00350745
        1718    0.826259    0.795577  0.00350545
        1719     0.82701    0.795595  0.00350346
        1720    0.827749    0.795614  0.00350148
        1721    0.828476    0.795633  0.00349949
        1722    0.829192    0.795652  0.00349752
        1723    0.829895    0.795672  0.00349554
        1724    0.830588    0.795692  0.00349357
        1725    0.831269    0.795713  0.00349161
        1726     0.83194    0.795734  0.00348965
        1727    0.832599    0.795755  0.00348769
        1728    0.833247    0.795777  0.00348574
        1729    0.833884    0.795799   0.0034838
        1730     0.83451    0.795821  0.00348185
        1731    0.835125    0.795844  0.00347992
        1732     0.83573    0.795867  0.00347798
        1733    0.836324     0.79589  0.00347606
        1734    0.836907    0.795914  0.00347413
        1735    0.837477    0.795938  0.00347221
        1736    0.838034    0.795962   0.0034703
        1737    0.838578    0.795987  0.00346838
        1738    0.839109    0.796012  0.00346648
        1739    0.839626    0.796037  0.00346458
        1740    0.840127    0.796062  0.00346268
        1741    0.840612    0.796088  0.00346078
        1742    0.841081    0.796113  0.00345889
        1743    0.841531     0.79614  0.00345701
        1744    0.841963    0.796166  0.00345512
        1745    0.842376    0.796192  0.00345324
        1746    0.842768    0.796219  0.00345137
        1747    0.843138    0.796246   0.0034495
        1748    0.843485    0.796273  0.00344763
        1749    0.843808      0.7963  0.00344577
        1750    0.844105    0.796327  0.00344391
        1751    0.844375    0.796355  0.00344205
        1752    0.844617    0.796382  0.00344019
        1753    0.844831     0.79641  0.00343834
        1754    0.845014    0.796438  0.00343649
        1755    0.845165    0.796465  0.00343465
        1756    0.845284    0.796493  0.00343281
        1757    0.845369    0.796521  0.00343096
        1758    0.845418    0.796549  0.00342913
        1759    0.845431    0.796577  0.00342729
        1760    0.845407    0.796604  0.00342545
        1761    0.845345    0.796632  0.00342362
        1762    0.845244     0.79666  0.00342179
        1763    0.845102    0.796687  0.00341996
        1764    0.844919    0.796715  0.00341813
        1765    0.844694    0.796742   0.0034163
        1766    0.844425    0.796769  0.00341447
        1767    0.844112    0.796795  0.00341264
        1768    0.843754    0.796822  0.00341082
        1769     0.84335    0.796848  0.00340899
        1770      0.8429    0.796874  0.00340716
        1771    0.842403      0.7969  0.00340534
        1772     0.84186    0.796925  0.00340351
        1773    0.841271     0.79695  0.00340168
        1774    0.840634    0.796975  0.00339985
        1775     0.83995    0.796999  0.00339802
        1776     0.83922    0.797023  0.00339619
        1777    0.838444    0.797046  0.00339436
        1778    0.837621    0.797069  0.00339253
        1779    0.836751    0.797092   0.0033907
        1780    0.835835    0.797113  0.00338886
        1781    0.834875    0.797134  0.00338703
        1782     0.83387    0.797155  0.00338519
        1783    0.832821    0.797175  0.00338335
        1784    0.831728    0.797194  0.00338151
        1785    0.830593    0.797213  0.00337966
        1786    0.829416    0.797231  0.00337782
        1787    0.828199    0.797249  0.00337597
        1788    0.826942    0.797265  0.00337413
        1789    0.825648    0.797281  0.00337228
        1790    0.824317    0.797296  0.00337043
        1791    0.822951     0.79731  0.00336858
        1792     0.82155    0.797324  0.00336672
        1793    0.820116    0.797337  0.00336487
        1794    0.818649    0.797349  0.00336302
        1795    0.817153     0.79736  0.00336116
        1796    0.815629     0.79737   0.0033593
        1797    0.814079    0.797379  0.00335745
        1798    0.812503    0.797387  0.00335559
        1799    0.810904    0.797395  0.00335373
        1800    0.809284    0.797402  0.00335188
        1801    0.807644    0.797407  0.00335002
        1802    0.805986    0.797412  0.00334817
        1803    0.804313    0.797416  0.00334631
        1804    0.802626    0.797419  0.00334446
        1805    0.800928    0.797421  0.00334261
        1806     0.79922    0.797422  0.00334075
        1807    0.797505    0.797422  0.00333891
        1808    0.795783    0.797421  0.00333706
        1809    0.794058    0.797419  0.00333521
        1810    0.792332    0.797416  0.00333337
        1811    0.790605    0.797412  0.00333153
        1812    0.788882    0.797408   0.0033297
        1813    0.787164    0.797402  0.00332787
        1814    0.785452    0.797395  0.00332604
        1815    0.783751    0.797388  0.00332422
        1816    0.782061    0.797379   0.0033224
        1817    0.780385     0.79737  0.00332058
        1818    0.778727     0.79736  0.00331877
        1819    0.777088    0.797349  0.00331696
        1820     0.77547    0.797337  0.00331516
        1821    0.773875    0.797324  0.00331337
        1822    0.772304     0.79731  0.00331158
        1823    0.770759    0.797296  0.00330979
        1824    0.769244     0.79728  0.00330801
        1825    0.767759    0.797264  0.00330624
        1826    0.766307    0.797247  0.00330447
        1827     0.76489    0.797229  0.00330271
        1828     0.76351    0.797211  0.00330096
        1829    0.762168    0.797192  0.00329921
        1830    0.760867    0.797172  0.00329747
        1831    0.759608    0.797151  0.00329573
        1832    0.758393     0.79713    0.003294
        1833    0.757223    0.797108  0.00329227
        1834      0.7561    0.797086  0.00329055
        1835    0.755027    0.797063  0.00328884
        1836    0.754003     0.79704  0.00328713
        1837     0.75303    0.797016  0.00328543
        1838     0.75211    0.796991  0.00328373
        1839    0.751244    0.796966  0.00328204
        1840    0.750434    0.796941  0.00328036
        1841    0.749681    0.796915  0.00327867
        1842    0.748984    0.796889    0.003277
        1843    0.748346    0.796863  0.00327533
        1844    0.747767    0.796836  0.00327366
        1845    0.747248     0.79681  0.00327199
        1846     0.74679    0.796783  0.00327033
        1847    0.746393    0.796755  0.00326868
        1848    0.746058    0.796728  0.00326702
        1849    0.745783      0.7967  0.00326537
        1850     0.74557    0.796673  0.00326372
        1851    0.745418    0.796645  0.00326208
        1852    0.745327    0.796617  0.00326043
        1853    0.745298     0.79659  0.00325879
        1854     0.74533    0.796562  0.00325715
        1855    0.745423    0.796534  0.00325551
        1856    0.745577    0.796507  0.00325387
        1857    0.745791     0.79648  0.00325224
        1858    0.746063    0.796452   0.0032506
        1859    0.746392    0.796425  0.00324896
        1860    0.746779    0.796399  0.00324733
        1861    0.747221    0.796372  0.00324569
        1862     0.74772    0.796346  0.00324405
        1863    0.748273     0.79632  0.00324241
        1864     0.74888    0.796295  0.00324077
        1865    0.749539     0.79627  0.00323913
        1866    0.750246    0.796245  0.00323749
        1867    0.751002    0.796221  0.00323585
        1868    0.751804    0.796197   0.0032342
        1869    0.752651    0.796174  0.00323255
        1870     0.75354    0.796151  0.00323091
        1871     0.75447    0.796129  0.00322926
        1872     0.75544    0.796107   0.0032276
        1873    0.756447    0.796086  0.00322595
        1874    0.757489    0.796065  0.00322429
        1875    0.758564    0.796045  0.00322264
        1876     0.75967    0.796026  0.00322098
        1877    0.760804    0.796007  0.00321932
        1878    0.761964    0.795989  0.00321765
        1879    0.763149    0.795972  0.00321599
        1880    0.764355    0.795955  0.00321432
        1881    0.765581    0.795939  0.00321265
        1882    0.766823    0.795923  0.00321098
        1883    0.768081    0.795908  0.00320931
        1884    0.769352    0.795894  0.00320764
        1885    0.770632    0.795881  0.00320597
        1886     0.77192    0.795868  0.00320429
        1887    0.773213    0.795856  0.00320262
        1888    0.774509    0.795845  0.00320094
        1889    0.775805    0.795834  0.00319926
        1890    0.777099    0.795824  0.00319759
        1891    0.778389    0.795815  0.00319591
        1892    0.779672    0.795807  0.00319423
        1893    0.780946    0.795799  0.00319255
        1894    0.782208    0.795792  0.00319087
        1895    0.783457    0.795785   0.0031892
        1896    0.784691    0.795779  0.00318752
        1897    0.785908    0.795774  0.00318584
        1898    0.787105    0.795769  0.00318417
        1899    0.788282    0.795765  0.00318249
        1900    0.789437    0.795762  0.00318082
        1901    0.790567    0.795759  0.00317915
        1902    0.791672    0.795757  0.00317748
        1903     0.79275    0.795756  0.00317581
        1904    0.793802    0.795755  0.00317414
        1905    0.794824    0.795754  0.00317248
        1906    0.795815    0.795754  0.00317081
        1907    0.796773    0.795755  0.00316915
        1908    0.797699    0.795756  0.00316749
        1909     0.79859    0.795757  0.00316583
        1910    0.799445    0.795759  0.00316417
        1911    0.800263    0.795762  0.00316252
        1912    0.801045    0.795764  0.00316086
        1913    0.801788    0.795767  0.00315921
        1914    0.802494    0.795771  0.00315756
        1915    0.803162    0.795775  0.00315592
        1916     0.80379    0.795779  0.00315427
        1917    0.804379    0.795783  0.00315263
        1918    0.804928    0.795788  0.00315099
        1919    0.805438    0.795793  0.00314935
        1920    0.805908    0.795799  0.00314772
        1921     0.80634    0.795804  0.00314608
        1922    0.806732     0.79581  0.00314445
        1923    0.807085    0.795816  0.00314282
        1924    0.807399    0.795822  0.00314119
        1925    0.807674    0.795828  0.00313957
        1926     0.80791    0.795834  0.00313794
        1927    0.808109     0.79584  0.00313632
        1928    0.808271    0.795847   0.0031347
        1929    0.808395    0.795853  0.00313308
        1930    0.808483     0.79586  0.00313147
        1931    0.808537    0.795866  0.00312985
        1932    0.808556    0.795873  0.00312824
        1933    0.808541     0.79588  0.00312663
        1934    0.808494    0.795886  0.00312502
        1935    0.808415    0.795893  0.00312341
        1936    0.808304    0.795899   0.0031218
        1937    0.808162    0.795905   0.0031202
        1938    0.807991    0.795912  0.00311859
        1939     0.80779    0.795918  0.00311699
        1940    0.807562    0.795924  0.00311539
        1941    0.807308     0.79593  0.00311379
        1942    0.807029    0.795935  0.00311219
        1943    0.806725    0.795941   0.0031106
        1944    0.806399    0.795946    0.003109
        1945    0.806051    0.795951  0.00310741
        1946    0.805683    0.795956  0.00310581
        1947    0.805295    0.795961  0.00310422
        1948    0.804889    0.795966  0.00310263
        1949    0.804466     0.79597  0.00310104
        1950    0.804026    0.795974  0.00309946
        1951    0.803571    0.795978  0.00309787
        1952    0.803102    0.795982  0.00309629
        1953    0.802621    0.795985   0.0030947
        1954    0.802127    0.795988  0.00309312
        1955    0.801623    0.795991  0.00309154
        1956     0.80111    0.795994  0.00308996
        1957    0.800589    0.795996  0.00308838
        1958    0.800059    0.795998   0.0030868
        1959    0.799524       0.796  0.00308523
        1960    0.798983    0.796002  0.00308366
        1961    0.798439    0.796003  0.00308208
        1962    0.797891    0.796004  0.00308051
        1963    0.797341    0.796004  0.00307894
        1964    0.796791    0.796005  0.00307738
        1965    0.796239    0.796005  0.00307581
        1966     0.79569    0.796005  0.00307425
        1967    0.795142    0.796004  0.00307268
        1968    0.794596    0.796004  0.00307112
        1969    0.794054    0.796003  0.00306956
        1970    0.793515    0.796001    0.003068
        1971     0.79298       0.796  0.00306645
        1972     0.79245    0.795998  0.00306489
        1973    0.791926    0.795996  0.00306334
        1974    0.791406    0.795994  0.00306179
        1975    0.790894    0.795991  0.00306024
        1976    0.790388    0.795988  0.00305869
        1977     0.78989    0.795985  0.00305715
        1978      0.7894    0.795982   0.0030556
        1979     0.78892    0.795978  0.00305406
        1980    0.788448    0.795974  0.00305252
        1981    0.787986     0.79597  0.00305098
        1982    0.787534    0.795966  0.00304945
        1983    0.787088    0.795962  0.00304791
        1984    0.786651    0.795957  0.00304638
        1985    0.786223    0.795952  0.00304485
        1986    0.785804    0.795947  0.00304332
        1987    0.785394    0.795942  0.00304179
        1988    0.784994    0.795936  0.00304027
        1989    0.784603    0.795931  0.00303875
        1990     0.78422    0.795925  0.00303722
        1991    0.783847    0.795919   0.0030357
        1992    0.783482    0.795912  0.00303419
        1993    0.783126    0.795906  0.00303267
        1994    0.782778    0.795899  0.00303116
        1995    0.782438    0.795893  0.00302965
        1996    0.782109    0.795886  0.00302814
        1997    0.781789    0.795879  0.00302663
        1998    0.781478    0.795871  0.00302512
        1999    0.781176    0.795864  0.00302362
        2000    0.780882    0.795857  0.00302211
