#     BLOCK:   ACTUAL_TE:    TE_AVE:      ERROR:
           1    -5.54024    -5.54024           0
           2    -5.53981    -5.54003 0.000152149
           3    -5.53938    -5.53981 0.000202645
           4    -5.53895     -5.5396 0.000240043
           5    -5.53852    -5.53938 0.000271276
           6     -5.5381    -5.53917 0.000298718
           7    -5.53767    -5.53895 0.000323505
           8    -5.53725    -5.53874 0.000346286
           9     -5.5365    -5.53849 0.000386967
          10    -5.53576    -5.53822 0.000434169
          11    -5.53405    -5.53784 0.000535343
          12    -5.53266    -5.53741 0.000641553
          13     -5.5316    -5.53696 0.000731438
          14    -5.52989    -5.53646 0.000835549
          15    -5.52786    -5.53588 0.000956375
          16     -5.5268    -5.53532   0.0010516
          17    -5.52445    -5.53468  0.00116785
          18    -5.52178    -5.53396  0.00130429
          19    -5.51911    -5.53318  0.00145096
          20    -5.51677    -5.53236  0.00159362
          21    -5.51345    -5.53146  0.00175365
          22    -5.51014    -5.53049  0.00192304
          23    -5.50716    -5.52947  0.00208996
          24    -5.50514    -5.52846  0.00223533
          25    -5.50345    -5.52746  0.00235922
          26    -5.50143    -5.52646  0.00247174
          27    -5.49878    -5.52543  0.00258412
          28    -5.49547    -5.52436  0.00270429
          29    -5.49282    -5.52328  0.00282128
          30    -5.49017    -5.52217   0.0029351
          31    -5.48688    -5.52103  0.00305325
          32    -5.48521    -5.51991  0.00315646
          33    -5.48418    -5.51883  0.00324123
          34    -5.48348    -5.51779  0.00330847
          35    -5.48117    -5.51675  0.00337537
          36    -5.48015    -5.51573  0.00343124
          37     -5.4785    -5.51472  0.00348295
          38    -5.47717    -5.51373  0.00352874
          39    -5.47584    -5.51276  0.00356952
          40     -5.4742     -5.5118  0.00360814
          41    -5.47321    -5.51086  0.00364084
          42    -5.47255    -5.50995  0.00366665
          43    -5.47059    -5.50903  0.00369382
          44    -5.46962    -5.50813  0.00371687
          45    -5.46833    -5.50725  0.00373803
          46    -5.46737    -5.50638  0.00375595
          47    -5.46642    -5.50553  0.00377105
          48    -5.46515    -5.50469  0.00378515
          49    -5.46357    -5.50385  0.00379979
          50    -5.46297    -5.50303  0.00381076
          51    -5.46205    -5.50223  0.00381983
          52    -5.46147    -5.50145  0.00382597
          53    -5.46057    -5.50068  0.00383073
          54    -5.45839    -5.49989    0.003839
          55    -5.45751    -5.49912  0.00384575
          56    -5.45633    -5.49836  0.00385226
          57     -5.4545    -5.49759  0.00386075
          58    -5.45399    -5.49684  0.00386668
          59    -5.45348     -5.4961  0.00387033
          60    -5.45299    -5.49538  0.00387194
          61    -5.45284    -5.49469  0.00387076
          62     -5.4527    -5.49401   0.0038671
          63    -5.45226    -5.49335  0.00386209
          64    -5.45183     -5.4927  0.00385585
          65    -5.45174    -5.49207  0.00384768
          66    -5.45134    -5.49145  0.00383856
          67    -5.45063    -5.49084  0.00382931
          68    -5.45027    -5.49024   0.0038192
          69    -5.44959    -5.48966  0.00380902
          70    -5.44862    -5.48907  0.00379945
          71    -5.44831    -5.48849  0.00378907
          72    -5.44737    -5.48792  0.00377925
          73    -5.44709    -5.48736  0.00376865
          74    -5.44684    -5.48682  0.00375731
          75    -5.44692    -5.48628  0.00374467
          76    -5.44703    -5.48577  0.00373085
          77    -5.44651    -5.48526  0.00371708
          78    -5.44665    -5.48476  0.00370223
          79    -5.44649    -5.48428  0.00368692
          80    -5.44668    -5.48381  0.00367068
          81    -5.44688    -5.48335  0.00365357
          82    -5.44678    -5.48291  0.00363614
          83    -5.44702    -5.48247  0.00361795
          84    -5.44695    -5.48205  0.00359951
          85    -5.44755    -5.48165  0.00357998
          86    -5.44752    -5.48125  0.00356027
          87    -5.44816    -5.48087   0.0035396
          88    -5.44849     -5.4805  0.00351845
          89    -5.44851    -5.48014  0.00349722
          90    -5.44888    -5.47979  0.00347558
          91    -5.44893    -5.47945  0.00345389
          92    -5.44835    -5.47912  0.00343286
          93    -5.44875    -5.47879  0.00341144
          94    -5.44917    -5.47847  0.00338967
          95     -5.4496    -5.47817  0.00336758
          96    -5.45005    -5.47788  0.00334522
          97    -5.44985    -5.47759  0.00332319
          98    -5.45032    -5.47731  0.00330091
          99    -5.45047    -5.47704  0.00327869
         100     -5.4503    -5.47677  0.00325678
         101    -5.45047    -5.47651  0.00323494
         102    -5.45096    -5.47626  0.00321291
         103    -5.45146    -5.47602  0.00319072
         104    -5.45165    -5.47579  0.00316864
         105    -5.45248    -5.47556  0.00314622
         106    -5.45267    -5.47535  0.00312395
         107    -5.45319    -5.47514  0.00310161
         108    -5.45305    -5.47494  0.00307963
         109     -5.4539    -5.47474  0.00305742
         110    -5.45441    -5.47456   0.0030352
         111    -5.45493    -5.47438  0.00301301
         112    -5.45544    -5.47421  0.00299085
         113     -5.4566    -5.47406  0.00296844
         114    -5.45678    -5.47391  0.00294627
         115    -5.45728    -5.47376  0.00292419
         116    -5.45778    -5.47362  0.00290223
         117    -5.45827    -5.47349  0.00288039
         118    -5.45843    -5.47336   0.0028588
         119    -5.45859    -5.47324  0.00283747
         120    -5.45873    -5.47312   0.0028164
         121    -5.45952    -5.47301  0.00279537
         122    -5.45997     -5.4729   0.0027745
         123    -5.46009     -5.4728  0.00275389
         124    -5.46053     -5.4727  0.00273346
         125    -5.46095     -5.4726  0.00271321
         126    -5.46136    -5.47251  0.00269314
         127    -5.46177    -5.47243  0.00267326
         128    -5.46216    -5.47235  0.00265358
         129    -5.46286    -5.47228  0.00263403
         130    -5.46323    -5.47221  0.00261469
         131    -5.46326    -5.47214  0.00259562
         132     -5.4636    -5.47207  0.00257676
         133    -5.46393    -5.47201  0.00255812
         134    -5.46457    -5.47196  0.00253963
         135    -5.46488     -5.4719  0.00252136
         136    -5.46517    -5.47185   0.0025033
         137    -5.46545    -5.47181  0.00248547
         138    -5.46539    -5.47176  0.00246789
         139    -5.46597    -5.47172  0.00245049
         140    -5.46589    -5.47168  0.00243334
         141    -5.46611    -5.47164   0.0024164
         142    -5.46568     -5.4716  0.00239975
         143    -5.46588    -5.47156   0.0023833
         144    -5.46639    -5.47152  0.00236702
         145    -5.46657    -5.47149  0.00235094
         146    -5.46673    -5.47145  0.00233506
         147    -5.46656    -5.47142  0.00231942
         148    -5.46638    -5.47139  0.00230399
         149    -5.46618    -5.47135   0.0022888
         150    -5.46597    -5.47132  0.00227382
         151     -5.4664    -5.47128  0.00225899
         152    -5.46649    -5.47125  0.00224435
         153    -5.46657    -5.47122  0.00222989
         154    -5.46665    -5.47119  0.00221561
         155      -5.468    -5.47117  0.00220141
         156    -5.46805    -5.47115  0.00218739
         157    -5.46809    -5.47113  0.00217354
         158    -5.46812    -5.47111  0.00215987
         159    -5.46814    -5.47109  0.00214637
         160    -5.46815    -5.47107  0.00213303
         161    -5.46816    -5.47106  0.00211986
         162    -5.46686    -5.47103  0.00210693
         163    -5.46684    -5.47101  0.00209416
         164     -5.4665    -5.47098  0.00208157
         165    -5.46615    -5.47095  0.00206916
         166    -5.46579    -5.47092  0.00205693
         167    -5.46575    -5.47089  0.00204485
         168    -5.46538    -5.47085  0.00203294
         169    -5.46532    -5.47082  0.00202117
         170    -5.46559    -5.47079  0.00200952
         171    -5.46552    -5.47076    0.001998
         172    -5.46578    -5.47073   0.0019866
         173    -5.46538     -5.4707  0.00197536
         174     -5.4653    -5.47067  0.00196425
         175    -5.46521    -5.47064  0.00195327
         176    -5.46513    -5.47061  0.00194242
         177    -5.46504    -5.47057   0.0019317
         178    -5.46462    -5.47054  0.00192114
         179    -5.46452    -5.47051   0.0019107
         180    -5.46443    -5.47047  0.00190038
         181    -5.46432    -5.47044  0.00189019
         182    -5.46422    -5.47041  0.00188011
         183    -5.46444    -5.47037  0.00187012
         184    -5.46434    -5.47034  0.00186024
         185    -5.46423    -5.47031  0.00185048
         186    -5.46445    -5.47028   0.0018408
         187    -5.46467    -5.47025   0.0018312
         188    -5.46456    -5.47022  0.00182171
         189    -5.46445    -5.47018  0.00181233
         190    -5.46434    -5.47015  0.00180305
         191    -5.46423    -5.47012  0.00179388
         192    -5.46413    -5.47009  0.00178481
         193    -5.46337    -5.47006   0.0017759
         194    -5.46327    -5.47002  0.00176709
         195    -5.46349    -5.46999  0.00175834
         196    -5.46339    -5.46995   0.0017497
         197    -5.46296    -5.46992  0.00174117
         198    -5.46286    -5.46988  0.00173274
         199    -5.46244    -5.46985  0.00172444
         200    -5.46235    -5.46981  0.00171623
         201    -5.46225    -5.46977   0.0017081
         202    -5.46184    -5.46973  0.00170009
         203    -5.46143    -5.46969  0.00169221
         204    -5.46102    -5.46965  0.00168445
         205    -5.46093    -5.46961  0.00167677
         206    -5.46085    -5.46956  0.00166917
         207    -5.46142    -5.46952  0.00166157
         208    -5.46135    -5.46948  0.00165405
         209     -5.4616    -5.46945  0.00164656
         210    -5.46153    -5.46941  0.00163915
         211    -5.46211    -5.46937  0.00163175
         212    -5.46172    -5.46934  0.00162445
         213    -5.46198     -5.4693  0.00161719
         214    -5.46193    -5.46927     0.00161
         215    -5.46252    -5.46924  0.00160282
         216    -5.46247    -5.46921  0.00159571
         217    -5.46209    -5.46917  0.00158869
         218    -5.46237    -5.46914  0.00158171
         219    -5.46233    -5.46911  0.00157479
         220    -5.46294    -5.46908  0.00156788
         221    -5.46193    -5.46905  0.00156112
         222    -5.46222    -5.46902  0.00155439
         223    -5.46187    -5.46899  0.00154775
         224    -5.46184    -5.46896  0.00154117
         225    -5.46214    -5.46893  0.00153462
         226    -5.46211     -5.4689  0.00152813
         227    -5.46209    -5.46887  0.00152169
         228     -5.4624    -5.46884  0.00151528
         229    -5.46239    -5.46881  0.00150893
         230    -5.46205    -5.46878  0.00150265
         231    -5.46236    -5.46875   0.0014964
         232    -5.46268    -5.46873  0.00149018
         233    -5.46235     -5.4687  0.00148404
         234    -5.46235    -5.46867  0.00147794
         235    -5.46235    -5.46864   0.0014719
         236    -5.46267    -5.46862  0.00146588
         237    -5.46267    -5.46859  0.00145991
         238    -5.46268    -5.46857  0.00145399
         239    -5.46333    -5.46855  0.00144807
         240    -5.46399    -5.46853  0.00144216
         241    -5.46432    -5.46851  0.00143628
         242    -5.46401    -5.46849  0.00143047
         243    -5.46435    -5.46848  0.00142468
         244    -5.46469    -5.46846  0.00141893
         245     -5.4647    -5.46844  0.00141322
         246    -5.46472    -5.46843  0.00140756
         247    -5.46474    -5.46841  0.00140194
         248    -5.46508     -5.4684  0.00139635
         249    -5.46543    -5.46839  0.00139079
         250    -5.46545    -5.46838  0.00138528
         251    -5.46516    -5.46836  0.00137982
         252    -5.46486    -5.46835  0.00137441
         253    -5.46521    -5.46834  0.00136904
         254    -5.46556    -5.46833  0.00136369
         255    -5.46624    -5.46832  0.00135837
         256    -5.46627    -5.46831  0.00135308
         257    -5.46694    -5.46831  0.00134783
         258    -5.46698     -5.4683  0.00134262
         259    -5.46636    -5.46829  0.00133745
         260    -5.46639    -5.46829  0.00133233
         261     -5.4661    -5.46828  0.00132725
         262    -5.46614    -5.46827  0.00132221
         263    -5.46682    -5.46826  0.00131719
         264    -5.46718    -5.46826  0.00131221
         265    -5.46755    -5.46826  0.00130726
         266    -5.46758    -5.46825  0.00130235
         267    -5.46762    -5.46825  0.00129747
         268    -5.46766    -5.46825  0.00129263
         269    -5.46737    -5.46825  0.00128783
         270    -5.46708    -5.46824  0.00128307
         271    -5.46777    -5.46824  0.00127834
         272    -5.46781    -5.46824  0.00127364
         273    -5.46752    -5.46824  0.00126898
         274    -5.46723    -5.46823  0.00126435
         275     -5.4676    -5.46823  0.00125975
         276    -5.46796    -5.46823  0.00125519
         277      -5.468    -5.46823  0.00125066
         278    -5.46868    -5.46823  0.00124616
         279    -5.46904    -5.46823   0.0012417
         280    -5.46908    -5.46824  0.00123727
         281    -5.46911    -5.46824  0.00123287
         282     -5.4685    -5.46824   0.0012285
         283    -5.46854    -5.46824  0.00122416
         284    -5.46824    -5.46824  0.00121985
         285    -5.46828    -5.46824  0.00121557
         286    -5.46863    -5.46824  0.00121132
         287    -5.46898    -5.46825   0.0012071
         288    -5.46901    -5.46825  0.00120291
         289    -5.46969    -5.46825  0.00119876
         290    -5.47037    -5.46826  0.00119465
         291    -5.47072    -5.46827  0.00119057
         292    -5.47106    -5.46828  0.00118653
         293    -5.47011    -5.46828   0.0011825
         294    -5.47014    -5.46829  0.00117849
         295    -5.46983     -5.4683  0.00117451
         296    -5.46953     -5.4683  0.00117055
         297    -5.46987    -5.46831  0.00116662
         298    -5.46924    -5.46831  0.00116271
         299    -5.46925    -5.46831  0.00115883
         300    -5.46894    -5.46831  0.00115496
         301    -5.46895    -5.46832  0.00115113
         302    -5.46864    -5.46832  0.00114732
         303    -5.46864    -5.46832  0.00114353
         304    -5.46833    -5.46832  0.00113977
         305    -5.46833    -5.46832  0.00113603
         306    -5.46801    -5.46832  0.00113232
         307    -5.46833    -5.46832  0.00112863
         308    -5.46736    -5.46831  0.00112497
         309    -5.46736    -5.46831  0.00112134
         310    -5.46768    -5.46831  0.00111772
         311    -5.46767    -5.46831  0.00111413
         312    -5.46734     -5.4683  0.00111056
         313    -5.46734     -5.4683  0.00110702
         314    -5.46765     -5.4683  0.00110349
         315    -5.46731     -5.4683      0.0011
         316     -5.4673    -5.46829  0.00109652
         317    -5.46664    -5.46829  0.00109307
         318    -5.46662    -5.46828  0.00108965
         319    -5.46628    -5.46828  0.00108625
         320    -5.46626    -5.46827  0.00108287
         321    -5.46591    -5.46826  0.00107953
         322    -5.46621    -5.46826  0.00107619
         323    -5.46684    -5.46825  0.00107287
         324    -5.46649    -5.46825  0.00106957
         325    -5.46646    -5.46824  0.00106629
         326    -5.46676    -5.46824  0.00106303
         327    -5.46705    -5.46823  0.00105979
         328    -5.46669    -5.46823  0.00105657
         329    -5.46731    -5.46822  0.00105336
         330    -5.46695    -5.46822  0.00105018
         331    -5.46659    -5.46822  0.00104701
         332    -5.46655    -5.46821  0.00104387
         333    -5.46651    -5.46821  0.00104075
         334    -5.46615     -5.4682  0.00103765
         335    -5.46579    -5.46819  0.00103458
         336    -5.46477    -5.46818  0.00103155
         337    -5.46538    -5.46817  0.00102852
         338    -5.46501    -5.46816  0.00102552
         339    -5.46432    -5.46815  0.00102256
         340    -5.46427    -5.46814  0.00101962
         341    -5.46422    -5.46813  0.00101669
         342     -5.4632    -5.46812  0.00101382
         343    -5.46316     -5.4681  0.00101097
         344    -5.46311    -5.46809  0.00100813
         345    -5.46306    -5.46807  0.00100532
         346    -5.46268    -5.46806  0.00100253
         347    -5.46295    -5.46804 0.000999751
         348    -5.46225    -5.46803 0.000997017
         349     -5.4622    -5.46801   0.0009943
         350    -5.46182    -5.46799 0.000991616
         351    -5.46145    -5.46797 0.000988966
         352    -5.46139    -5.46795 0.000986333
         353    -5.46166    -5.46794   0.0009837
         354    -5.46161    -5.46792 0.000981084
         355    -5.46155     -5.4679 0.000978484
         356    -5.46214    -5.46788  0.00097587
         357    -5.46209    -5.46787 0.000973271
         358      -5.463    -5.46785 0.000970648
         359    -5.46327    -5.46784 0.000968028
         360    -5.46354    -5.46783 0.000965413
         361    -5.46284    -5.46782 0.000962837
         362    -5.46278     -5.4678 0.000960278
         363    -5.46337    -5.46779  0.00095771
         364    -5.46299    -5.46778  0.00095517
         365    -5.46294    -5.46776 0.000952645
         366    -5.46288    -5.46775 0.000950135
         367    -5.46283    -5.46774 0.000947641
         368     -5.4631    -5.46772 0.000945149
         369    -5.46305    -5.46771 0.000942673
         370    -5.46267     -5.4677 0.000940223
         371     -5.4623    -5.46768 0.000937802
         372    -5.46192    -5.46767 0.000935409
         373    -5.46219    -5.46765 0.000933016
         374    -5.46215    -5.46764 0.000930637
         375    -5.46145    -5.46762 0.000928302
         376    -5.46205    -5.46761 0.000925952
         377      -5.462    -5.46759 0.000923615
         378    -5.46163    -5.46758 0.000921306
         379    -5.46158    -5.46756 0.000919011
         380    -5.46089    -5.46754  0.00091676
         381    -5.46149    -5.46753 0.000914491
         382    -5.46112    -5.46751 0.000912251
         383    -5.46011    -5.46749 0.000910074
         384    -5.46007    -5.46747 0.000907909
         385    -5.46035    -5.46745  0.00090574
         386    -5.45998    -5.46743   0.0009036
         387    -5.45994    -5.46741 0.000901472
         388     -5.4599    -5.46739 0.000899357
         389    -5.45954    -5.46737 0.000897272
         390     -5.4595    -5.46735 0.000895199
         391    -5.45978    -5.46733 0.000893119
         392    -5.45909    -5.46731 0.000891088
         393    -5.45906    -5.46729 0.000889068
         394    -5.45902    -5.46727 0.000887059
         395    -5.45833    -5.46725 0.000885102
         396    -5.45798    -5.46723 0.000883177
         397    -5.45826     -5.4672 0.000881241
         398    -5.45855    -5.46718 0.000879294
         399     -5.4582    -5.46716 0.000877379
         400    -5.45816    -5.46714 0.000875473
         401    -5.45846    -5.46711 0.000873558
         402    -5.45842    -5.46709 0.000871652
         403    -5.45872    -5.46707 0.000869737
         404    -5.45869    -5.46705 0.000867832
         405    -5.45866    -5.46703 0.000865937
         406    -5.45895    -5.46701 0.000864033
         407    -5.45892    -5.46699 0.000862138
         408    -5.45857    -5.46697 0.000860273
         409    -5.45919    -5.46695  0.00085838
         410    -5.45981    -5.46693 0.000856463
         411    -5.45978    -5.46692 0.000854556
         412    -5.46073     -5.4669 0.000852614
         413     -5.4607    -5.46689 0.000850681
         414    -5.46035    -5.46687 0.000848773
         415    -5.46098    -5.46686 0.000846847
         416     -5.4603    -5.46684 0.000844957
         417    -5.45899    -5.46682 0.000843141
         418    -5.45864     -5.4668 0.000841351
         419    -5.45894    -5.46678 0.000839552
         420    -5.45989    -5.46677 0.000837714
         421    -5.45954    -5.46675   0.0008359
         422    -5.46017    -5.46673 0.000834064
         423    -5.46047    -5.46672 0.000832224
         424    -5.46078    -5.46671 0.000830379
         425    -5.46076    -5.46669 0.000828543
         426    -5.46074    -5.46668 0.000826716
         427    -5.46007    -5.46666 0.000824925
         428    -5.46038    -5.46665 0.000823128
         429    -5.46037    -5.46663 0.000821339
         430    -5.45971    -5.46662 0.000819587
         431    -5.46002     -5.4666 0.000817829
         432       -5.46    -5.46659 0.000816078
         433    -5.46064    -5.46657 0.000814309
         434    -5.46062    -5.46656 0.000812548
         435    -5.46061    -5.46655 0.000810795
         436    -5.46093    -5.46653 0.000809038
         437    -5.46092    -5.46652 0.000807289
         438    -5.46123    -5.46651 0.000805536
         439    -5.46155     -5.4665  0.00080378
         440    -5.46122    -5.46648 0.000802043
         441    -5.46154    -5.46647 0.000800303
         442    -5.46153    -5.46646  0.00079857
         443    -5.46186    -5.46645 0.000796835
         444    -5.46185    -5.46644 0.000795108
         445    -5.46153    -5.46643 0.000793398
         446    -5.46088    -5.46642 0.000791716
         447    -5.46089    -5.46641 0.000790042
         448    -5.46121    -5.46639 0.000788363
         449    -5.46089    -5.46638 0.000786702
         450     -5.4609    -5.46637 0.000785048
         451    -5.46123    -5.46636  0.00078339
         452    -5.46156    -5.46635 0.000781729
         453     -5.4619    -5.46634 0.000780065
         454    -5.46191    -5.46633 0.000778408
         455    -5.46225    -5.46632 0.000776749
         456    -5.46194    -5.46631 0.000775105
         457    -5.46228     -5.4663 0.000773459
         458    -5.46229    -5.46629  0.00077182
         459    -5.46167    -5.46628 0.000770204
         460    -5.46201    -5.46627 0.000768585
         461    -5.46171    -5.46626 0.000766982
         462    -5.46173    -5.46625 0.000765384
         463    -5.46175    -5.46624 0.000763793
         464    -5.46178    -5.46623 0.000762207
         465    -5.46116    -5.46622 0.000760646
         466    -5.46151    -5.46621 0.000759081
         467    -5.46219     -5.4662 0.000757505
         468    -5.46254     -5.4662 0.000755926
         469    -5.46258    -5.46619 0.000754354
         470    -5.46293    -5.46618 0.000752781
         471    -5.46394    -5.46618 0.000751198
         472    -5.46397    -5.46617 0.000749621
         473    -5.46401    -5.46617  0.00074805
         474    -5.46372    -5.46616 0.000746489
         475    -5.46376    -5.46616 0.000744935
         476     -5.4638    -5.46615 0.000743386
         477     -5.4632    -5.46615 0.000741854
         478    -5.46291    -5.46614 0.000740332
         479    -5.46263    -5.46613 0.000738823
         480    -5.46268    -5.46612 0.000737319
         481    -5.46304    -5.46612 0.000735814
         482    -5.46374    -5.46611 0.000734304
         483    -5.46346    -5.46611 0.000732804
         484    -5.46286     -5.4661 0.000731321
         485    -5.46258    -5.46609 0.000729849
         486    -5.46198    -5.46608 0.000728396
         487    -5.46267    -5.46608 0.000726934
         488    -5.46304    -5.46607 0.000725471
         489    -5.46309    -5.46607 0.000724013
         490    -5.46347    -5.46606 0.000722555
         491    -5.46287    -5.46605 0.000721113
         492    -5.46259    -5.46605 0.000719682
         493    -5.46394    -5.46604 0.000718234
         494    -5.46399    -5.46604 0.000716793
         495    -5.46372    -5.46603  0.00071536
         496    -5.46377    -5.46603 0.000713932
         497    -5.46382    -5.46602  0.00071251
         498    -5.46387    -5.46602 0.000711092
         499    -5.46393    -5.46602 0.000709679
         500    -5.46398    -5.46601 0.000708272
         501    -5.46371    -5.46601 0.000706873
         502    -5.46376      -5.466 0.000705479
         503    -5.46414      -5.466 0.000704086
         504    -5.46451      -5.466 0.000702695
         505    -5.46489    -5.46599 0.000701307
         506    -5.46527    -5.46599 0.000699923
         507    -5.46565    -5.46599 0.000698543
         508    -5.46538    -5.46599 0.000697168
         509    -5.46511    -5.46599 0.000695801
         510    -5.46516    -5.46599 0.000694439
         511    -5.46425    -5.46598 0.000693088
         512    -5.46495    -5.46598 0.000691737
         513    -5.46501    -5.46598 0.000690391
         514    -5.46571    -5.46598 0.000689048
         515    -5.46544    -5.46598 0.000687711
         516     -5.4655    -5.46598 0.000686379
         517    -5.46491    -5.46598 0.000685055
         518    -5.46496    -5.46597 0.000683735
         519    -5.46469    -5.46597 0.000682422
         520    -5.46507    -5.46597 0.000681112
         521    -5.46513    -5.46597 0.000679806
         522    -5.46518    -5.46597 0.000678506
         523    -5.46491    -5.46596 0.000677211
         524    -5.46464    -5.46596 0.000675924
         525    -5.46469    -5.46596 0.000674641
         526    -5.46442    -5.46596 0.000673364
         527    -5.46447    -5.46595 0.000672092
         528    -5.46485    -5.46595 0.000670823
         529     -5.4649    -5.46595 0.000669558
         530    -5.46462    -5.46595 0.000668299
         531    -5.46402    -5.46594  0.00066705
         532    -5.46374    -5.46594 0.000665809
         533    -5.46379    -5.46594 0.000664572
         534    -5.46448    -5.46593 0.000663333
         535    -5.46452    -5.46593 0.000662099
         536    -5.46424    -5.46593 0.000660871
         537     -5.4646    -5.46592 0.000659645
         538    -5.46432    -5.46592 0.000658426
         539    -5.46467    -5.46592 0.000657208
         540    -5.46471    -5.46592 0.000655995
         541    -5.46441    -5.46591 0.000654788
         542    -5.46412    -5.46591 0.000653588
         543    -5.46415    -5.46591 0.000652393
         544    -5.46547    -5.46591 0.000651194
         545    -5.46452     -5.4659 0.000650004
         546    -5.46422     -5.4659 0.000648821
         547    -5.46456     -5.4659  0.00064764
         548    -5.46489     -5.4659  0.00064646
         549    -5.46458    -5.46589 0.000645287
         550    -5.46459    -5.46589 0.000644118
         551     -5.4646    -5.46589 0.000642954
         552    -5.46492    -5.46589 0.000641791
         553    -5.46557    -5.46589 0.000640631
         554    -5.46524    -5.46589 0.000639476
         555    -5.46589    -5.46589 0.000638324
         556    -5.46556    -5.46589 0.000637176
         557    -5.46555    -5.46588 0.000636032
         558     -5.4665    -5.46589 0.000634893
         559    -5.46617    -5.46589 0.000633758
         560    -5.46615    -5.46589 0.000632626
         561    -5.46548    -5.46589 0.000631499
         562     -5.4661    -5.46589 0.000630375
         563    -5.46608    -5.46589 0.000629256
         564    -5.46605    -5.46589  0.00062814
         565    -5.46602    -5.46589 0.000627028
         566    -5.46599    -5.46589 0.000625921
         567    -5.46692    -5.46589 0.000624819
         568    -5.46657    -5.46589  0.00062372
         569    -5.46685    -5.46589 0.000622627
         570    -5.46616    -5.46589 0.000621534
         571     -5.4658    -5.46589 0.000620446
         572    -5.46511    -5.46589 0.000619363
         573    -5.46507    -5.46589 0.000618283
         574     -5.4647    -5.46589  0.00061721
         575    -5.46465    -5.46589  0.00061614
         576    -5.46428    -5.46588 0.000615077
         577    -5.46456    -5.46588 0.000614015
         578    -5.46452    -5.46588 0.000612957
         579    -5.46447    -5.46588 0.000611903
         580     -5.4641    -5.46587 0.000610856
         581    -5.46437    -5.46587  0.00060981
         582    -5.46432    -5.46587 0.000608768
         583    -5.46525    -5.46587 0.000607725
         584    -5.46553    -5.46587 0.000606685
         585    -5.46548    -5.46587 0.000605648
         586    -5.46544    -5.46586 0.000604615
         587    -5.46507    -5.46586 0.000603586
         588    -5.46502    -5.46586 0.000602561
         589    -5.46433    -5.46586 0.000601544
         590    -5.46429    -5.46586  0.00060053
         591    -5.46392    -5.46585 0.000599523
         592    -5.46291    -5.46585 0.000598531
         593    -5.46319    -5.46584 0.000597538
         594    -5.46283    -5.46584 0.000596554
         595     -5.4628    -5.46583 0.000595573
         596    -5.46244    -5.46583 0.000594601
         597    -5.46241    -5.46582 0.000593633
         598     -5.4627    -5.46582 0.000592663
         599    -5.46332    -5.46581 0.000591688
         600    -5.46329    -5.46581 0.000590717
         601    -5.46391    -5.46581 0.000589743
         602    -5.46388     -5.4658 0.000588772
         603    -5.46257     -5.4658  0.00058782
         604    -5.46222    -5.46579 0.000586876
         605    -5.46155    -5.46578 0.000585948
         606    -5.46186    -5.46578 0.000585017
         607    -5.46249    -5.46577 0.000584078
         608    -5.46313    -5.46577 0.000583134
         609    -5.46279    -5.46576 0.000582197
         610     -5.4631    -5.46576 0.000581259
         611    -5.46276    -5.46575 0.000580328
         612    -5.46243    -5.46575 0.000579405
         613    -5.46242    -5.46574 0.000578485
         614    -5.46274    -5.46574 0.000577564
         615    -5.46274    -5.46573 0.000576645
         616    -5.46306    -5.46573 0.000575726
         617    -5.46306    -5.46572 0.000574809
         618    -5.46241    -5.46572 0.000573904
         619    -5.46241    -5.46571 0.000573001
         620    -5.46209    -5.46571 0.000572107
         621    -5.46242     -5.4657  0.00057121
         622    -5.46242     -5.4657 0.000570316
         623    -5.46243    -5.46569 0.000569425
         624    -5.46308    -5.46569 0.000568528
         625    -5.46341    -5.46568  0.00056763
         626    -5.46342    -5.46568 0.000566735
         627    -5.46376    -5.46568 0.000565839
         628    -5.46312    -5.46567 0.000564953
         629    -5.46313    -5.46567 0.000564069
         630    -5.46314    -5.46567 0.000563188
         631    -5.46316    -5.46566 0.000562309
         632    -5.46382    -5.46566 0.000561427
         633    -5.46416    -5.46566 0.000560545
         634     -5.4645    -5.46565 0.000559664
         635    -5.46451    -5.46565 0.000558786
         636    -5.46453    -5.46565  0.00055791
         637    -5.46455    -5.46565 0.000557037
         638    -5.46424    -5.46565 0.000556168
         639    -5.46426    -5.46564 0.000555302
         640     -5.4646    -5.46564 0.000554436
         641    -5.46429    -5.46564 0.000553576
         642    -5.46431    -5.46564 0.000552717
         643    -5.46401    -5.46564 0.000551863
         644    -5.46435    -5.46563  0.00055101
         645    -5.46469    -5.46563 0.000550158
         646    -5.46471    -5.46563 0.000549308
         647    -5.46538    -5.46563 0.000548459
         648    -5.46507    -5.46563 0.000547613
         649    -5.46476    -5.46563 0.000546771
         650    -5.46478    -5.46563 0.000545932
         651    -5.46447    -5.46563 0.000545096
         652    -5.46417    -5.46562 0.000544264
         653    -5.46483    -5.46562 0.000543432
         654    -5.46517    -5.46562 0.000542602
         655    -5.46551    -5.46562 0.000541773
         656    -5.46552    -5.46562 0.000540948
         657    -5.46521    -5.46562 0.000540125
         658     -5.4649    -5.46562 0.000539305
         659    -5.46621    -5.46562 0.000538487
         660     -5.4659    -5.46562 0.000537671
         661    -5.46558    -5.46562 0.000536858
         662    -5.46526    -5.46562 0.000536047
         663    -5.46527    -5.46562 0.000535239
         664    -5.46495    -5.46562 0.000534434
         665     -5.4656    -5.46562  0.00053363
         666     -5.4656    -5.46562 0.000532829
         667    -5.46593    -5.46562  0.00053203
         668    -5.46561    -5.46562 0.000531234
         669    -5.46593    -5.46562  0.00053044
         670    -5.46592    -5.46562 0.000529649
         671    -5.46592    -5.46562 0.000528859
         672    -5.46559    -5.46562 0.000528072
         673     -5.4659    -5.46562 0.000527288
         674    -5.46589    -5.46562 0.000526506
         675     -5.4662    -5.46562 0.000525726
         676    -5.46651    -5.46562  0.00052495
         677    -5.46779    -5.46563 0.000524185
         678    -5.46713    -5.46563 0.000523416
         679    -5.46744    -5.46563 0.000522652
         680    -5.46741    -5.46563  0.00052189
         681    -5.46804    -5.46564 0.000521136
         682    -5.46769    -5.46564  0.00052038
         683    -5.46702    -5.46564 0.000519622
         684      -5.467    -5.46564 0.000518867
         685    -5.46697    -5.46565 0.000518113
         686    -5.46759    -5.46565 0.000517365
         687    -5.46756    -5.46565 0.000516619
         688    -5.46785    -5.46566 0.000515878
         689    -5.46749    -5.46566 0.000515137
         690    -5.46714    -5.46566 0.000514395
         691    -5.46613    -5.46566 0.000513651
         692    -5.46642    -5.46566 0.000512909
         693    -5.46574    -5.46566 0.000512169
         694    -5.46538    -5.46566 0.000511432
         695    -5.46502    -5.46566 0.000510696
         696    -5.46498    -5.46566 0.000509964
         697    -5.46462    -5.46566 0.000509234
         698     -5.4649    -5.46566 0.000508506
         699    -5.46486    -5.46566  0.00050778
         700    -5.46482    -5.46565 0.000507056
         701    -5.46478    -5.46565 0.000506334
         702    -5.46474    -5.46565 0.000505614
         703    -5.46502    -5.46565 0.000504896
         704    -5.46433    -5.46565 0.000504182
         705    -5.46429    -5.46565 0.000503471
         706    -5.46392    -5.46564 0.000502763
         707     -5.4642    -5.46564 0.000502056
         708    -5.46416    -5.46564 0.000501352
         709     -5.4638    -5.46564 0.000500651
         710    -5.46343    -5.46563 0.000499956
         711    -5.46371    -5.46563  0.00049926
         712    -5.46399    -5.46563 0.000498564
         713    -5.46395    -5.46563  0.00049787
         714    -5.46391    -5.46563 0.000497179
         715    -5.46387    -5.46562  0.00049649
         716    -5.46351    -5.46562 0.000495805
         717    -5.46347    -5.46562 0.000495123
         718    -5.46343    -5.46561 0.000494442
         719    -5.46339    -5.46561 0.000493764
         720    -5.46335    -5.46561 0.000493089
         721    -5.46396    -5.46561  0.00049241
         722     -5.4636     -5.4656 0.000491736
         723    -5.46389     -5.4656 0.000491061
         724    -5.46353     -5.4656 0.000490391
         725    -5.46317    -5.46559 0.000489727
         726    -5.46216    -5.46559 0.000489075
         727    -5.46245    -5.46558 0.000488421
         728     -5.4621    -5.46558 0.000487774
         729    -5.46206    -5.46558 0.000487128
         730    -5.46203    -5.46557 0.000486485
         731      -5.462    -5.46557 0.000485844
         732    -5.46197    -5.46556 0.000485205
         733    -5.46129    -5.46555 0.000484578
         734    -5.46094    -5.46555 0.000483959
         735    -5.46059    -5.46554 0.000483347
         736    -5.46121    -5.46554 0.000482726
         737    -5.46119    -5.46553 0.000482108
         738    -5.46084    -5.46552 0.000481496
         739    -5.46017    -5.46552 0.000480899
         740    -5.45982    -5.46551 0.000480311
         741    -5.46012     -5.4655 0.000479718
         742     -5.4601    -5.46549 0.000479126
         743    -5.46008    -5.46549 0.000478537
         744    -5.46039    -5.46548 0.000477943
         745    -5.46069    -5.46547 0.000477344
         746    -5.46068    -5.46547 0.000476748
         747    -5.46066    -5.46546 0.000476153
         748    -5.46098    -5.46545 0.000475554
         749    -5.46129    -5.46545 0.000474952
         750    -5.46095    -5.46544 0.000474356
         751    -5.46257    -5.46544  0.00047374
         752    -5.46224    -5.46544 0.000473129
         753    -5.46288    -5.46543 0.000472513
         754    -5.46288    -5.46543 0.000471898
         755     -5.4632    -5.46543 0.000471283
         756     -5.4632    -5.46542 0.000470668
         757     -5.4632    -5.46542 0.000470056
         758    -5.46256    -5.46542 0.000469451
         759    -5.46289    -5.46541 0.000468844
         760     -5.4629    -5.46541 0.000468239
         761    -5.46259    -5.46541 0.000467638
         762    -5.46292     -5.4654 0.000467036
         763    -5.46294     -5.4654 0.000466435
         764    -5.46263     -5.4654 0.000465838
         765    -5.46265    -5.46539 0.000465243
         766    -5.46266    -5.46539  0.00046465
         767    -5.46269    -5.46538 0.000464057
         768    -5.46239    -5.46538 0.000463469
         769    -5.46273    -5.46538 0.000462879
         770    -5.46309    -5.46537 0.000462288
         771    -5.46311    -5.46537 0.000461698
         772    -5.46347    -5.46537 0.000461106
         773    -5.46318    -5.46537 0.000460518
         774    -5.46289    -5.46536 0.000459934
         775    -5.46325    -5.46536 0.000459349
         776    -5.46328    -5.46536 0.000458765
         777    -5.46332    -5.46535 0.000458182
         778    -5.46304    -5.46535 0.000457603
         779     -5.4634    -5.46535 0.000457022
         780    -5.46344    -5.46535 0.000456443
         781    -5.46284    -5.46534  0.00045587
         782    -5.46288    -5.46534 0.000455298
         783    -5.46292    -5.46534 0.000454727
         784    -5.46264    -5.46533  0.00045416
         785    -5.46237    -5.46533 0.000453597
         786    -5.46241    -5.46533 0.000453035
         787    -5.46246    -5.46532 0.000452474
         788    -5.46283    -5.46532 0.000451911
         789    -5.46514    -5.46532 0.000451338
         790    -5.46519    -5.46532 0.000450767
         791    -5.46523    -5.46532 0.000450197
         792     -5.4656    -5.46532 0.000449629
         793    -5.46629    -5.46532 0.000449063
         794    -5.46731    -5.46532 0.000448505
         795    -5.46735    -5.46533 0.000447948
         796    -5.46707    -5.46533  0.00044739
         797    -5.46679    -5.46533 0.000446833
         798    -5.46683    -5.46533 0.000446277
         799    -5.46687    -5.46533 0.000445723
         800    -5.46691    -5.46534  0.00044517
         801    -5.46663    -5.46534 0.000444617
         802    -5.46699    -5.46534 0.000444067
         803    -5.46606    -5.46534 0.000443515
         804    -5.46577    -5.46534 0.000442964
         805     -5.4658    -5.46534 0.000442414
         806    -5.46583    -5.46534 0.000441865
         807    -5.46554    -5.46534 0.000441318
         808    -5.46655    -5.46534 0.000440774
         809    -5.46593    -5.46534  0.00044023
         810    -5.46564    -5.46534 0.000439687
         811    -5.46599    -5.46535 0.000439145
         812    -5.46602    -5.46535 0.000438605
         813    -5.46572    -5.46535 0.000438066
         814    -5.46575    -5.46535 0.000437528
         815    -5.46577    -5.46535 0.000436992
         816     -5.4658    -5.46535 0.000436456
         817    -5.46517    -5.46535 0.000435922
         818     -5.4652    -5.46535 0.000435389
         819    -5.46587    -5.46535 0.000434858
         820    -5.46621    -5.46535 0.000434329
         821    -5.46656    -5.46535 0.000433803
         822    -5.46625    -5.46535 0.000433276
         823    -5.46627    -5.46535 0.000432751
         824    -5.46629    -5.46535 0.000432228
         825    -5.46631    -5.46536 0.000431705
         826    -5.46665    -5.46536 0.000431186
         827    -5.46667    -5.46536 0.000430667
         828    -5.46669    -5.46536  0.00043015
         829    -5.46671    -5.46536 0.000429634
         830    -5.46672    -5.46536  0.00042912
         831    -5.46641    -5.46536 0.000428605
         832    -5.46643    -5.46537 0.000428092
         833    -5.46677    -5.46537 0.000427581
         834    -5.46613    -5.46537  0.00042707
         835    -5.46647    -5.46537  0.00042656
         836    -5.46681    -5.46537 0.000426053
         837    -5.46682    -5.46537 0.000425548
         838     -5.4665    -5.46537 0.000425042
         839    -5.46684    -5.46538 0.000424539
         840     -5.4662    -5.46538 0.000424035
         841    -5.46588    -5.46538 0.000423531
         842    -5.46589    -5.46538 0.000423028
         843    -5.46589    -5.46538 0.000422527
         844    -5.46622    -5.46538 0.000422028
         845    -5.46655    -5.46538  0.00042153
         846    -5.46719    -5.46538 0.000421038
         847     -5.4672    -5.46539 0.000420546
         848    -5.46687    -5.46539 0.000420054
         849    -5.46655    -5.46539 0.000419561
         850    -5.46687    -5.46539 0.000419071
         851    -5.46686    -5.46539 0.000418582
         852    -5.46686    -5.46539 0.000418094
         853    -5.46652     -5.4654 0.000417606
         854    -5.46522     -5.4654 0.000417117
         855    -5.46489    -5.46539  0.00041663
         856    -5.46585     -5.4654 0.000416144
         857    -5.46616     -5.4654 0.000415659
         858    -5.46582     -5.4654 0.000415175
         859    -5.46612     -5.4654 0.000414692
         860    -5.46546     -5.4654  0.00041421
         861    -5.46544     -5.4654 0.000413729
         862    -5.46509     -5.4654 0.000413249
         863    -5.46442     -5.4654 0.000412772
         864    -5.46439     -5.4654 0.000412296
         865    -5.46404    -5.46539 0.000411822
         866    -5.46433    -5.46539 0.000411349
         867     -5.4643    -5.46539 0.000410876
         868    -5.46426    -5.46539 0.000410405
         869     -5.4639    -5.46539 0.000409936
         870    -5.46354    -5.46539  0.00040947
         871     -5.4635    -5.46538 0.000409006
         872    -5.46313    -5.46538 0.000408545
         873    -5.46374    -5.46538 0.000408081
         874    -5.46434    -5.46538 0.000407616
         875    -5.46462    -5.46538 0.000407151
         876    -5.46489    -5.46538 0.000406687
         877    -5.46517    -5.46538 0.000406223
         878    -5.46447    -5.46538 0.000405762
         879    -5.46474    -5.46537 0.000405301
         880    -5.46469    -5.46537 0.000404841
         881    -5.46398    -5.46537 0.000404385
         882    -5.46425    -5.46537 0.000403928
         883    -5.46452    -5.46537 0.000403472
         884    -5.46446    -5.46537 0.000403017
         885     -5.4644    -5.46537 0.000402563
         886    -5.46434    -5.46537  0.00040211
         887    -5.46331    -5.46536 0.000401664
         888    -5.46326    -5.46536 0.000401218
         889    -5.46255    -5.46536 0.000400779
         890    -5.46249    -5.46536 0.000400342
         891    -5.46178    -5.46535 0.000399913
         892    -5.46172    -5.46535 0.000399485
         893    -5.46166    -5.46534 0.000399059
         894    -5.46128    -5.46534 0.000398639
         895    -5.46122    -5.46533  0.00039822
         896    -5.46149    -5.46533 0.000397798
         897    -5.46208    -5.46533 0.000397371
         898    -5.46203    -5.46532 0.000396946
         899    -5.46262    -5.46532 0.000396516
         900    -5.46289    -5.46532 0.000396084
         901    -5.46187    -5.46531 0.000395663
         902     -5.4615    -5.46531 0.000395247
         903    -5.46178    -5.46531 0.000394829
         904    -5.46109     -5.4653 0.000394419
         905    -5.46137     -5.4653 0.000394008
         906    -5.46068    -5.46529 0.000393606
         907    -5.46032    -5.46529  0.00039321
         908    -5.45997    -5.46528  0.00039282
         909    -5.46026    -5.46527 0.000392427
         910    -5.46088    -5.46527 0.000392025
         911    -5.46183    -5.46527 0.000391613
         912    -5.46181    -5.46526 0.000391202
         913    -5.46211    -5.46526 0.000390789
         914    -5.46177    -5.46525  0.00039038
         915    -5.46079    -5.46525 0.000389984
         916    -5.45981    -5.46524 0.000389603
         917    -5.45916    -5.46524 0.000389235
         918    -5.45915    -5.46523 0.000388868
         919    -5.45883    -5.46522 0.000388507
         920    -5.45949    -5.46522 0.000388135
         921    -5.45949    -5.46521 0.000387763
         922    -5.45951     -5.4652 0.000387392
         923    -5.45952     -5.4652 0.000387021
         924    -5.45922    -5.46519 0.000386656
         925    -5.45925    -5.46519 0.000386291
         926    -5.45863    -5.46518 0.000385939
         927    -5.45833    -5.46517 0.000385593
         928    -5.45869    -5.46516 0.000385241
         929    -5.45905    -5.46516 0.000384883
         930    -5.45812    -5.46515 0.000384543
         931    -5.45784    -5.46514  0.00038421
         932    -5.45756    -5.46513 0.000383884
         933    -5.45826    -5.46513 0.000383544
         934    -5.45734    -5.46512 0.000383224
         935    -5.45675    -5.46511 0.000382918
         936     -5.4568     -5.4651 0.000382612
         937    -5.45654    -5.46509 0.000382313
         938    -5.45692    -5.46508 0.000382004
         939    -5.45699    -5.46507 0.000381695
         940     -5.4577    -5.46507 0.000381369
         941    -5.45809    -5.46506 0.000381036
         942    -5.45816    -5.46505 0.000380702
         943    -5.45855    -5.46504 0.000380361
         944    -5.45862    -5.46504 0.000380019
         945    -5.45869    -5.46503 0.000379676
         946    -5.45973    -5.46503 0.000379316
         947    -5.45948    -5.46502 0.000378961
         948     -5.4602    -5.46501 0.000378595
         949    -5.46027    -5.46501 0.000378229
         950    -5.46002      -5.465 0.000377868
         951    -5.46009      -5.465 0.000377506
         952    -5.46048    -5.46499 0.000377139
         953    -5.46055    -5.46499 0.000376772
         954    -5.46094    -5.46499 0.000376401
         955    -5.46101    -5.46498  0.00037603
         956    -5.46107    -5.46498 0.000375659
         957    -5.46114    -5.46497 0.000375288
         958     -5.4612    -5.46497 0.000374917
         959    -5.46125    -5.46497 0.000374546
         960    -5.46164    -5.46496 0.000374172
         961    -5.46169    -5.46496 0.000373798
         962    -5.46174    -5.46496 0.000373424
         963    -5.46179    -5.46495 0.000373051
         964    -5.46184    -5.46495 0.000372678
         965    -5.46156    -5.46495 0.000372308
         966    -5.46225    -5.46494 0.000371933
         967    -5.46196    -5.46494 0.000371561
         968    -5.46167    -5.46494 0.000371193
         969    -5.46203    -5.46493 0.000370822
         970    -5.46206    -5.46493 0.000370452
         971     -5.4624    -5.46493 0.000370079
         972     -5.4621    -5.46492  0.00036971
         973    -5.46212    -5.46492 0.000369341
         974    -5.46278    -5.46492 0.000368969
         975    -5.46279    -5.46492 0.000368597
         976    -5.46279    -5.46492 0.000368225
         977    -5.46279    -5.46491 0.000367855
         978    -5.46247    -5.46491 0.000367487
         979    -5.46278    -5.46491 0.000367118
         980    -5.46245    -5.46491 0.000366752
         981    -5.46243     -5.4649 0.000366387
         982    -5.46209     -5.4649 0.000366025
         983    -5.46175     -5.4649 0.000365667
         984    -5.46075    -5.46489  0.00036532
         985    -5.46072    -5.46489 0.000364973
         986    -5.46036    -5.46488 0.000364632
         987    -5.46065    -5.46488 0.000364288
         988    -5.46093    -5.46488 0.000363941
         989    -5.46088    -5.46487 0.000363596
         990    -5.46051    -5.46487 0.000363255
         991    -5.46143    -5.46486 0.000362905
         992    -5.46138    -5.46486 0.000362556
         993    -5.46132    -5.46486 0.000362209
         994    -5.46158    -5.46485 0.000361859
         995     -5.4612    -5.46485 0.000361514
         996    -5.46178    -5.46485 0.000361164
         997    -5.46203    -5.46484 0.000360813
         998    -5.46229    -5.46484 0.000360461
         999    -5.46254    -5.46484 0.000360107
        1000    -5.46311    -5.46484 0.000359751
        1001    -5.46303    -5.46484 0.000359396
        1002    -5.46295    -5.46483 0.000359043
        1003    -5.46223    -5.46483 0.000358694
        1004    -5.46215    -5.46483 0.000358347
        1005    -5.46239    -5.46483 0.000357998
        1006    -5.46198    -5.46482 0.000357654
        1007    -5.46126    -5.46482 0.000357316
        1008    -5.46117    -5.46482  0.00035698
        1009    -5.46109    -5.46481 0.000356645
        1010    -5.46165    -5.46481 0.000356306
        1011     -5.4606     -5.4648 0.000355978
        1012    -5.46117     -5.4648 0.000355644
        1013    -5.46174     -5.4648 0.000355306
        1014    -5.46263     -5.4648 0.000354962
        1015    -5.46223    -5.46479 0.000354621
        1016    -5.46215    -5.46479 0.000354282
        1017    -5.46208    -5.46479 0.000353943
        1018    -5.46136    -5.46479 0.000353612
        1019    -5.46129    -5.46478 0.000353281
        1020    -5.46123    -5.46478 0.000352952
        1021    -5.46181    -5.46478 0.000352618
        1022    -5.46175    -5.46477 0.000352286
        1023    -5.46137    -5.46477 0.000351957
        1024    -5.46164    -5.46477 0.000351627
        1025    -5.46127    -5.46476   0.0003513
        1026    -5.46025    -5.46476 0.000350985
        1027    -5.46021    -5.46475 0.000350671
        1028    -5.46017    -5.46475 0.000350359
        1029    -5.46014    -5.46474 0.000350047
        1030    -5.46044    -5.46474 0.000349732
        1031    -5.45977    -5.46474 0.000349426
        1032    -5.45943    -5.46473 0.000349125
        1033    -5.45909    -5.46473  0.00034883
        1034    -5.45908    -5.46472 0.000348535
        1035    -5.45908    -5.46471 0.000348241
        1036    -5.45941    -5.46471 0.000347942
        1037     -5.4591     -5.4647 0.000347649
        1038    -5.45944     -5.4647 0.000347351
        1039    -5.45978    -5.46469 0.000347049
        1040    -5.46013    -5.46469 0.000346743
        1041    -5.46016    -5.46469 0.000346437
        1042    -5.46053    -5.46468 0.000346128
        1043     -5.4596    -5.46468  0.00034583
        1044    -5.46029    -5.46467 0.000345524
        1045    -5.46067    -5.46467 0.000345215
        1046    -5.46073    -5.46466 0.000344905
        1047     -5.4608    -5.46466 0.000344596
        1048    -5.46151    -5.46466  0.00034428
        1049    -5.46191    -5.46466 0.000343962
        1050    -5.46232    -5.46465 0.000343641
        1051    -5.46208    -5.46465 0.000343323
        1052    -5.46281    -5.46465 0.000343001
        1053    -5.46258    -5.46465 0.000342681
        1054    -5.46203    -5.46464 0.000342365
        1055    -5.46213    -5.46464 0.000342049
        1056    -5.46159    -5.46464 0.000341737
        1057     -5.4617    -5.46464 0.000341425
        1058    -5.46213    -5.46463 0.000341111
        1059    -5.46224    -5.46463 0.000340796
        1060    -5.46235    -5.46463 0.000340481
        1061    -5.46279    -5.46463 0.000340165
        1062    -5.46259    -5.46463  0.00033985
        1063    -5.46271    -5.46462 0.000339535
        1064    -5.46347    -5.46462 0.000339218
        1065    -5.46392    -5.46462   0.0003389
        1066    -5.46436    -5.46462 0.000338582
        1067    -5.46448    -5.46462 0.000338265
        1068    -5.46525    -5.46462 0.000337948
        1069    -5.46602    -5.46462 0.000337635
        1070    -5.46581    -5.46462 0.000337321
        1071    -5.46625    -5.46463  0.00033701
        1072    -5.46637    -5.46463 0.000336699
        1073    -5.46648    -5.46463  0.00033639
        1074    -5.46627    -5.46463  0.00033608
        1075    -5.46638    -5.46463 0.000335771
        1076    -5.46746    -5.46464 0.000335469
        1077    -5.46724    -5.46464 0.000335167
        1078    -5.46798    -5.46464  0.00033487
        1079    -5.46841    -5.46464 0.000334578
        1080    -5.46818    -5.46465 0.000334284
        1081    -5.46827    -5.46465 0.000333992
        1082    -5.46803    -5.46465 0.000333698
        1083    -5.46811    -5.46466 0.000333405
        1084    -5.46819    -5.46466 0.000333113
        1085    -5.46827    -5.46466 0.000332823
        1086    -5.46834    -5.46467 0.000332534
        1087    -5.46808    -5.46467 0.000332242
        1088    -5.46718    -5.46467 0.000331945
        1089    -5.46691    -5.46467 0.000331647
        1090    -5.46664    -5.46468 0.000331347
        1091    -5.46669    -5.46468 0.000331049
        1092    -5.46674    -5.46468 0.000330751
        1093    -5.46613    -5.46468 0.000330451
        1094     -5.4665    -5.46468 0.000330153
        1095    -5.46653    -5.46469 0.000329856
        1096    -5.46656    -5.46469 0.000329559
        1097     -5.4669    -5.46469 0.000329265
        1098    -5.46692    -5.46469 0.000328972
        1099    -5.46726    -5.46469 0.000328681
        1100    -5.46727     -5.4647  0.00032839
        1101    -5.46728     -5.4647   0.0003281
        1102    -5.46728     -5.4647 0.000327811
        1103    -5.46761     -5.4647 0.000327524
        1104     -5.4663     -5.4647 0.000327231
        1105    -5.46629    -5.46471 0.000326938
        1106    -5.46758    -5.46471 0.000326653
        1107    -5.46756    -5.46471 0.000326368
        1108    -5.46786    -5.46471 0.000326085
        1109    -5.46816    -5.46472 0.000325806
        1110     -5.4678    -5.46472 0.000325524
        1111    -5.46777    -5.46472 0.000325243
        1112    -5.46708    -5.46472 0.000324957
        1113    -5.46704    -5.46473 0.000324672
        1114    -5.46699    -5.46473 0.000324387
        1115    -5.46694    -5.46473 0.000324102
        1116    -5.46721    -5.46473 0.000323819
        1117    -5.46683    -5.46473 0.000323535
        1118    -5.46709    -5.46474 0.000323252
        1119    -5.46768    -5.46474 0.000322974
        1120    -5.46794    -5.46474 0.000322698
        1121    -5.46754    -5.46474  0.00032242
        1122    -5.46779    -5.46475 0.000322144
        1123    -5.46739    -5.46475 0.000321866
        1124    -5.46699    -5.46475 0.000321586
        1125    -5.46691    -5.46475 0.000321306
        1126     -5.4665    -5.46476 0.000321024
        1127    -5.46674    -5.46476 0.000320744
        1128    -5.46633    -5.46476 0.000320463
        1129    -5.46623    -5.46476 0.000320182
        1130    -5.46485    -5.46476 0.000319898
        1131    -5.46411    -5.46476 0.000319616
        1132    -5.46369    -5.46476 0.000319335
        1133    -5.46423    -5.46476 0.000319053
        1134    -5.46381    -5.46476 0.000318773
        1135    -5.46339    -5.46476 0.000318495
        1136    -5.46328    -5.46475 0.000318217
        1137    -5.46318    -5.46475  0.00031794
        1138    -5.46275    -5.46475 0.000317665
        1139      -5.462    -5.46475 0.000317396
        1140    -5.46157    -5.46475  0.00031713
        1141     -5.4605    -5.46474 0.000316873
        1142    -5.46072    -5.46474 0.000316616
        1143    -5.46094    -5.46474 0.000316356
        1144    -5.46083    -5.46473 0.000316098
        1145     -5.4604    -5.46473 0.000315844
        1146      -5.459    -5.46472 0.000315608
        1147    -5.45922    -5.46472  0.00031537
        1148    -5.45912    -5.46471 0.000315133
        1149    -5.45934    -5.46471 0.000314893
        1150    -5.45859     -5.4647 0.000314664
        1151    -5.45881     -5.4647 0.000314433
        1152    -5.45903    -5.46469 0.000314198
        1153    -5.45861    -5.46469  0.00031397
        1154    -5.45851    -5.46468 0.000313744
        1155    -5.45776    -5.46468 0.000313529
        1156    -5.45767    -5.46467 0.000313317
        1157    -5.45822    -5.46467 0.000313096
        1158     -5.4591    -5.46466 0.000312862
        1159    -5.45868    -5.46466 0.000312635
        1160    -5.45859    -5.46465 0.000312409
        1161     -5.4598    -5.46465 0.000312168
        1162    -5.46004    -5.46464 0.000311924
        1163    -5.45931    -5.46464  0.00031169
        1164    -5.45956    -5.46463 0.000311452
        1165    -5.45916    -5.46463  0.00031122
        1166    -5.46006    -5.46462 0.000310978
        1167    -5.46031    -5.46462 0.000310734
        1168    -5.46088    -5.46462 0.000310484
        1169    -5.46081    -5.46461 0.000310236
        1170    -5.46075    -5.46461 0.000309988
        1171    -5.46068    -5.46461 0.000309741
        1172     -5.4603     -5.4646 0.000309499
        1173    -5.45992     -5.4646 0.000309261
        1174    -5.45922     -5.4646 0.000309031
        1175    -5.46014    -5.46459 0.000308792
        1176    -5.46042    -5.46459  0.00030855
        1177    -5.46102    -5.46459 0.000308302
        1178    -5.46098    -5.46458 0.000308056
        1179    -5.46095    -5.46458  0.00030781
        1180    -5.46123    -5.46458 0.000307562
        1181     -5.4612    -5.46457 0.000307315
        1182     -5.4615    -5.46457 0.000307066
        1183    -5.46212    -5.46457 0.000306813
        1184    -5.46242    -5.46457  0.00030656
        1185    -5.46176    -5.46456  0.00030631
        1186    -5.46207    -5.46456 0.000306059
        1187    -5.46173    -5.46456  0.00030581
        1188    -5.46173    -5.46456 0.000305562
        1189    -5.46108    -5.46455 0.000305319
        1190    -5.46172    -5.46455 0.000305072
        1191    -5.46108    -5.46455  0.00030483
        1192    -5.46142    -5.46455 0.000304585
        1193    -5.46175    -5.46454 0.000304339
        1194    -5.46209    -5.46454 0.000304091
        1195    -5.46211    -5.46454 0.000303844
        1196    -5.46213    -5.46454 0.000303596
        1197    -5.46118    -5.46454 0.000303355
        1198    -5.46121    -5.46453 0.000303115
        1199    -5.46157    -5.46453 0.000302872
        1200    -5.46193    -5.46453 0.000302628
        1201    -5.46197    -5.46453 0.000302383
        1202    -5.46234    -5.46452 0.000302137
        1203    -5.46239    -5.46452 0.000301891
        1204    -5.46211    -5.46452 0.000301647
        1205    -5.46185    -5.46452 0.000301405
        1206    -5.46223    -5.46452 0.000301161
        1207    -5.46261    -5.46451 0.000300915
        1208    -5.46268    -5.46451  0.00030067
        1209    -5.46178    -5.46451  0.00030043
        1210    -5.46185    -5.46451  0.00030019
        1211    -5.46193    -5.46451 0.000299949
        1212    -5.46233     -5.4645 0.000299707
        1213    -5.46241     -5.4645 0.000299465
        1214    -5.46217     -5.4645 0.000299225
        1215    -5.46194     -5.4645 0.000298986
        1216    -5.46203     -5.4645 0.000298747
        1217    -5.46245     -5.4645 0.000298506
        1218    -5.46255    -5.46449 0.000298265
        1219    -5.46265    -5.46449 0.000298024
        1220    -5.46276    -5.46449 0.000297783
        1221    -5.46254    -5.46449 0.000297544
        1222    -5.46265    -5.46449 0.000297304
        1223    -5.46276    -5.46449 0.000297064
        1224    -5.46256    -5.46448 0.000296826
        1225    -5.46235    -5.46448 0.000296589
        1226    -5.46279    -5.46448  0.00029635
        1227    -5.46259    -5.46448 0.000296112
        1228    -5.46239    -5.46448 0.000295876
        1229    -5.46252    -5.46448  0.00029564
        1230    -5.46297    -5.46448 0.000295402
        1231    -5.46309    -5.46447 0.000295164
        1232    -5.46322    -5.46447 0.000294926
        1233    -5.46335    -5.46447 0.000294689
        1234    -5.46348    -5.46447 0.000294451
        1235    -5.46393    -5.46447 0.000294213
        1236    -5.46439    -5.46447 0.000293975
        1237    -5.46484    -5.46447 0.000293737
        1238    -5.46497    -5.46447   0.0002935
        1239    -5.46542    -5.46447 0.000293264
        1240    -5.46555    -5.46447 0.000293029
        1241    -5.46567    -5.46447 0.000292795
        1242    -5.46645    -5.46448 0.000292563
        1243    -5.46625    -5.46448 0.000292331
        1244    -5.46605    -5.46448 0.000292099
        1245    -5.46649    -5.46448 0.000291869
        1246    -5.46693    -5.46448 0.000291641
        1247    -5.46737    -5.46448 0.000291417
        1248     -5.4678    -5.46449 0.000291195
        1249    -5.46856    -5.46449  0.00029098
        1250    -5.46769    -5.46449 0.000290759
        1251    -5.46747     -5.4645 0.000290536
        1252    -5.46757     -5.4645 0.000290314
        1253    -5.46766     -5.4645 0.000290094
        1254    -5.46807     -5.4645 0.000289876
        1255    -5.46848    -5.46451 0.000289663
        1256    -5.46889    -5.46451 0.000289453
        1257    -5.46929    -5.46451 0.000289248
        1258    -5.46968    -5.46452 0.000289047
        1259    -5.46975    -5.46452 0.000288847
        1260    -5.47014    -5.46453 0.000288652
        1261    -5.46987    -5.46453 0.000288455
        1262    -5.46928    -5.46453 0.000288251
        1263    -5.46932    -5.46454 0.000288047
        1264    -5.46937    -5.46454 0.000287845
        1265     -5.4694    -5.46455 0.000287643
        1266    -5.46976    -5.46455 0.000287445
        1267    -5.47044    -5.46455 0.000287256
        1268    -5.47111    -5.46456 0.000287076
        1269    -5.47146    -5.46457 0.000286901
        1270    -5.47148    -5.46457 0.000286727
        1271    -5.47116    -5.46458 0.000286548
        1272    -5.47052    -5.46458 0.000286361
        1273     -5.4702    -5.46459  0.00028617
        1274    -5.46988    -5.46459 0.000285976
        1275    -5.46987    -5.46459 0.000285781
        1276    -5.47018     -5.4646 0.000285591
        1277    -5.47017     -5.4646   0.0002854
        1278    -5.47047    -5.46461 0.000285214
        1279    -5.47045    -5.46461 0.000285028
        1280    -5.47043    -5.46462 0.000284841
        1281    -5.47007    -5.46462 0.000284651
        1282    -5.46972    -5.46462 0.000284457
        1283    -5.47001    -5.46463 0.000284266
        1284    -5.46932    -5.46463 0.000284068
        1285    -5.46928    -5.46464  0.00028387
        1286    -5.46924    -5.46464 0.000283672
        1287    -5.46984    -5.46464  0.00028348
        1288     -5.4698    -5.46465 0.000283288
        1289     -5.4691    -5.46465  0.00028309
        1290    -5.46905    -5.46465 0.000282891
        1291    -5.46932    -5.46466 0.000282695
        1292    -5.46959    -5.46466 0.000282501
        1293    -5.46921    -5.46466 0.000282305
        1294    -5.46947    -5.46467 0.000282111
        1295    -5.46909    -5.46467 0.000281914
        1296    -5.46968    -5.46468 0.000281723
        1297    -5.46994    -5.46468 0.000281535
        1298    -5.46988    -5.46468 0.000281347
        1299    -5.46982    -5.46469 0.000281158
        1300    -5.46911    -5.46469 0.000280962
        1301    -5.46937    -5.46469 0.000280769
        1302    -5.46898     -5.4647 0.000280573
        1303    -5.46892     -5.4647 0.000280376
        1304    -5.46917     -5.4647 0.000280182
        1305    -5.46878    -5.46471 0.000279985
        1306    -5.46872    -5.46471 0.000279787
        1307    -5.46898    -5.46471 0.000279592
        1308    -5.46859    -5.46472 0.000279394
        1309    -5.46723    -5.46472 0.000279187
        1310    -5.46652    -5.46472 0.000278978
        1311    -5.46678    -5.46472 0.000278769
        1312    -5.46639    -5.46472  0.00027856
        1313    -5.46632    -5.46472  0.00027835
        1314    -5.46626    -5.46473 0.000278141
        1315    -5.46586    -5.46473 0.000277931
        1316    -5.46548    -5.46473  0.00027772
        1317    -5.46606    -5.46473 0.000277511
        1318    -5.46599    -5.46473 0.000277302
        1319    -5.46658    -5.46473 0.000277095
        1320    -5.46651    -5.46473 0.000276889
        1321    -5.46644    -5.46473 0.000276682
        1322     -5.4667    -5.46473 0.000276477
        1323    -5.46631    -5.46474  0.00027627
        1324    -5.46657    -5.46474 0.000276065
        1325    -5.46683    -5.46474 0.000275861
        1326    -5.46644    -5.46474 0.000275656
        1327    -5.46572    -5.46474  0.00027545
        1328     -5.4663    -5.46474 0.000275245
        1329    -5.46591    -5.46474 0.000275039
        1330     -5.4652    -5.46474 0.000274832
        1331    -5.46481    -5.46474 0.000274626
        1332    -5.46539    -5.46474  0.00027442
        1333    -5.46468    -5.46474 0.000274214
        1334    -5.46493    -5.46474 0.000274009
        1335    -5.46519    -5.46474 0.000273804
        1336    -5.46544    -5.46474 0.000273599
        1337    -5.46538    -5.46475 0.000273395
        1338    -5.46596    -5.46475 0.000273192
        1339    -5.46589    -5.46475 0.000272989
        1340    -5.46582    -5.46475 0.000272787
        1341    -5.46575    -5.46475 0.000272585
        1342    -5.46536    -5.46475 0.000272382
        1343    -5.46529    -5.46475 0.000272179
        1344    -5.46523    -5.46475 0.000271977
        1345    -5.46483    -5.46475 0.000271775
        1346    -5.46477    -5.46475 0.000271573
        1347    -5.46502    -5.46475 0.000271371
        1348    -5.46495    -5.46475  0.00027117
        1349    -5.46489    -5.46475 0.000270969
        1350    -5.46449    -5.46475 0.000270768
        1351    -5.46475    -5.46475 0.000270568
        1352      -5.465    -5.46475 0.000270368
        1353    -5.46493    -5.46475 0.000270168
        1354    -5.46454    -5.46475 0.000269969
        1355    -5.46512    -5.46475  0.00026977
        1356     -5.4657    -5.46475 0.000269572
        1357    -5.46563    -5.46475 0.000269374
        1358    -5.46523    -5.46475 0.000269176
        1359    -5.46484    -5.46475 0.000268977
        1360    -5.46477    -5.46475  0.00026878
        1361    -5.46502    -5.46475 0.000268582
        1362     -5.4656    -5.46475 0.000268386
        1363    -5.46552    -5.46475 0.000268189
        1364    -5.46545    -5.46475 0.000267993
        1365    -5.46602    -5.46476 0.000267799
        1366    -5.46595    -5.46476 0.000267604
        1367    -5.46555    -5.46476 0.000267409
        1368    -5.46547    -5.46476 0.000267214
        1369     -5.4654    -5.46476 0.000267019
        1370      -5.465    -5.46476 0.000266824
        1371    -5.46492    -5.46476  0.00026663
        1372    -5.46452    -5.46476 0.000266435
        1373    -5.46444    -5.46476 0.000266241
        1374    -5.46403    -5.46476 0.000266048
        1375    -5.46428    -5.46476 0.000265855
        1376    -5.46452    -5.46476 0.000265662
        1377    -5.46379    -5.46476  0.00026547
        1378    -5.46274    -5.46475 0.000265281
        1379    -5.46266    -5.46475 0.000265093
        1380    -5.46291    -5.46475 0.000264904
        1381    -5.46315    -5.46475 0.000264715
        1382    -5.46307    -5.46475 0.000264526
        1383    -5.46299    -5.46475 0.000264338
        1384    -5.46291    -5.46475 0.000264151
        1385    -5.46315    -5.46475 0.000263962
        1386    -5.46275    -5.46474 0.000263776
        1387    -5.46235    -5.46474 0.000263591
        1388    -5.46195    -5.46474 0.000263409
        1389    -5.46155    -5.46474 0.000263229
        1390    -5.46147    -5.46474 0.000263051
        1391    -5.46204    -5.46473 0.000262869
        1392    -5.46197    -5.46473 0.000262687
        1393    -5.46125    -5.46473 0.000262511
        1394    -5.46118    -5.46473 0.000262335
        1395    -5.46112    -5.46472 0.000262159
        1396    -5.45976    -5.46472 0.000261996
        1397    -5.46067    -5.46472 0.000261824
        1398    -5.46061    -5.46471 0.000261653
        1399     -5.4599    -5.46471 0.000261489
        1400    -5.45985    -5.46471 0.000261325
        1401    -5.46012     -5.4647 0.000261159
        1402    -5.45975     -5.4647 0.000260997
        1403     -5.4597     -5.4647 0.000260835
        1404    -5.45966    -5.46469 0.000260674
        1405    -5.45929    -5.46469 0.000260517
        1406    -5.45926    -5.46469  0.00026036
        1407    -5.45955    -5.46468 0.000260201
        1408    -5.45953    -5.46468 0.000260042
        1409    -5.45983    -5.46468  0.00025988
        1410    -5.45981    -5.46467 0.000259718
        1411    -5.46045    -5.46467 0.000259552
        1412    -5.46044    -5.46467 0.000259385
        1413    -5.46044    -5.46466 0.000259219
        1414    -5.46077    -5.46466  0.00025905
        1415    -5.45981    -5.46466  0.00025889
        1416    -5.46015    -5.46465 0.000258726
        1417    -5.46017    -5.46465 0.000258563
        1418    -5.46019    -5.46465   0.0002584
        1419    -5.46087    -5.46464 0.000258231
        1420    -5.45994    -5.46464 0.000258071
        1421    -5.45999    -5.46464  0.00025791
        1422    -5.46068    -5.46464 0.000257744
        1423    -5.46106    -5.46463 0.000257575
        1424    -5.46048    -5.46463  0.00025741
        1425     -5.4612    -5.46463 0.000257241
        1426     -5.4616    -5.46463 0.000257069
        1427    -5.46135    -5.46462 0.000256899
        1428    -5.46176    -5.46462 0.000256727
        1429    -5.46121    -5.46462 0.000256559
        1430    -5.46131    -5.46462  0.00025639
        1431    -5.46141    -5.46461  0.00025622
        1432     -5.4612    -5.46461 0.000256053
        1433    -5.46067    -5.46461 0.000255889
        1434    -5.46079    -5.46461 0.000255724
        1435     -5.4606     -5.4646 0.000255561
        1436    -5.46009     -5.4646 0.000255402
        1437    -5.46055     -5.4646  0.00025524
        1438     -5.4607    -5.46459 0.000255077
        1439    -5.46052    -5.46459 0.000254916
        1440    -5.46035    -5.46459 0.000254756
        1441    -5.46019    -5.46459 0.000254597
        1442    -5.46035    -5.46458 0.000254437
        1443    -5.46052    -5.46458 0.000254277
        1444    -5.46004    -5.46458  0.00025412
        1445    -5.45989    -5.46457 0.000253965
        1446    -5.45942    -5.46457 0.000253814
        1447    -5.45896    -5.46457 0.000253668
        1448    -5.45882    -5.46456 0.000253524
        1449    -5.45868    -5.46456 0.000253382
        1450    -5.45952    -5.46455 0.000253231
        1451    -5.45938    -5.46455 0.000253081
        1452    -5.46022    -5.46455 0.000252925
        1453    -5.45977    -5.46454 0.000252772
        1454    -5.45931    -5.46454 0.000252624
        1455    -5.45951    -5.46454 0.000252474
        1456    -5.46003    -5.46453 0.000252319
        1457    -5.46054    -5.46453 0.000252161
        1458    -5.46041    -5.46453 0.000252004
        1459    -5.46093    -5.46453 0.000251843
        1460    -5.46112    -5.46452 0.000251682
        1461    -5.46196    -5.46452 0.000251516
        1462    -5.46215    -5.46452 0.000251349
        1463    -5.46234    -5.46452 0.000251181
        1464    -5.46188    -5.46452 0.000251016
        1465    -5.46238    -5.46452 0.000250849
        1466    -5.46289    -5.46452  0.00025068
        1467    -5.46339    -5.46451 0.000250511
        1468    -5.46388    -5.46451 0.000250341
        1469    -5.46405    -5.46451  0.00025017
        1470    -5.46454    -5.46451     0.00025
        1471    -5.46406    -5.46451  0.00024983
        1472    -5.46421    -5.46451 0.000249661
        1473    -5.46404    -5.46451 0.000249491
        1474    -5.46581    -5.46451 0.000249324
        1475    -5.46596    -5.46451 0.000249157
        1476    -5.46609    -5.46452  0.00024899
        1477    -5.46623    -5.46452 0.000248824
        1478    -5.46636    -5.46452 0.000248659
        1479     -5.4668    -5.46452 0.000248496
        1480    -5.46628    -5.46452 0.000248331
        1481    -5.46639    -5.46452 0.000248166
        1482    -5.46682    -5.46452 0.000248004
        1483    -5.46822    -5.46453 0.000247849
        1484    -5.46864    -5.46453 0.000247697
        1485    -5.46808    -5.46453 0.000247542
        1486    -5.46817    -5.46453 0.000247388
        1487    -5.46825    -5.46454 0.000247234
        1488    -5.46832    -5.46454 0.000247081
        1489    -5.46806    -5.46454 0.000246926
        1490     -5.4678    -5.46454  0.00024677
        1491    -5.46721    -5.46455 0.000246611
        1492    -5.46726    -5.46455 0.000246452
        1493    -5.46763    -5.46455 0.000246296
        1494    -5.46799    -5.46455 0.000246142
        1495     -5.4677    -5.46455 0.000245986
        1496    -5.46773    -5.46456 0.000245831
        1497    -5.46775    -5.46456 0.000245676
        1498    -5.46777    -5.46456 0.000245522
        1499    -5.46778    -5.46456 0.000245367
        1500    -5.46811    -5.46456 0.000245215
        1501    -5.46909    -5.46457  0.00024507
        1502    -5.46941    -5.46457 0.000244928
        1503    -5.46939    -5.46457 0.000244786
        1504    -5.46938    -5.46458 0.000244644
        1505    -5.46839    -5.46458 0.000244495
        1506    -5.46933    -5.46458 0.000244353
        1507     -5.4693    -5.46459 0.000244211
        1508    -5.46927    -5.46459 0.000244068
        1509    -5.46923    -5.46459 0.000243926
        1510     -5.4695     -5.4646 0.000243786
        1511     -5.4701     -5.4646 0.000243652
        1512    -5.47037     -5.4646 0.000243521
        1513    -5.47031    -5.46461 0.000243389
        1514    -5.47025    -5.46461 0.000243257
        1515    -5.46986    -5.46461 0.000243121
        1516    -5.47011    -5.46462 0.000242988
        1517    -5.46906    -5.46462 0.000242845
        1518    -5.46898    -5.46462 0.000242702
        1519    -5.46889    -5.46463 0.000242559
        1520     -5.4688    -5.46463 0.000242415
        1521    -5.46839    -5.46463 0.000242268
        1522    -5.46894    -5.46463 0.000242125
        1523    -5.46819    -5.46464 0.000241977
        1524    -5.46809    -5.46464 0.000241829
        1525    -5.46733    -5.46464 0.000241677
        1526    -5.46625    -5.46464 0.000241521
        1527    -5.46582    -5.46464 0.000241364
        1528    -5.46602    -5.46464 0.000241208
        1529    -5.46623    -5.46464 0.000241052
        1530     -5.4661    -5.46465 0.000240897
        1531     -5.4676    -5.46465 0.000240747
        1532     -5.4678    -5.46465 0.000240599
        1533    -5.46767    -5.46465  0.00024045
        1534    -5.46753    -5.46465   0.0002403
        1535    -5.46708    -5.46465 0.000240149
        1536    -5.46694    -5.46466 0.000239997
        1537    -5.46648    -5.46466 0.000239844
        1538    -5.46666    -5.46466 0.000239692
        1539    -5.46619    -5.46466 0.000239538
        1540    -5.46605    -5.46466 0.000239384
        1541    -5.46493    -5.46466 0.000239229
        1542    -5.46511    -5.46466 0.000239074
        1543    -5.46464    -5.46466 0.000238919
        1544     -5.4645    -5.46466 0.000238764
        1545    -5.46402    -5.46466  0.00023861
        1546    -5.46452    -5.46466 0.000238456
        1547    -5.46437    -5.46466 0.000238302
        1548    -5.46422    -5.46466 0.000238148
        1549    -5.46375    -5.46466 0.000237995
        1550    -5.46393    -5.46466 0.000237842
        1551     -5.4641    -5.46466 0.000237689
        1552    -5.46395    -5.46466 0.000237536
        1553    -5.46445    -5.46466 0.000237383
        1554    -5.46463    -5.46466  0.00023723
        1555    -5.46481    -5.46466 0.000237078
        1556    -5.46466    -5.46466 0.000236925
        1557    -5.46452    -5.46466 0.000236773
        1558     -5.4647    -5.46466 0.000236621
        1559    -5.46488    -5.46466  0.00023647
        1560    -5.46506    -5.46466 0.000236318
        1561    -5.46428    -5.46466 0.000236167
        1562    -5.46382    -5.46466 0.000236016
        1563    -5.46369    -5.46466 0.000235866
        1564    -5.46323    -5.46466 0.000235717
        1565     -5.4631    -5.46465 0.000235569
        1566    -5.46265    -5.46465 0.000235422
        1567    -5.46253    -5.46465 0.000235275
        1568    -5.46241    -5.46465  0.00023513
        1569    -5.46165    -5.46465 0.000234987
        1570    -5.46153    -5.46465 0.000234846
        1571    -5.46142    -5.46464 0.000234706
        1572    -5.46099    -5.46464 0.000234568
        1573    -5.46121    -5.46464 0.000234429
        1574    -5.46046    -5.46464 0.000234295
        1575    -5.46069    -5.46464  0.00023416
        1576    -5.46124    -5.46463 0.000234021
        1577    -5.46115    -5.46463 0.000233883
        1578    -5.46106    -5.46463 0.000233746
        1579    -5.46001    -5.46463 0.000233616
        1580    -5.45994    -5.46462 0.000233487
        1581    -5.45954    -5.46462 0.000233362
        1582    -5.46044    -5.46462 0.000233229
        1583    -5.46038    -5.46461 0.000233097
        1584    -5.46064    -5.46461 0.000232963
        1585    -5.46059    -5.46461  0.00023283
        1586    -5.46021    -5.46461   0.0002327
        1587    -5.46082     -5.4646 0.000232566
        1588    -5.46077     -5.4646 0.000232432
        1589    -5.46074     -5.4646 0.000232298
        1590    -5.46006     -5.4646 0.000232169
        1591    -5.45938    -5.46459 0.000232047
        1592    -5.45968    -5.46459 0.000231921
        1593    -5.45999    -5.46459 0.000231794
        1594    -5.45998    -5.46458 0.000231666
        1595    -5.46029    -5.46458 0.000231537
        1596    -5.45996    -5.46458  0.00023141
        1597    -5.45997    -5.46458 0.000231283
        1598    -5.45997    -5.46457 0.000231156
        1599    -5.45998    -5.46457 0.000231029
        1600    -5.45967    -5.46457 0.000230905
        1601    -5.45905    -5.46456 0.000230787
        1602    -5.45842    -5.46456 0.000230675
        1603    -5.45781    -5.46456 0.000230569
        1604    -5.45752    -5.46455 0.000230467
        1605    -5.45755    -5.46455 0.000230365
        1606    -5.45792    -5.46454 0.000230258
        1607    -5.45797    -5.46454 0.000230151
        1608    -5.45769    -5.46453 0.000230048
        1609    -5.45807    -5.46453  0.00022994
        1610    -5.45878    -5.46453 0.000229825
        1611    -5.45884    -5.46452 0.000229709
        1612    -5.45891    -5.46452 0.000229593
        1613    -5.45834    -5.46452 0.000229483
        1614    -5.45841    -5.46451 0.000229372
        1615    -5.45816    -5.46451 0.000229263
        1616    -5.45792     -5.4645 0.000229158
        1617    -5.45833     -5.4645 0.000229048
        1618    -5.45907     -5.4645 0.000228931
        1619     -5.4598    -5.46449 0.000228808
        1620    -5.46022    -5.46449 0.000228682
        1621    -5.46032    -5.46449 0.000228555
        1622    -5.46074    -5.46449 0.000228426
        1623    -5.46052    -5.46448 0.000228298
        1624    -5.46127    -5.46448 0.000228166
        1625     -5.4617    -5.46448 0.000228032
        1626    -5.46245    -5.46448 0.000227895
        1627    -5.46256    -5.46448 0.000227758
        1628    -5.46267    -5.46448 0.000227621
        1629    -5.46246    -5.46448 0.000227485
        1630    -5.46224    -5.46447 0.000227349
        1631    -5.46203    -5.46447 0.000227215
        1632    -5.46214    -5.46447  0.00022708
        1633    -5.46258    -5.46447 0.000226944
        1634     -5.4627    -5.46447 0.000226808
        1635    -5.46281    -5.46447 0.000226671
        1636    -5.46292    -5.46447 0.000226535
        1637    -5.46336    -5.46447 0.000226397
        1638    -5.46347    -5.46447  0.00022626
        1639    -5.46391    -5.46447 0.000226122
        1640    -5.46402    -5.46446 0.000225984
        1641     -5.4638    -5.46446 0.000225847
        1642    -5.46424    -5.46446  0.00022571
        1643    -5.46434    -5.46446 0.000225572
        1644    -5.46412    -5.46446 0.000225435
        1645    -5.46455    -5.46446 0.000225298
        1646    -5.46497    -5.46446 0.000225161
        1647    -5.46443    -5.46446 0.000225025
        1648    -5.46485    -5.46446 0.000224888
        1649    -5.46397    -5.46446 0.000224752
        1650    -5.46374    -5.46446 0.000224616
        1651     -5.4635    -5.46446 0.000224481
        1652    -5.46391    -5.46446 0.000224345
        1653      -5.464    -5.46446  0.00022421
        1654    -5.46408    -5.46446 0.000224074
        1655     -5.4648    -5.46446 0.000223939
        1656     -5.4652    -5.46446 0.000223804
        1657    -5.46527    -5.46446  0.00022367
        1658    -5.46631    -5.46446 0.000223538
        1659    -5.46637    -5.46447 0.000223406
        1660    -5.46675    -5.46447 0.000223276
        1661    -5.46616    -5.46447 0.000223143
        1662    -5.46622    -5.46447 0.000223012
        1663    -5.46626    -5.46447  0.00022288
        1664    -5.46599    -5.46447 0.000222748
        1665    -5.46538    -5.46447 0.000222615
        1666    -5.46542    -5.46447 0.000222482
        1667    -5.46481    -5.46447 0.000222349
        1668    -5.46419    -5.46447 0.000222216
        1669    -5.46455    -5.46447 0.000222082
        1670    -5.46457    -5.46447 0.000221949
        1671    -5.46589    -5.46447 0.000221818
        1672    -5.46591    -5.46447 0.000221687
        1673    -5.46657    -5.46448 0.000221558
        1674    -5.46594    -5.46448 0.000221428
        1675     -5.4653    -5.46448 0.000221296
        1676    -5.46531    -5.46448 0.000221164
        1677    -5.46499    -5.46448 0.000221033
        1678    -5.46499    -5.46448 0.000220901
        1679    -5.46466    -5.46448  0.00022077
        1680    -5.46466    -5.46448 0.000220638
        1681     -5.4653    -5.46448 0.000220508
        1682    -5.46562    -5.46448 0.000220378
        1683    -5.46594    -5.46448 0.000220248
        1684     -5.4656    -5.46448 0.000220119
        1685    -5.46591    -5.46448  0.00021999
        1686    -5.46557    -5.46448  0.00021986
        1687    -5.46588    -5.46448 0.000219731
        1688    -5.46586    -5.46448 0.000219603
        1689    -5.46649    -5.46449 0.000219476
        1690    -5.46745    -5.46449 0.000219353
        1691    -5.46646    -5.46449 0.000219226
        1692    -5.46676    -5.46449 0.000219101
        1693    -5.46673    -5.46449 0.000218975
        1694    -5.46703    -5.46449 0.000218851
        1695    -5.46701    -5.46449 0.000218727
        1696    -5.46698     -5.4645 0.000218603
        1697    -5.46599     -5.4645 0.000218476
        1698    -5.46661     -5.4645 0.000218351
        1699    -5.46626     -5.4645 0.000218225
        1700    -5.46623     -5.4645 0.000218099
        1701     -5.4662     -5.4645 0.000217973
        1702    -5.46618     -5.4645 0.000217847
        1703    -5.46648     -5.4645 0.000217722
        1704    -5.46645     -5.4645 0.000217598
        1705    -5.46642     -5.4645 0.000217473
        1706     -5.4664    -5.46451 0.000217348
        1707    -5.46572    -5.46451 0.000217222
        1708    -5.46602    -5.46451 0.000217097
        1709    -5.46632    -5.46451 0.000216972
        1710     -5.4663    -5.46451 0.000216848
        1711    -5.46498    -5.46451 0.000216721
        1712    -5.46496    -5.46451 0.000216595
        1713    -5.46526    -5.46451 0.000216469
        1714    -5.46556    -5.46451 0.000216344
        1715    -5.46587    -5.46451 0.000216219
        1716     -5.4652    -5.46451 0.000216093
        1717    -5.46551    -5.46451 0.000215968
        1718    -5.46516    -5.46451 0.000215843
        1719    -5.46482    -5.46451 0.000215717
        1720    -5.46448    -5.46451 0.000215592
        1721    -5.46381    -5.46451 0.000215467
        1722     -5.4638    -5.46451 0.000215342
        1723    -5.46346    -5.46451 0.000215218
        1724    -5.46376    -5.46451 0.000215094
        1725     -5.4644    -5.46451 0.000214969
        1726    -5.46438    -5.46451 0.000214844
        1727    -5.46436    -5.46451  0.00021472
        1728    -5.46434    -5.46451 0.000214596
        1729    -5.46433    -5.46451 0.000214472
        1730    -5.46399    -5.46451 0.000214348
        1731    -5.46333    -5.46451 0.000214225
        1732    -5.46299    -5.46451 0.000214103
        1733    -5.46264    -5.46451 0.000213983
        1734    -5.46295    -5.46451 0.000213861
        1735    -5.46293    -5.46451  0.00021374
        1736    -5.46388    -5.46451 0.000213617
        1737    -5.46386    -5.46451 0.000213494
        1738    -5.46352    -5.46451 0.000213372
        1739    -5.46285     -5.4645 0.000213252
        1740    -5.46282     -5.4645 0.000213131
        1741     -5.4628     -5.4645 0.000213011
        1742    -5.46212     -5.4645 0.000212893
        1743     -5.4621     -5.4645 0.000212775
        1744    -5.46207     -5.4645 0.000212658
        1745    -5.46268     -5.4645 0.000212539
        1746    -5.46233     -5.4645 0.000212421
        1747    -5.46164    -5.46449 0.000212305
        1748    -5.46161    -5.46449  0.00021219
        1749    -5.46189    -5.46449 0.000212074
        1750     -5.4612    -5.46449 0.000211961
        1751    -5.46084    -5.46449 0.000211851
        1752     -5.4608    -5.46449  0.00021174
        1753    -5.46075    -5.46448  0.00021163
        1754    -5.46038    -5.46448 0.000211522
        1755    -5.46066    -5.46448 0.000211413
        1756    -5.46061    -5.46448 0.000211304
        1757     -5.4612    -5.46447 0.000211192
        1758     -5.4605    -5.46447 0.000211084
        1759    -5.46044    -5.46447 0.000210976
        1760    -5.46071    -5.46447 0.000210867
        1761    -5.46098    -5.46447 0.000210757
        1762    -5.46091    -5.46446 0.000210647
        1763    -5.46118    -5.46446 0.000210536
        1764    -5.46144    -5.46446 0.000210423
        1765    -5.46105    -5.46446 0.000210313
        1766    -5.46098    -5.46446 0.000210203
        1767    -5.46091    -5.46445 0.000210094
        1768    -5.46117    -5.46445 0.000209983
        1769     -5.4611    -5.46445 0.000209873
        1770    -5.46168    -5.46445  0.00020976
        1771    -5.46226    -5.46445 0.000209645
        1772    -5.46251    -5.46445  0.00020953
        1773    -5.46244    -5.46445 0.000209415
        1774    -5.46237    -5.46444   0.0002093
        1775    -5.46165    -5.46444 0.000209188
        1776    -5.46158    -5.46444 0.000209077
        1777    -5.46151    -5.46444 0.000208965
        1778    -5.46144    -5.46444 0.000208855
        1779     -5.4604    -5.46444  0.00020875
        1780    -5.46066    -5.46443 0.000208643
        1781    -5.46059    -5.46443 0.000208537
        1782    -5.46053    -5.46443 0.000208432
        1783    -5.46111    -5.46443 0.000208323
        1784    -5.46169    -5.46443 0.000208212
        1785    -5.46195    -5.46442   0.0002081
        1786    -5.46189    -5.46442 0.000207988
        1787    -5.46119    -5.46442  0.00020788
        1788    -5.46113    -5.46442 0.000207771
        1789    -5.46108    -5.46442 0.000207664
        1790    -5.46135    -5.46442 0.000207555
        1791    -5.46129    -5.46441 0.000207446
        1792    -5.46092    -5.46441  0.00020734
        1793    -5.46087    -5.46441 0.000207233
        1794    -5.46018    -5.46441 0.000207131
        1795    -5.45981     -5.4644 0.000207032
        1796    -5.45977     -5.4644 0.000206932
        1797    -5.46006     -5.4644 0.000206831
        1798     -5.4597     -5.4644 0.000206733
        1799    -5.45902    -5.46439  0.00020664
        1800    -5.45835    -5.46439 0.000206552
        1801    -5.45897    -5.46439 0.000206459
        1802    -5.45927    -5.46439 0.000206364
        1803     -5.4586    -5.46438 0.000206275
        1804     -5.4589    -5.46438 0.000206183
        1805    -5.45824    -5.46438 0.000206097
        1806    -5.45823    -5.46437 0.000206011
        1807    -5.45822    -5.46437 0.000205925
        1808    -5.45789    -5.46437 0.000205842
        1809    -5.45821    -5.46436 0.000205756
        1810    -5.45821    -5.46436 0.000205671
        1811    -5.45822    -5.46435 0.000205585
        1812    -5.45855    -5.46435 0.000205497
        1813    -5.45888    -5.46435 0.000205405
        1814     -5.4589    -5.46435 0.000205314
        1815    -5.45859    -5.46434 0.000205225
        1816    -5.45861    -5.46434 0.000205137
        1817    -5.45831    -5.46434 0.000205051
        1818    -5.45802    -5.46433 0.000204967
        1819     -5.4587    -5.46433 0.000204878
        1820    -5.45905    -5.46433 0.000204786
        1821    -5.45941    -5.46432 0.000204691
        1822    -5.45848    -5.46432 0.000204604
        1823     -5.4582    -5.46432 0.000204519
        1824    -5.45825    -5.46431 0.000204434
        1825    -5.45797    -5.46431 0.000204352
        1826    -5.45867    -5.46431 0.000204263
        1827    -5.45808     -5.4643  0.00020418
        1828    -5.45846     -5.4643 0.000204093
        1829     -5.4582     -5.4643 0.000204009
        1830    -5.45826    -5.46429 0.000203924
        1831    -5.45865    -5.46429 0.000203836
        1832    -5.45904    -5.46429 0.000203745
        1833    -5.45944    -5.46429 0.000203651
        1834    -5.45919    -5.46428 0.000203559
        1835    -5.45926    -5.46428 0.000203466
        1836    -5.45901    -5.46428 0.000203376
        1837    -5.45877    -5.46427 0.000203287
        1838     -5.4595    -5.46427 0.000203193
        1839    -5.45958    -5.46427 0.000203099
        1840    -5.45934    -5.46427 0.000203006
        1841    -5.45975    -5.46426  0.00020291
        1842    -5.45951    -5.46426 0.000202817
        1843     -5.4596    -5.46426 0.000202722
        1844    -5.45969    -5.46426 0.000202628
        1845    -5.46011    -5.46425  0.00020253
        1846    -5.45955    -5.46425 0.000202437
        1847    -5.46061    -5.46425 0.000202337
        1848    -5.46038    -5.46425 0.000202238
        1849    -5.46047    -5.46425 0.000202139
        1850    -5.46057    -5.46424 0.000202039
        1851    -5.46033    -5.46424 0.000201941
        1852    -5.46107    -5.46424 0.000201839
        1853    -5.46084    -5.46424 0.000201739
        1854    -5.46093    -5.46424 0.000201638
        1855    -5.46103    -5.46423 0.000201537
        1856    -5.46079    -5.46423 0.000201437
        1857    -5.46088    -5.46423 0.000201336
        1858    -5.46064    -5.46423 0.000201237
        1859    -5.46137    -5.46423 0.000201135
        1860    -5.46146    -5.46423 0.000201032
        1861     -5.4609    -5.46422 0.000200932
        1862    -5.46163    -5.46422 0.000200829
        1863    -5.46074    -5.46422  0.00020073
        1864    -5.46081    -5.46422  0.00020063
        1865    -5.46121    -5.46422 0.000200529
        1866    -5.46096    -5.46422  0.00020043
        1867    -5.46103    -5.46421 0.000200329
        1868     -5.4611    -5.46421 0.000200229
        1869    -5.46116    -5.46421 0.000200129
        1870     -5.4609    -5.46421 0.000200029
        1871    -5.46096    -5.46421  0.00019993
        1872    -5.46101    -5.46421 0.000199831
        1873    -5.46139     -5.4642  0.00019973
        1874    -5.46176     -5.4642 0.000199627
        1875    -5.46181     -5.4642 0.000199525
        1876    -5.46185     -5.4642 0.000199422
        1877    -5.46221     -5.4642 0.000199319
        1878    -5.46258     -5.4642 0.000199215
        1879    -5.46261     -5.4642  0.00019911
        1880    -5.46231     -5.4642 0.000199007
        1881    -5.46234     -5.4642 0.000198904
        1882    -5.46366    -5.46419 0.000198798
        1883    -5.46368    -5.46419 0.000198693
        1884    -5.46434    -5.46419 0.000198587
        1885     -5.4637    -5.46419 0.000198482
        1886    -5.46306    -5.46419 0.000198378
        1887    -5.46339    -5.46419 0.000198273
        1888    -5.46372    -5.46419 0.000198168
        1889    -5.46371    -5.46419 0.000198064
        1890    -5.46371    -5.46419 0.000197959
        1891     -5.4637    -5.46419 0.000197855
        1892    -5.46368    -5.46419  0.00019775
        1893    -5.46431    -5.46419 0.000197646
        1894    -5.46429    -5.46419 0.000197541
        1895    -5.46427    -5.46419 0.000197437
        1896    -5.46457    -5.46419 0.000197333
        1897    -5.46487    -5.46419 0.000197229
        1898    -5.46483    -5.46419 0.000197126
        1899    -5.46383    -5.46419 0.000197022
        1900    -5.46347    -5.46419 0.000196919
        1901    -5.46343    -5.46419 0.000196815
        1902    -5.46307    -5.46419 0.000196713
        1903    -5.46238    -5.46419 0.000196612
        1904    -5.46266    -5.46419  0.00019651
        1905    -5.46261    -5.46419 0.000196409
        1906    -5.46256    -5.46419 0.000196308
        1907    -5.46284    -5.46419 0.000196206
        1908    -5.46311    -5.46419 0.000196104
        1909    -5.46306    -5.46419 0.000196002
        1910    -5.46333    -5.46419   0.0001959
        1911    -5.46295    -5.46419 0.000195799
        1912    -5.46289    -5.46418 0.000195697
        1913     -5.4638    -5.46418 0.000195595
        1914    -5.46407    -5.46418 0.000195493
        1915    -5.46434    -5.46418 0.000195391
        1916    -5.46428    -5.46418 0.000195289
        1917    -5.46422    -5.46418 0.000195187
        1918    -5.46481    -5.46418 0.000195086
        1919     -5.4641    -5.46418 0.000194984
        1920    -5.46307    -5.46418 0.000194883
        1921    -5.46236    -5.46418 0.000194784
        1922    -5.46263    -5.46418 0.000194684
        1923    -5.46257    -5.46418 0.000194585
        1924    -5.46284    -5.46418 0.000194485
        1925    -5.46278    -5.46418 0.000194385
        1926    -5.46207    -5.46418 0.000194288
        1927    -5.46169    -5.46418 0.000194191
        1928    -5.46164    -5.46418 0.000194095
        1929    -5.46158    -5.46417 0.000193999
        1930    -5.46186    -5.46417 0.000193902
        1931    -5.46181    -5.46417 0.000193805
        1932    -5.46143    -5.46417  0.00019371
        1933    -5.46171    -5.46417 0.000193614
        1934    -5.46133    -5.46417  0.00019352
        1935    -5.46161    -5.46417 0.000193424
        1936    -5.46156    -5.46417 0.000193329
        1937    -5.46152    -5.46416 0.000193234
        1938     -5.4618    -5.46416 0.000193138
        1939    -5.46111    -5.46416 0.000193045
        1940    -5.46042    -5.46416 0.000192955
        1941    -5.46039    -5.46416 0.000192866
        1942    -5.46035    -5.46416 0.000192776
        1943    -5.46031    -5.46415 0.000192687
        1944    -5.45996    -5.46415   0.0001926
        1945    -5.45928    -5.46415 0.000192517
        1946     -5.4599    -5.46415 0.000192431
        1947     -5.4602    -5.46414 0.000192343
        1948    -5.46049    -5.46414 0.000192253
        1949    -5.46047    -5.46414 0.000192164
        1950    -5.46045    -5.46414 0.000192074
        1951    -5.46042    -5.46414 0.000191985
        1952    -5.46073    -5.46414 0.000191895
        1953    -5.46103    -5.46413 0.000191803
        1954    -5.46102    -5.46413 0.000191712
        1955    -5.46101    -5.46413  0.00019162
        1956    -5.46132    -5.46413 0.000191528
        1957     -5.4613    -5.46413 0.000191435
        1958    -5.46194    -5.46413 0.000191341
        1959    -5.46161    -5.46413 0.000191248
        1960     -5.4616    -5.46412 0.000191154
        1961     -5.4616    -5.46412 0.000191061
        1962    -5.46192    -5.46412 0.000190967
        1963    -5.46159    -5.46412 0.000190874
        1964    -5.46192    -5.46412  0.00019078
        1965     -5.4616    -5.46412 0.000190687
        1966    -5.46128    -5.46412 0.000190596
        1967    -5.46128    -5.46412 0.000190505
        1968    -5.46161    -5.46411 0.000190412
        1969    -5.46194    -5.46411 0.000190318
        1970    -5.46227    -5.46411 0.000190224
        1971    -5.46163    -5.46411 0.000190132
        1972    -5.46163    -5.46411  0.00019004
        1973    -5.46164    -5.46411 0.000189947
        1974    -5.46198    -5.46411 0.000189854
        1975    -5.46199    -5.46411 0.000189761
        1976    -5.46265    -5.46411 0.000189667
        1977    -5.46234     -5.4641 0.000189573
        1978    -5.46267     -5.4641 0.000189478
        1979    -5.46333     -5.4641 0.000189383
        1980    -5.46238     -5.4641 0.000189289
        1981    -5.46239     -5.4641 0.000189196
        1982     -5.4624     -5.4641 0.000189102
        1983    -5.46209     -5.4641  0.00018901
        1984    -5.46211     -5.4641 0.000188917
        1985    -5.46212     -5.4641 0.000188824
        1986    -5.46148     -5.4641 0.000188734
        1987    -5.46279     -5.4641  0.00018864
        1988    -5.46313     -5.4641 0.000188546
        1989    -5.46379     -5.4641 0.000188451
        1990    -5.46381    -5.46409 0.000188356
        1991    -5.46414    -5.46409 0.000188262
        1992    -5.46415    -5.46409 0.000188167
        1993    -5.46384    -5.46409 0.000188073
        1994     -5.4645     -5.4641 0.000187979
        1995    -5.46517     -5.4641 0.000187885
        1996    -5.46486     -5.4641 0.000187792
        1997    -5.46519     -5.4641 0.000187698
        1998    -5.46521     -5.4641 0.000187605
        1999     -5.4649     -5.4641 0.000187512
        2000    -5.46491     -5.4641 0.000187418
