#     BLOCK:  ACTUAL_PE:     PE_AVE:      ERROR:
           1    -6.79307    -6.79307           0
           2    -6.79299    -6.79303  2.8386e-05
           3    -6.79285    -6.79297 5.09499e-05
           4    -6.79267    -6.79289 7.58926e-05
           5    -6.79242     -6.7928 0.000103335
           6    -6.79213    -6.79269 0.000133161
           7    -6.79178    -6.79256 0.000165239
           8    -6.79138    -6.79241  0.00019945
           9    -6.79093    -6.79225 0.000235694
          10    -6.79042    -6.79206 0.000273885
          11    -6.78986    -6.79186 0.000313955
          12    -6.78924    -6.79165 0.000355843
          13    -6.78857    -6.79141 0.000399501
          14    -6.78784    -6.79115 0.000444889
          15    -6.78706    -6.79088 0.000491972
          16    -6.78622    -6.79059 0.000540724
          17    -6.78532    -6.79028 0.000591123
          18    -6.78436    -6.78995 0.000643152
          19    -6.78335     -6.7896 0.000696798
          20    -6.78228    -6.78924 0.000752051
          21    -6.78115    -6.78885 0.000808908
          22    -6.77995    -6.78845 0.000867364
          23     -6.7787    -6.78802 0.000927421
          24    -6.77738    -6.78758 0.000989081
          25    -6.77585    -6.78711   0.0010549
          26    -6.77426    -6.78662  0.00112419
          27    -6.77275     -6.7861   0.0011941
          28    -6.77118    -6.78557  0.00126486
          29    -6.76953    -6.78502  0.00133665
          30    -6.76767    -6.78444  0.00141161
          31    -6.76559    -6.78383  0.00149128
          32    -6.76359     -6.7832  0.00157311
          33    -6.76167    -6.78255  0.00165522
          34    -6.75922    -6.78186  0.00174293
          35    -6.75685    -6.78115   0.0018338
          36     -6.7547    -6.78041  0.00192436
          37    -6.75248    -6.77966  0.00201502
          38    -6.74987    -6.77887  0.00210895
          39    -6.74748    -6.77807  0.00220311
          40    -6.74456    -6.77723  0.00230178
          41    -6.74201    -6.77637  0.00240062
          42    -6.73921    -6.77549  0.00250117
          43    -6.73603    -6.77457  0.00260588
          44    -6.73306    -6.77362  0.00271204
          45       -6.73    -6.77266  0.00281975
          46    -6.72654    -6.77165  0.00293128
          47    -6.72298    -6.77062  0.00304636
          48    -6.71963    -6.76955  0.00316268
          49    -6.71587    -6.76846  0.00328241
          50    -6.71217    -6.76733  0.00340438
          51     -6.7085    -6.76618  0.00352764
          52    -6.70443    -6.76499  0.00365418
          53    -6.70041    -6.76377  0.00378298
          54    -6.69626    -6.76252  0.00391406
          55    -6.69201    -6.76124  0.00404743
          56    -6.68733    -6.75992  0.00418481
          57    -6.68269    -6.75857  0.00432518
          58    -6.67823    -6.75718   0.0044669
          59    -6.67334    -6.75576  0.00461168
          60    -6.66818     -6.7543  0.00476023
          61    -6.66304     -6.7528  0.00491169
          62    -6.65806    -6.75128   0.0050646
          63    -6.65265    -6.74971  0.00522055
          64    -6.64695    -6.74811  0.00538021
          65    -6.64157    -6.74647  0.00554147
          66    -6.63574    -6.74479  0.00570582
          67    -6.62976    -6.74307  0.00587327
          68    -6.62394    -6.74132  0.00604256
          69    -6.61796    -6.73953  0.00621384
          70    -6.61183    -6.73771  0.00638725
          71    -6.60554    -6.73585  0.00656294
          72    -6.59925    -6.73395  0.00674043
          73    -6.59219    -6.73201  0.00692218
          74    -6.58557    -6.73003  0.00710588
          75    -6.57833    -6.72801  0.00729333
          76    -6.57107    -6.72594  0.00748398
          77    -6.56349    -6.72383  0.00767841
          78    -6.55604    -6.72168  0.00787556
          79    -6.54765    -6.71948  0.00807808
          80    -6.53969    -6.71723   0.0082838
          81    -6.53156    -6.71494  0.00849276
          82    -6.52308     -6.7126  0.00870551
          83    -6.51443    -6.71021  0.00892203
          84    -6.50589    -6.70778  0.00914138
          85    -6.49701     -6.7053   0.0093641
          86    -6.48809    -6.70277  0.00958978
          87    -6.47883     -6.7002  0.00981892
          88    -6.46954    -6.69758   0.0100511
          89     -6.4602    -6.69491    0.010286
          90    -6.45021    -6.69219   0.0105249
          91    -6.44049    -6.68943   0.0107666
          92    -6.43057    -6.68661    0.011011
          93    -6.42046    -6.68375   0.0112584
          94     -6.4106    -6.68084   0.0115075
          95    -6.40011    -6.67789   0.0117597
          96    -6.38927    -6.67488   0.0120154
          97    -6.37869    -6.67183   0.0122734
          98    -6.36748    -6.66872   0.0125349
          99    -6.35637    -6.66557   0.0127992
         100    -6.34464    -6.66236   0.0130674
         101    -6.33302     -6.6591   0.0133386
         102    -6.32122    -6.65579    0.013613
         103     -6.3094    -6.65242     0.01389
         104    -6.29695      -6.649   0.0141708
         105    -6.28418    -6.64553   0.0144555
         106     -6.2717      -6.642    0.014743
         107    -6.25921    -6.63843    0.015033
         108    -6.24626    -6.63479   0.0153261
         109    -6.23317    -6.63111   0.0156222
         110    -6.22007    -6.62737   0.0159208
         111      -6.207    -6.62359   0.0162215
         112    -6.19394    -6.61975   0.0165241
         113     -6.1809    -6.61587    0.016828
         114    -6.16729    -6.61193   0.0171343
         115    -6.15312    -6.60794   0.0174436
         116    -6.13959     -6.6039   0.0177543
         117    -6.12567    -6.59982    0.018067
         118    -6.11135    -6.59568    0.018382
         119    -6.09755    -6.59149   0.0186981
         120    -6.08352    -6.58726   0.0190154
         121    -6.06943    -6.58298   0.0193338
         122    -6.05468    -6.57865   0.0196543
         123    -6.04062    -6.57427   0.0199753
         124    -6.02592    -6.56985   0.0202978
         125    -6.01149    -6.56538   0.0206211
         126    -5.99718    -6.56088   0.0209447
         127    -5.98316    -6.55633   0.0212681
         128    -5.96897    -6.55174   0.0215912
         129    -5.95449    -6.54711   0.0219146
         130    -5.94001    -6.54244   0.0222381
         131    -5.92569    -6.53773   0.0225612
         132     -5.9117    -6.53299   0.0228833
         133    -5.89699    -6.52821   0.0232055
         134    -5.88232    -6.52339   0.0235276
         135    -5.86769    -6.51853   0.0238494
         136    -5.85372    -6.51364   0.0241698
         137    -5.83966    -6.50872    0.024489
         138    -5.82582    -6.50377   0.0248064
         139    -5.81191    -6.49879   0.0251224
         140    -5.79778    -6.49379    0.025437
         141    -5.78375    -6.48875   0.0257503
         142    -5.77011    -6.48369   0.0260615
         143    -5.75658    -6.47861   0.0263706
         144    -5.74331     -6.4735   0.0266773
         145    -5.73001    -6.46837   0.0269816
         146    -5.71638    -6.46322   0.0272839
         147    -5.70289    -6.45805   0.0275842
         148    -5.68983    -6.45286    0.027882
         149    -5.67677    -6.44765   0.0281771
         150    -5.66417    -6.44243   0.0284693
         151    -5.65187    -6.43719   0.0287581
         152    -5.63989    -6.43195   0.0290434
         153    -5.62762    -6.42669   0.0293255
         154    -5.61553    -6.42142   0.0296043
         155    -5.60408    -6.41615   0.0298793
         156    -5.59221    -6.41087   0.0301509
         157    -5.58053    -6.40558   0.0304192
         158    -5.56981    -6.40029   0.0306831
         159    -5.55869      -6.395   0.0309433
         160    -5.54778     -6.3897   0.0311997
         161    -5.53725    -6.38441    0.031452
         162    -5.52678    -6.37911   0.0317002
         163    -5.51669    -6.37382   0.0319442
         164    -5.50699    -6.36853   0.0321838
         165    -5.49708    -6.36325   0.0324192
         166    -5.48756    -6.35798   0.0326503
         167    -5.47829    -6.35271   0.0328769
         168    -5.46912    -6.34745   0.0330993
         169    -5.46006     -6.3422   0.0333173
         170    -5.45157    -6.33696   0.0335307
         171    -5.44335    -6.33174   0.0337394
         172    -5.43586    -6.32653   0.0339429
         173    -5.42834    -6.32134   0.0341414
         174     -5.4211    -6.31616    0.034335
         175      -5.414    -6.31101   0.0345236
         176    -5.40733    -6.30587   0.0347072
         177     -5.4008    -6.30076   0.0348857
         178    -5.39472    -6.29567   0.0350591
         179    -5.38863     -6.2906   0.0352276
         180    -5.38314    -6.28556   0.0353908
         181    -5.37824    -6.28055   0.0355485
         182     -5.3735    -6.27556   0.0357008
         183    -5.36876    -6.27061   0.0358479
         184    -5.36432    -6.26568   0.0359899
         185    -5.36047    -6.26079   0.0361265
         186    -5.35693    -6.25593   0.0362576
         187    -5.35338     -6.2511   0.0363835
         188    -5.34982    -6.24631   0.0365045
         189    -5.34716    -6.24155     0.03662
         190    -5.34448    -6.23683   0.0367304
         191    -5.34209    -6.23215   0.0368356
         192    -5.33982     -6.2275   0.0369358
         193    -5.33798    -6.22289   0.0370308
         194     -5.3364    -6.21832   0.0371208
         195    -5.33509    -6.21379   0.0372057
         196    -5.33389     -6.2093   0.0372858
         197    -5.33323    -6.20485   0.0373608
         198    -5.33236    -6.20045    0.037431
         199    -5.33202    -6.19608   0.0374965
         200    -5.33191    -6.19176   0.0375571
         201    -5.33231    -6.18749   0.0376129
         202    -5.33262    -6.18325    0.037664
         203    -5.33327    -6.17907   0.0377105
         204    -5.33411    -6.17493   0.0377524
         205    -5.33497    -6.17083     0.03779
         206    -5.33614    -6.16678   0.0378231
         207    -5.33717    -6.16277   0.0378521
         208     -5.3385    -6.15881    0.037877
         209    -5.34026    -6.15489   0.0378977
         210    -5.34169    -6.15102   0.0379146
         211    -5.34308    -6.14719   0.0379278
         212    -5.34519     -6.1434   0.0379371
         213    -5.34677    -6.13966   0.0379429
         214     -5.3489    -6.13597   0.0379451
         215     -5.3511    -6.13232   0.0379438
         216    -5.35336    -6.12871   0.0379391
         217    -5.35567    -6.12515   0.0379311
         218    -5.35803    -6.12163     0.03792
         219    -5.36027    -6.11815   0.0379059
         220    -5.36239    -6.11472   0.0378889
         221    -5.36513    -6.11133    0.037869
         222    -5.36758    -6.10798   0.0378463
         223    -5.37019    -6.10467    0.037821
         224     -5.3725     -6.1014   0.0377931
         225    -5.37479    -6.09817   0.0377628
         226    -5.37708    -6.09498   0.0377303
         227    -5.37934    -6.09183   0.0376956
         228    -5.38173    -6.08871   0.0376587
         229    -5.38379    -6.08564   0.0376198
         230    -5.38627    -6.08259    0.037579
         231    -5.38811    -6.07959   0.0375363
         232    -5.39021    -6.07662    0.037492
         233    -5.39212    -6.07368    0.037446
         234    -5.39428    -6.07078   0.0373984
         235    -5.39625    -6.06791   0.0373492
         236    -5.39832    -6.06507   0.0372985
         237    -5.40018    -6.06226   0.0372465
         238    -5.40245    -6.05949   0.0371931
         239    -5.40406    -6.05675   0.0371384
         240    -5.40592    -6.05404   0.0370825
         241    -5.40758    -6.05135   0.0370256
         242    -5.40903     -6.0487   0.0369676
         243    -5.41072    -6.04607   0.0369085
         244    -5.41207    -6.04348   0.0368486
         245    -5.41351     -6.0409   0.0367878
         246    -5.41475    -6.03836   0.0367262
         247    -5.41594    -6.03584   0.0366639
         248    -5.41754    -6.03335   0.0366007
         249    -5.41909    -6.03088   0.0365368
         250    -5.42029    -6.02844   0.0364722
         251    -5.42175    -6.02602   0.0364069
         252    -5.42316    -6.02363   0.0363409
         253    -5.42424    -6.02126   0.0362744
         254    -5.42527    -6.01891   0.0362074
         255    -5.42612    -6.01659     0.03614
         256    -5.42708    -6.01428   0.0360721
         257    -5.42801      -6.012   0.0360038
         258    -5.42891    -6.00974   0.0359351
         259    -5.42948     -6.0075   0.0358661
         260    -5.43018    -6.00528   0.0357968
         261    -5.43115    -6.00308   0.0357272
         262    -5.43195     -6.0009   0.0356573
         263    -5.43287    -5.99874   0.0355871
         264    -5.43363     -5.9966   0.0355166
         265    -5.43483    -5.99448   0.0354458
         266     -5.4354    -5.99238   0.0353748
         267    -5.43596     -5.9903   0.0353036
         268     -5.4365    -5.98823   0.0352323
         269    -5.43719    -5.98618   0.0351608
         270    -5.43786    -5.98415   0.0350892
         271    -5.43823    -5.98214   0.0350175
         272    -5.43889    -5.98014   0.0349457
         273    -5.43969    -5.97816   0.0348737
         274    -5.44003     -5.9762   0.0348017
         275    -5.44051    -5.97425   0.0347296
         276    -5.44099    -5.97232   0.0346575
         277    -5.44162     -5.9704   0.0345853
         278    -5.44224     -5.9685    0.034513
         279    -5.44285    -5.96662   0.0344407
         280    -5.44361    -5.96475   0.0343683
         281    -5.44451     -5.9629   0.0342958
         282    -5.44496    -5.96106   0.0342234
         283    -5.44555    -5.95924   0.0341509
         284    -5.44614    -5.95743   0.0340784
         285    -5.44671    -5.95564   0.0340059
         286    -5.44744    -5.95386   0.0339334
         287    -5.44845     -5.9521   0.0338608
         288    -5.44871    -5.95035   0.0337883
         289    -5.44926    -5.94862   0.0337159
         290    -5.44965     -5.9469   0.0336435
         291    -5.44987    -5.94519   0.0335712
         292     -5.4504     -5.9435    0.033499
         293    -5.45106    -5.94182   0.0334268
         294    -5.45156    -5.94015   0.0333546
         295    -5.45205    -5.93849   0.0332826
         296    -5.45253    -5.93685   0.0332106
         297    -5.45269    -5.93522   0.0331388
         298     -5.4533     -5.9336    0.033067
         299    -5.45359      -5.932   0.0329954
         300    -5.45417    -5.93041   0.0329238
         301    -5.45474    -5.92883   0.0328523
         302    -5.45515    -5.92726    0.032781
         303    -5.45539     -5.9257   0.0327097
         304    -5.45593    -5.92416   0.0326386
         305    -5.45645    -5.92262   0.0325676
         306    -5.45666     -5.9211   0.0324968
         307    -5.45701    -5.91959    0.032426
         308    -5.45766    -5.91809   0.0323554
         309    -5.45814     -5.9166   0.0322849
         310    -5.45817    -5.91512   0.0322146
         311    -5.45834    -5.91365   0.0321445
         312    -5.45881    -5.91219   0.0320745
         313    -5.45912    -5.91075   0.0320047
         314    -5.45898    -5.90931   0.0319351
         315    -5.45945    -5.90788   0.0318656
         316    -5.45976    -5.90646   0.0317963
         317    -5.46008    -5.90505   0.0317272
         318    -5.46071    -5.90366   0.0316582
         319    -5.46089    -5.90227   0.0315894
         320    -5.46123    -5.90089   0.0315207
         321    -5.46158    -5.89952   0.0314522
         322    -5.46209    -5.89816   0.0313838
         323    -5.46292    -5.89681   0.0313156
         324    -5.46391    -5.89548   0.0312474
         325    -5.46401    -5.89415   0.0311795
         326    -5.46473    -5.89283   0.0311116
         327    -5.46532    -5.89153    0.031044
         328    -5.46562    -5.89023   0.0309765
         329    -5.46625    -5.88894   0.0309091
         330    -5.46674    -5.88766   0.0308419
         331     -5.4674    -5.88639   0.0307748
         332    -5.46793    -5.88513    0.030708
         333    -5.46878    -5.88388   0.0306412
         334     -5.4695    -5.88264   0.0305745
         335    -5.47024    -5.88141   0.0305081
         336    -5.47114    -5.88019   0.0304417
         337    -5.47161    -5.87897   0.0303755
         338    -5.47224    -5.87777   0.0303094
         339    -5.47288    -5.87658   0.0302436
         340    -5.47383    -5.87539   0.0301778
         341    -5.47404    -5.87422   0.0301122
         342     -5.4744    -5.87305   0.0300469
         343    -5.47522    -5.87189   0.0299816
         344    -5.47589    -5.87074   0.0299166
         345    -5.47655    -5.86959   0.0298517
         346    -5.47736    -5.86846   0.0297869
         347    -5.47771    -5.86733   0.0297224
         348    -5.47819    -5.86621    0.029658
         349    -5.47896    -5.86511   0.0295937
         350    -5.47942      -5.864   0.0295297
         351     -5.4797    -5.86291   0.0294659
         352    -5.48055    -5.86182   0.0294022
         353    -5.48123    -5.86074   0.0293386
         354    -5.48188    -5.85967   0.0292753
         355    -5.48234    -5.85861   0.0292121
         356    -5.48277    -5.85755   0.0291491
         357    -5.48315    -5.85651   0.0290863
         358    -5.48334    -5.85546   0.0290237
         359    -5.48349    -5.85443   0.0289614
         360    -5.48374     -5.8534   0.0288992
         361    -5.48363    -5.85237   0.0288373
         362    -5.48378    -5.85136   0.0287756
         363    -5.48358    -5.85034   0.0287142
         364    -5.48392    -5.84934    0.028653
         365    -5.48391    -5.84833   0.0285919
         366    -5.48355    -5.84734   0.0285312
         367    -5.48358    -5.84635   0.0284707
         368    -5.48325    -5.84536   0.0284104
         369    -5.48286    -5.84438   0.0283504
         370    -5.48242     -5.8434   0.0282906
         371    -5.48193    -5.84243   0.0282311
         372    -5.48138    -5.84145   0.0281719
         373    -5.48077    -5.84049    0.028113
         374    -5.48027    -5.83952   0.0280543
         375    -5.47971    -5.83856   0.0279959
         376     -5.4788    -5.83761   0.0279378
         377    -5.47815    -5.83665     0.02788
         378    -5.47745     -5.8357   0.0278224
         379    -5.47685    -5.83476   0.0277651
         380    -5.47577    -5.83381   0.0277081
         381    -5.47494    -5.83287   0.0276514
         382    -5.47393    -5.83193   0.0275949
         383    -5.47303    -5.83099   0.0275388
         384     -5.4721    -5.83006   0.0274829
         385     -5.4713    -5.82913   0.0274273
         386    -5.47017     -5.8282   0.0273721
         387    -5.46901    -5.82727   0.0273171
         388    -5.46708    -5.82634   0.0272624
         389    -5.46604    -5.82541   0.0272081
         390    -5.46514    -5.82449    0.027154
         391    -5.46393    -5.82357   0.0271002
         392     -5.4627    -5.82265   0.0270467
         393    -5.46147    -5.82173   0.0269935
         394    -5.46024    -5.82081   0.0269405
         395    -5.45931     -5.8199   0.0268879
         396    -5.45823    -5.81898   0.0268355
         397    -5.45731    -5.81807   0.0267834
         398    -5.45655    -5.81716   0.0267315
         399     -5.4552    -5.81626   0.0266798
         400    -5.45416    -5.81535   0.0266285
         401    -5.45328    -5.81445   0.0265774
         402    -5.45258    -5.81355   0.0265265
         403    -5.45159    -5.81265   0.0264759
         404    -5.45062    -5.81175   0.0264255
         405    -5.44968    -5.81086   0.0263754
         406    -5.44861    -5.80997   0.0263255
         407    -5.44758    -5.80908   0.0262759
         408    -5.44672    -5.80819   0.0262265
         409    -5.44559     -5.8073   0.0261774
         410     -5.4448    -5.80642   0.0261284
         411    -5.44419    -5.80554   0.0260797
         412    -5.44332    -5.80466   0.0260312
         413    -5.44263    -5.80378    0.025983
         414    -5.44184    -5.80291   0.0259349
         415    -5.44153    -5.80204    0.025887
         416    -5.44097    -5.80117   0.0258393
         417    -5.43999     -5.8003   0.0257919
         418    -5.43951    -5.79944   0.0257446
         419    -5.43923    -5.79858   0.0256975
         420    -5.43824    -5.79772   0.0256507
         421     -5.4379    -5.79687    0.025604
         422    -5.43746    -5.79602   0.0255575
         423    -5.43722    -5.79517   0.0255111
         424    -5.43703    -5.79432   0.0254649
         425    -5.43705    -5.79348   0.0254189
         426    -5.43696    -5.79265    0.025373
         427    -5.43709    -5.79181   0.0253272
         428    -5.43727    -5.79098   0.0252816
         429     -5.4372    -5.79016   0.0252361
         430    -5.43704    -5.78934   0.0251908
         431     -5.4371    -5.78852   0.0251456
         432    -5.43767    -5.78771   0.0251005
         433    -5.43816     -5.7869   0.0250555
         434    -5.43856     -5.7861   0.0250106
         435    -5.43903     -5.7853   0.0249658
         436    -5.43926    -5.78451   0.0249212
         437    -5.43987    -5.78372   0.0248766
         438    -5.44039    -5.78293   0.0248322
         439    -5.44114    -5.78216   0.0247878
         440    -5.44151    -5.78138   0.0247436
         441    -5.44226    -5.78061   0.0246994
         442    -5.44339    -5.77985   0.0246553
         443    -5.44459    -5.77909   0.0246113
         444    -5.44557    -5.77834   0.0245673
         445    -5.44678     -5.7776   0.0245234
         446    -5.44807    -5.77686   0.0244795
         447    -5.44943    -5.77613   0.0244357
         448    -5.45073     -5.7754    0.024392
         449    -5.45255    -5.77468   0.0243483
         450    -5.45401    -5.77397   0.0243046
         451    -5.45569    -5.77326   0.0242609
         452     -5.4576    -5.77256   0.0242173
         453    -5.45959    -5.77187   0.0241737
         454     -5.4615    -5.77119   0.0241301
         455    -5.46334    -5.77051   0.0240866
         456    -5.46524    -5.76984    0.024043
         457    -5.46737    -5.76918   0.0239995
         458    -5.46956    -5.76853   0.0239561
         459    -5.47182    -5.76788   0.0239126
         460    -5.47398    -5.76724   0.0238691
         461    -5.47605    -5.76661   0.0238257
         462    -5.47817    -5.76599   0.0237823
         463     -5.4811    -5.76537   0.0237389
         464    -5.48363    -5.76476   0.0236955
         465    -5.48619    -5.76416   0.0236521
         466    -5.48879    -5.76357   0.0236088
         467    -5.49158    -5.76299   0.0235654
         468    -5.49455    -5.76242    0.023522
         469    -5.49738    -5.76185   0.0234786
         470    -5.50039     -5.7613   0.0234353
         471    -5.50311    -5.76075   0.0233919
         472    -5.50568    -5.76021   0.0233486
         473    -5.50841    -5.75967   0.0233053
         474    -5.51129    -5.75915    0.023262
         475    -5.51401    -5.75863   0.0232188
         476    -5.51672    -5.75813   0.0231756
         477    -5.51942    -5.75763   0.0231324
         478    -5.52194    -5.75713   0.0230892
         479     -5.5246    -5.75665   0.0230461
         480    -5.52752    -5.75617   0.0230031
         481    -5.52981     -5.7557   0.0229601
         482    -5.53266    -5.75524   0.0229171
         483    -5.53548    -5.75478   0.0228742
         484    -5.53765    -5.75433   0.0228313
         485    -5.54052    -5.75389   0.0227885
         486    -5.54289    -5.75346   0.0227457
         487    -5.54536    -5.75303    0.022703
         488    -5.54763    -5.75261   0.0226604
         489    -5.55044     -5.7522   0.0226178
         490    -5.55258    -5.75179   0.0225754
         491    -5.55481    -5.75139   0.0225329
         492    -5.55698    -5.75099   0.0224906
         493    -5.55893     -5.7506   0.0224484
         494    -5.56052    -5.75022   0.0224062
         495    -5.56249    -5.74984   0.0223642
         496    -5.56409    -5.74946   0.0223222
         497    -5.56562    -5.74909   0.0222804
         498    -5.56723    -5.74873   0.0222386
         499    -5.56877    -5.74837    0.022197
         500    -5.56979    -5.74801   0.0221554
         501    -5.57105    -5.74766    0.022114
         502    -5.57253    -5.74731   0.0220727
         503    -5.57411    -5.74697   0.0220315
         504    -5.57531    -5.74662   0.0219905
         505    -5.57645    -5.74629   0.0219495
         506    -5.57721    -5.74595   0.0219087
         507    -5.57822    -5.74562    0.021868
         508    -5.57932     -5.7453   0.0218274
         509     -5.5802    -5.74497   0.0217869
         510    -5.58118    -5.74465   0.0217465
         511    -5.58194    -5.74433   0.0217063
         512    -5.58265    -5.74402   0.0216662
         513    -5.58345     -5.7437   0.0216262
         514    -5.58404    -5.74339   0.0215864
         515    -5.58474    -5.74308   0.0215467
         516    -5.58553    -5.74278   0.0215071
         517    -5.58598    -5.74248   0.0214676
         518    -5.58637    -5.74217   0.0214283
         519    -5.58657    -5.74187   0.0213891
         520    -5.58688    -5.74158     0.02135
         521    -5.58715    -5.74128   0.0213111
         522    -5.58722    -5.74098   0.0212723
         523    -5.58725    -5.74069   0.0212337
         524    -5.58725     -5.7404   0.0211952
         525    -5.58736    -5.74011   0.0211568
         526    -5.58744    -5.73982   0.0211186
         527    -5.58734    -5.73953   0.0210805
         528     -5.5872    -5.73924   0.0210425
         529    -5.58718    -5.73895   0.0210047
         530    -5.58653    -5.73866   0.0209671
         531    -5.58677    -5.73838   0.0209295
         532    -5.58667    -5.73809   0.0208921
         533     -5.5867    -5.73781   0.0208549
         534    -5.58641    -5.73752   0.0208177
         535    -5.58624    -5.73724   0.0207808
         536    -5.58606    -5.73696   0.0207439
         537    -5.58615    -5.73668   0.0207072
         538    -5.58593     -5.7364   0.0206706
         539    -5.58599    -5.73612   0.0206341
         540    -5.58573    -5.73584   0.0205978
         541    -5.58546    -5.73556   0.0205616
         542    -5.58502    -5.73529   0.0205255
         543    -5.58441    -5.73501   0.0204896
         544    -5.58394    -5.73473   0.0204538
         545    -5.58361    -5.73445   0.0204182
         546    -5.58327    -5.73418   0.0203826
         547    -5.58307     -5.7339   0.0203473
         548      -5.583    -5.73362    0.020312
         549    -5.58202    -5.73335   0.0202769
         550    -5.58164    -5.73307   0.0202419
         551    -5.58109     -5.7328    0.020207
         552    -5.58023    -5.73252   0.0201723
         553    -5.57981    -5.73224   0.0201377
         554    -5.57938    -5.73197   0.0201033
         555     -5.5788    -5.73169   0.0200689
         556    -5.57835    -5.73142   0.0200347
         557    -5.57789    -5.73114   0.0200007
         558    -5.57758    -5.73087   0.0199667
         559    -5.57725    -5.73059   0.0199329
         560    -5.57677    -5.73032   0.0198992
         561    -5.57672    -5.73004   0.0198656
         562    -5.57621    -5.72977   0.0198321
         563    -5.57569    -5.72949   0.0197988
         564    -5.57531    -5.72922   0.0197656
         565    -5.57492    -5.72895   0.0197325
         566     -5.5739    -5.72867   0.0196995
         567    -5.57333     -5.7284   0.0196667
         568    -5.57229    -5.72813    0.019634
         569     -5.5717    -5.72785   0.0196014
         570    -5.57123    -5.72758   0.0195689
         571     -5.5703     -5.7273   0.0195366
         572    -5.56965    -5.72702   0.0195044
         573    -5.56914    -5.72675   0.0194723
         574    -5.56831    -5.72647   0.0194403
         575    -5.56777     -5.7262   0.0194085
         576     -5.5669    -5.72592   0.0193767
         577    -5.56616    -5.72564   0.0193451
         578     -5.5654    -5.72537   0.0193137
         579    -5.56447    -5.72509   0.0192823
         580    -5.56366    -5.72481   0.0192511
         581    -5.56284    -5.72453   0.0192199
         582    -5.56199    -5.72425    0.019189
         583    -5.56112    -5.72397   0.0191581
         584    -5.56022    -5.72369   0.0191273
         585    -5.55945    -5.72341   0.0190967
         586    -5.55835    -5.72313   0.0190662
         587    -5.55752    -5.72285   0.0190358
         588    -5.55667    -5.72256   0.0190055
         589    -5.55519    -5.72228   0.0189754
         590    -5.55413      -5.722   0.0189453
         591    -5.55304    -5.72171   0.0189154
         592    -5.55207    -5.72142   0.0188857
         593    -5.55063    -5.72114    0.018856
         594     -5.5496    -5.72085   0.0188265
         595    -5.54825    -5.72056   0.0187971
         596    -5.54716    -5.72027   0.0187678
         597     -5.5459    -5.71997   0.0187386
         598    -5.54461    -5.71968   0.0187096
         599    -5.54298    -5.71939   0.0186807
         600    -5.54133    -5.71909   0.0186519
         601    -5.53965    -5.71879   0.0186232
         602    -5.53854    -5.71849   0.0185947
         603    -5.53695    -5.71819   0.0185663
         604    -5.53549    -5.71789    0.018538
         605    -5.53385    -5.71758   0.0185099
         606    -5.53234    -5.71728   0.0184819
         607     -5.5308    -5.71697    0.018454
         608    -5.52893    -5.71666   0.0184262
         609    -5.52735    -5.71635   0.0183986
         610    -5.52559    -5.71604   0.0183711
         611    -5.52426    -5.71572   0.0183437
         612    -5.52292    -5.71541   0.0183164
         613     -5.5211    -5.71509   0.0182893
         614    -5.51927    -5.71477   0.0182623
         615    -5.51757    -5.71445   0.0182354
         616      -5.516    -5.71413   0.0182086
         617    -5.51413     -5.7138    0.018182
         618    -5.51238    -5.71348   0.0181555
         619    -5.51033    -5.71315   0.0181292
         620    -5.50842    -5.71282   0.0181029
         621    -5.50619    -5.71249   0.0180768
         622    -5.50441    -5.71215   0.0180509
         623    -5.50263    -5.71182    0.018025
         624    -5.50099    -5.71148   0.0179993
         625     -5.4995    -5.71114   0.0179737
         626    -5.49755     -5.7108   0.0179482
         627    -5.49544    -5.71046   0.0179229
         628    -5.49349    -5.71011   0.0178977
         629    -5.49183    -5.70976   0.0178726
         630    -5.49002    -5.70941   0.0178476
         631    -5.48821    -5.70906   0.0178228
         632     -5.4864    -5.70871   0.0177981
         633    -5.48444    -5.70836   0.0177735
         634    -5.48278      -5.708    0.017749
         635    -5.48112    -5.70764   0.0177246
         636    -5.47931    -5.70728   0.0177004
         637    -5.47735    -5.70692   0.0176763
         638    -5.47554    -5.70656   0.0176523
         639    -5.47373     -5.7062   0.0176284
         640    -5.47192    -5.70583   0.0176047
         641    -5.47041    -5.70546   0.0175811
         642     -5.4683    -5.70509   0.0175576
         643    -5.46649    -5.70472   0.0175342
         644    -5.46467    -5.70435   0.0175109
         645     -5.4627    -5.70398   0.0174878
         646    -5.46043     -5.7036   0.0174648
         647    -5.45876    -5.70322   0.0174419
         648    -5.45678    -5.70284   0.0174191
         649    -5.45495    -5.70246   0.0173965
         650    -5.45311    -5.70207   0.0173739
         651    -5.45097    -5.70169   0.0173515
         652    -5.44958     -5.7013   0.0173292
         653    -5.44773    -5.70091    0.017307
         654    -5.44573    -5.70052    0.017285
         655    -5.44402    -5.70013    0.017263
         656    -5.44231    -5.69974   0.0172412
         657    -5.44059    -5.69934   0.0172194
         658    -5.43917    -5.69895   0.0171978
         659    -5.43714    -5.69855   0.0171763
         660    -5.43526    -5.69815   0.0171549
         661    -5.43367    -5.69775   0.0171336
         662    -5.43178    -5.69735   0.0171124
         663    -5.42959    -5.69695   0.0170914
         664    -5.42769    -5.69654   0.0170705
         665    -5.42595    -5.69613   0.0170496
         666    -5.42406    -5.69573   0.0170289
         667    -5.42202    -5.69532   0.0170083
         668    -5.42014     -5.6949   0.0169879
         669    -5.41826    -5.69449   0.0169675
         670    -5.41638    -5.69408   0.0169473
         671    -5.41422    -5.69366   0.0169271
         672    -5.41222    -5.69324   0.0169071
         673    -5.41038    -5.69282   0.0168872
         674    -5.40856     -5.6924   0.0168674
         675    -5.40707    -5.69197   0.0168477
         676    -5.40468    -5.69155   0.0168282
         677    -5.40248    -5.69112   0.0168087
         678    -5.40045    -5.69069   0.0167894
         679    -5.39875    -5.69026   0.0167702
         680    -5.39678    -5.68983   0.0167511
         681      -5.395     -5.6894   0.0167321
         682     -5.3934    -5.68897   0.0167132
         683    -5.39215    -5.68853   0.0166944
         684    -5.39048    -5.68809   0.0166756
         685    -5.38947    -5.68766    0.016657
         686     -5.3876    -5.68722   0.0166384
         687    -5.38653    -5.68678     0.01662
         688    -5.38521    -5.68635   0.0166016
         689    -5.38395    -5.68591   0.0165833
         690     -5.3826    -5.68547   0.0165651
         691     -5.3813    -5.68503    0.016547
         692    -5.38022    -5.68459   0.0165289
         693     -5.3795    -5.68415   0.0165109
         694    -5.37825    -5.68371    0.016493
         695    -5.37722    -5.68326   0.0164752
         696    -5.37641    -5.68282   0.0164574
         697    -5.37537    -5.68238   0.0164397
         698    -5.37455    -5.68194   0.0164221
         699    -5.37395     -5.6815   0.0164045
         700    -5.37359    -5.68106    0.016387
         701    -5.37314    -5.68062   0.0163695
         702    -5.37278    -5.68018    0.016352
         703    -5.37249    -5.67975   0.0163346
         704    -5.37243    -5.67931   0.0163172
         705     -5.3723    -5.67887   0.0162999
         706    -5.37224    -5.67844   0.0162826
         707    -5.37241    -5.67801   0.0162653
         708    -5.37267    -5.67758   0.0162481
         709    -5.37285    -5.67715   0.0162308
         710     -5.3731    -5.67672   0.0162136
         711    -5.37359    -5.67629   0.0161964
         712      -5.374    -5.67587   0.0161792
         713    -5.37418    -5.67544   0.0161621
         714    -5.37489    -5.67502   0.0161449
         715    -5.37568     -5.6746   0.0161278
         716    -5.37654    -5.67419   0.0161106
         717    -5.37701    -5.67377   0.0160935
         718    -5.37786    -5.67336   0.0160763
         719    -5.37877    -5.67295   0.0160592
         720     -5.3796    -5.67254   0.0160421
         721    -5.38065    -5.67214   0.0160249
         722     -5.3816    -5.67174   0.0160078
         723    -5.38262    -5.67134   0.0159906
         724    -5.38384    -5.67094   0.0159735
         725    -5.38512    -5.67054   0.0159563
         726    -5.38646    -5.67015   0.0159391
         727    -5.38769    -5.66977   0.0159219
         728    -5.38868    -5.66938   0.0159048
         729    -5.38986      -5.669   0.0158876
         730    -5.39154    -5.66862   0.0158703
         731    -5.39326    -5.66824   0.0158531
         732    -5.39487    -5.66787   0.0158358
         733    -5.39666     -5.6675   0.0158186
         734    -5.39849    -5.66713   0.0158012
         735    -5.40066    -5.66677   0.0157839
         736    -5.40224    -5.66641   0.0157666
         737    -5.40385    -5.66605   0.0157492
         738    -5.40549     -5.6657   0.0157318
         739    -5.40745    -5.66535   0.0157144
         740    -5.40867      -5.665    0.015697
         741    -5.41036    -5.66466   0.0156796
         742    -5.41252    -5.66432   0.0156621
         743    -5.41408    -5.66398   0.0156447
         744    -5.41581    -5.66365   0.0156272
         745    -5.41799    -5.66332   0.0156097
         746    -5.41972    -5.66299   0.0155922
         747    -5.42115    -5.66267   0.0155747
         748    -5.42303    -5.66235   0.0155571
         749    -5.42476    -5.66203   0.0155396
         750    -5.42679    -5.66172    0.015522
         751    -5.42866    -5.66141   0.0155045
         752    -5.43036     -5.6611   0.0154869
         753    -5.43221    -5.66079   0.0154693
         754    -5.43374    -5.66049   0.0154517
         755    -5.43541     -5.6602   0.0154341
         756    -5.43706     -5.6599   0.0154166
         757    -5.43885    -5.65961    0.015399
         758    -5.44061    -5.65932   0.0153813
         759    -5.44251    -5.65903   0.0153637
         760    -5.44438    -5.65875   0.0153461
         761    -5.44624    -5.65847   0.0153285
         762    -5.44806     -5.6582   0.0153109
         763    -5.44971    -5.65792   0.0152932
         764    -5.45133    -5.65765   0.0152756
         765    -5.45262    -5.65738    0.015258
         766    -5.45419    -5.65712   0.0152404
         767    -5.45557    -5.65686   0.0152228
         768    -5.45723     -5.6566   0.0152052
         769    -5.45855    -5.65634   0.0151876
         770    -5.45998    -5.65608     0.01517
         771    -5.46139    -5.65583   0.0151524
         772    -5.46246    -5.65558   0.0151349
         773    -5.46379    -5.65533   0.0151173
         774    -5.46524    -5.65509   0.0150998
         775     -5.4662    -5.65484   0.0150823
         776    -5.46743     -5.6546   0.0150648
         777    -5.46876    -5.65436   0.0150473
         778     -5.4693    -5.65412   0.0150298
         779    -5.47025    -5.65389   0.0150124
         780    -5.47117    -5.65365   0.0149949
         781    -5.47279    -5.65342   0.0149775
         782    -5.47376    -5.65319   0.0149601
         783    -5.47469    -5.65297   0.0149428
         784    -5.47573    -5.65274   0.0149254
         785    -5.47672    -5.65251   0.0149081
         786     -5.4775    -5.65229   0.0148908
         787    -5.47824    -5.65207   0.0148735
         788    -5.47923    -5.65185   0.0148563
         789    -5.48001    -5.65163    0.014839
         790     -5.4806    -5.65142   0.0148218
         791    -5.48127     -5.6512   0.0148046
         792    -5.48174    -5.65099   0.0147875
         793    -5.48231    -5.65078   0.0147704
         794    -5.48266    -5.65056   0.0147533
         795     -5.4825    -5.65035   0.0147363
         796    -5.48288    -5.65014   0.0147192
         797    -5.48306    -5.64993   0.0147023
         798    -5.48286    -5.64972   0.0146853
         799    -5.48275    -5.64951   0.0146684
         800    -5.48273    -5.64931   0.0146516
         801    -5.48265     -5.6491   0.0146348
         802     -5.4828    -5.64889    0.014618
         803    -5.48273    -5.64868   0.0146013
         804    -5.48244    -5.64848   0.0145846
         805    -5.48193    -5.64827   0.0145679
         806    -5.48136    -5.64806   0.0145513
         807    -5.48087    -5.64786   0.0145347
         808    -5.48016    -5.64765   0.0145182
         809    -5.47969    -5.64744   0.0145018
         810      -5.479    -5.64723   0.0144854
         811     -5.4787    -5.64702    0.014469
         812    -5.47803    -5.64682   0.0144527
         813    -5.47745    -5.64661   0.0144364
         814    -5.47636     -5.6464   0.0144202
         815    -5.47522    -5.64619    0.014404
         816    -5.47416    -5.64598   0.0143879
         817    -5.47306    -5.64577   0.0143718
         818    -5.47145    -5.64555   0.0143559
         819    -5.47055    -5.64534   0.0143399
         820    -5.46931    -5.64512    0.014324
         821    -5.46803    -5.64491   0.0143082
         822    -5.46671    -5.64469   0.0142925
         823    -5.46537    -5.64447   0.0142767
         824    -5.46399    -5.64426   0.0142611
         825    -5.46245    -5.64404   0.0142455
         826    -5.46104    -5.64381     0.01423
         827    -5.45977    -5.64359   0.0142145
         828    -5.45834    -5.64337   0.0141991
         829    -5.45676    -5.64314   0.0141838
         830    -5.45519    -5.64292   0.0141685
         831    -5.45438    -5.64269   0.0141533
         832    -5.45283    -5.64246   0.0141381
         833     -5.4516    -5.64223    0.014123
         834     -5.4504      -5.642   0.0141079
         835    -5.44922    -5.64177   0.0140929
         836    -5.44824    -5.64154   0.0140779
         837    -5.44668    -5.64131   0.0140631
         838    -5.44578    -5.64107   0.0140482
         839    -5.44461    -5.64084   0.0140334
         840    -5.44365     -5.6406   0.0140187
         841    -5.44274    -5.64037    0.014004
         842    -5.44189    -5.64013   0.0139893
         843    -5.44079     -5.6399   0.0139747
         844    -5.44035    -5.63966   0.0139602
         845    -5.43952    -5.63942   0.0139457
         846    -5.43891    -5.63919   0.0139312
         847     -5.4379    -5.63895   0.0139168
         848     -5.4374    -5.63871   0.0139024
         849    -5.43681    -5.63847    0.013888
         850    -5.43598    -5.63823   0.0138738
         851     -5.4355      -5.638   0.0138595
         852    -5.43538    -5.63776   0.0138453
         853    -5.43486    -5.63752   0.0138311
         854    -5.43454    -5.63728   0.0138169
         855    -5.43442    -5.63705   0.0138028
         856    -5.43418    -5.63681   0.0137887
         857    -5.43399    -5.63657   0.0137747
         858    -5.43382    -5.63634   0.0137606
         859    -5.43369     -5.6361   0.0137466
         860    -5.43358    -5.63586   0.0137327
         861    -5.43364    -5.63563   0.0137187
         862    -5.43357     -5.6354   0.0137048
         863    -5.43336    -5.63516   0.0136909
         864    -5.43345    -5.63493   0.0136771
         865     -5.4334    -5.63469   0.0136632
         866    -5.43349    -5.63446   0.0136494
         867    -5.43373    -5.63423   0.0136357
         868    -5.43335      -5.634   0.0136219
         869    -5.43326    -5.63377   0.0136082
         870    -5.43331    -5.63354   0.0135945
         871    -5.43348    -5.63331   0.0135808
         872    -5.43318    -5.63308   0.0135672
         873      -5.433    -5.63285   0.0135536
         874    -5.43278    -5.63262     0.01354
         875    -5.43269    -5.63239   0.0135265
         876    -5.43241    -5.63216    0.013513
         877    -5.43225    -5.63194   0.0134995
         878    -5.43205    -5.63171    0.013486
         879    -5.43181    -5.63148   0.0134726
         880    -5.43138    -5.63125   0.0134592
         881     -5.4303    -5.63103   0.0134459
         882    -5.42949     -5.6308   0.0134326
         883    -5.42925    -5.63057   0.0134193
         884    -5.42866    -5.63034    0.013406
         885    -5.42788    -5.63011   0.0133929
         886    -5.42721    -5.62988   0.0133797
         887    -5.42651    -5.62965   0.0133666
         888    -5.42576    -5.62942   0.0133535
         889    -5.42514    -5.62919   0.0133405
         890    -5.42418    -5.62896   0.0133275
         891    -5.42334    -5.62873   0.0133145
         892    -5.42247     -5.6285   0.0133016
         893    -5.42157    -5.62827   0.0132887
         894    -5.42035    -5.62804   0.0132759
         895    -5.41925     -5.6278   0.0132631
         896    -5.41828    -5.62757   0.0132503
         897    -5.41684    -5.62734   0.0132377
         898    -5.41598     -5.6271    0.013225
         899    -5.41496    -5.62686   0.0132124
         900    -5.41348    -5.62663   0.0131998
         901    -5.41228    -5.62639   0.0131873
         902    -5.41123    -5.62615   0.0131749
         903    -5.40987    -5.62591   0.0131625
         904    -5.40866    -5.62567   0.0131501
         905    -5.40729    -5.62543   0.0131378
         906    -5.40653    -5.62519   0.0131255
         907    -5.40547    -5.62495   0.0131133
         908    -5.40411     -5.6247   0.0131011
         909    -5.40305    -5.62446   0.0130889
         910    -5.40186    -5.62421   0.0130768
         911    -5.40067    -5.62397   0.0130648
         912    -5.39964    -5.62372   0.0130528
         913    -5.39862    -5.62348   0.0130408
         914    -5.39761    -5.62323   0.0130289
         915    -5.39646    -5.62298    0.013017
         916    -5.39563    -5.62273   0.0130051
         917    -5.39467    -5.62248   0.0129933
         918    -5.39311    -5.62223   0.0129816
         919    -5.39203    -5.62198   0.0129699
         920    -5.39096    -5.62173   0.0129582
         921    -5.39051    -5.62148   0.0129466
         922    -5.38933    -5.62123    0.012935
         923    -5.38848    -5.62098   0.0129234
         924    -5.38794    -5.62073   0.0129119
         925    -5.38697    -5.62047   0.0129004
         926    -5.38587    -5.62022    0.012889
         927     -5.3851    -5.61997   0.0128776
         928     -5.3845    -5.61971   0.0128662
         929    -5.38378    -5.61946   0.0128548
         930    -5.38308     -5.6192   0.0128435
         931     -5.3824    -5.61895   0.0128323
         932    -5.38161    -5.61869    0.012821
         933    -5.38099    -5.61844   0.0128098
         934    -5.38009    -5.61818   0.0127986
         935    -5.37953    -5.61793   0.0127875
         936    -5.37916    -5.61767   0.0127764
         937    -5.37866    -5.61742   0.0127653
         938    -5.37835    -5.61716   0.0127542
         939    -5.37822    -5.61691   0.0127432
         940    -5.37783    -5.61666   0.0127322
         941    -5.37763     -5.6164   0.0127212
         942    -5.37717    -5.61615   0.0127102
         943    -5.37675    -5.61589   0.0126992
         944    -5.37636    -5.61564   0.0126883
         945    -5.37632    -5.61539   0.0126774
         946    -5.37557    -5.61513   0.0126666
         947    -5.37577    -5.61488   0.0126557
         948    -5.37557    -5.61463   0.0126449
         949    -5.37556    -5.61438   0.0126341
         950    -5.37544    -5.61412   0.0126233
         951    -5.37522    -5.61387   0.0126125
         952    -5.37504    -5.61362   0.0126017
         953    -5.37537    -5.61337    0.012591
         954    -5.37558    -5.61312   0.0125803
         955    -5.37584    -5.61287   0.0125695
         956     -5.3763    -5.61263   0.0125588
         957    -5.37665    -5.61238   0.0125481
         958    -5.37719    -5.61214   0.0125374
         959    -5.37716    -5.61189   0.0125267
         960    -5.37747    -5.61165   0.0125161
         961    -5.37812     -5.6114   0.0125054
         962    -5.37881    -5.61116   0.0124948
         963    -5.37952    -5.61092   0.0124841
         964    -5.37996    -5.61068   0.0124734
         965    -5.38072    -5.61044   0.0124628
         966    -5.38136    -5.61021   0.0124521
         967    -5.38201    -5.60997   0.0124415
         968    -5.38283    -5.60974   0.0124309
         969     -5.3835     -5.6095   0.0124202
         970    -5.38403    -5.60927   0.0124096
         971    -5.38457    -5.60904    0.012399
         972     -5.3851    -5.60881   0.0123884
         973    -5.38609    -5.60858   0.0123777
         974    -5.38661    -5.60835   0.0123671
         975    -5.38727    -5.60812   0.0123565
         976    -5.38776     -5.6079   0.0123459
         977    -5.38809    -5.60767   0.0123353
         978    -5.38854    -5.60745   0.0123248
         979    -5.38866    -5.60723   0.0123142
         980    -5.38936      -5.607   0.0123036
         981    -5.39018    -5.60678   0.0122931
         982    -5.39065    -5.60656   0.0122825
         983    -5.39124    -5.60634    0.012272
         984    -5.39149    -5.60612   0.0122615
         985    -5.39199    -5.60591   0.0122509
         986    -5.39245    -5.60569   0.0122404
         987    -5.39301    -5.60548   0.0122299
         988    -5.39321    -5.60526   0.0122194
         989    -5.39321    -5.60505    0.012209
         990     -5.3933    -5.60483   0.0121985
         991    -5.39289    -5.60462   0.0121881
         992    -5.39287     -5.6044   0.0121776
         993    -5.39309    -5.60419   0.0121672
         994    -5.39355    -5.60398   0.0121568
         995    -5.39365    -5.60377   0.0121465
         996    -5.39353    -5.60356   0.0121361
         997    -5.39305    -5.60335   0.0121258
         998    -5.39265    -5.60314   0.0121155
         999    -5.39264    -5.60292   0.0121052
        1000    -5.39227    -5.60271   0.0120949
        1001    -5.39137     -5.6025   0.0120847
        1002    -5.39056    -5.60229   0.0120744
        1003    -5.39014    -5.60208   0.0120643
        1004    -5.38935    -5.60187   0.0120541
        1005    -5.38849    -5.60166    0.012044
        1006    -5.38742    -5.60144   0.0120339
        1007    -5.38643    -5.60123   0.0120238
        1008    -5.38553    -5.60102   0.0120138
        1009    -5.38456     -5.6008   0.0120038
        1010    -5.38353    -5.60059   0.0119939
        1011    -5.38229    -5.60037   0.0119839
        1012    -5.38115    -5.60015   0.0119741
        1013    -5.37979    -5.59994   0.0119642
        1014    -5.37852    -5.59972   0.0119544
        1015    -5.37689     -5.5995   0.0119446
        1016    -5.37536    -5.59928   0.0119349
        1017    -5.37394    -5.59906   0.0119252
        1018    -5.37231    -5.59883   0.0119156
        1019    -5.37033    -5.59861    0.011906
        1020     -5.3686    -5.59838   0.0118965
        1021    -5.36683    -5.59816    0.011887
        1022    -5.36518    -5.59793   0.0118776
        1023    -5.36348     -5.5977   0.0118682
        1024    -5.36161    -5.59747   0.0118588
        1025       -5.36    -5.59724   0.0118495
        1026     -5.3576      -5.597   0.0118402
        1027    -5.35579    -5.59677    0.011831
        1028     -5.3538    -5.59653   0.0118219
        1029    -5.35179    -5.59629   0.0118128
        1030    -5.34977    -5.59605   0.0118038
        1031    -5.34803    -5.59581   0.0117948
        1032    -5.34599    -5.59557   0.0117858
        1033    -5.34379    -5.59533   0.0117769
        1034    -5.34158    -5.59508   0.0117681
        1035    -5.33968    -5.59484   0.0117593
        1036    -5.33748    -5.59459   0.0117506
        1037    -5.33559    -5.59434   0.0117419
        1038    -5.33416    -5.59409   0.0117333
        1039    -5.33214    -5.59384   0.0117247
        1040    -5.32983    -5.59358   0.0117162
        1041    -5.32814    -5.59333   0.0117077
        1042    -5.32616    -5.59307   0.0116992
        1043    -5.32436    -5.59281   0.0116909
        1044    -5.32273    -5.59255   0.0116825
        1045    -5.32083    -5.59229   0.0116742
        1046    -5.31925    -5.59203    0.011666
        1047    -5.31709    -5.59177   0.0116578
        1048    -5.31527    -5.59151   0.0116497
        1049    -5.31347    -5.59124   0.0116416
        1050    -5.31125    -5.59097   0.0116336
        1051     -5.3092    -5.59071   0.0116256
        1052    -5.30764    -5.59044   0.0116176
        1053    -5.30581    -5.59017   0.0116097
        1054    -5.30401     -5.5899   0.0116019
        1055    -5.30224    -5.58962   0.0115941
        1056    -5.30064    -5.58935   0.0115864
        1057    -5.29907    -5.58907   0.0115787
        1058    -5.29784     -5.5888    0.011571
        1059    -5.29633    -5.58852   0.0115634
        1060    -5.29454    -5.58825   0.0115558
        1061    -5.29293    -5.58797   0.0115482
        1062    -5.29165    -5.58769   0.0115407
        1063    -5.29009    -5.58741   0.0115333
        1064     -5.2887    -5.58713   0.0115258
        1065    -5.28719    -5.58685   0.0115185
        1066    -5.28571    -5.58656   0.0115111
        1067     -5.2841    -5.58628   0.0115038
        1068    -5.28296      -5.586   0.0114966
        1069    -5.28185    -5.58571   0.0114893
        1070    -5.28031    -5.58543   0.0114821
        1071    -5.27925    -5.58514    0.011475
        1072    -5.27822    -5.58485   0.0114678
        1073    -5.27676    -5.58457   0.0114607
        1074    -5.27563    -5.58428   0.0114537
        1075    -5.27453    -5.58399   0.0114466
        1076    -5.27345     -5.5837   0.0114396
        1077    -5.27256    -5.58341   0.0114327
        1078    -5.27171    -5.58312   0.0114257
        1079    -5.27073    -5.58283   0.0114188
        1080    -5.26994    -5.58255   0.0114119
        1081    -5.26904    -5.58226    0.011405
        1082    -5.26834    -5.58197   0.0113982
        1083    -5.26752    -5.58167   0.0113913
        1084    -5.26674    -5.58138   0.0113845
        1085    -5.26602    -5.58109   0.0113778
        1086    -5.26534     -5.5808    0.011371
        1087    -5.26471    -5.58051   0.0113643
        1088    -5.26398    -5.58022   0.0113575
        1089    -5.26345    -5.57993   0.0113508
        1090    -5.26299    -5.57964   0.0113441
        1091    -5.26273    -5.57935   0.0113375
        1092    -5.26238    -5.57906   0.0113308
        1093    -5.26195    -5.57877   0.0113241
        1094    -5.26143    -5.57848   0.0113175
        1095    -5.26143    -5.57819   0.0113109
        1096    -5.26134     -5.5779   0.0113042
        1097    -5.26148    -5.57761   0.0112976
        1098    -5.26169    -5.57732    0.011291
        1099    -5.26197    -5.57704   0.0112844
        1100    -5.26187    -5.57675   0.0112777
        1101    -5.26229    -5.57646   0.0112711
        1102    -5.26279    -5.57618   0.0112645
        1103    -5.26321     -5.5759   0.0112578
        1104    -5.26341    -5.57561   0.0112512
        1105    -5.26383    -5.57533   0.0112446
        1106    -5.26433    -5.57505   0.0112379
        1107    -5.26536    -5.57477   0.0112312
        1108    -5.26631    -5.57449   0.0112245
        1109    -5.26734    -5.57421   0.0112178
        1110    -5.26859    -5.57394   0.0112111
        1111    -5.26977    -5.57367   0.0112044
        1112    -5.27071    -5.57339   0.0111976
        1113    -5.27188    -5.57312   0.0111908
        1114    -5.27343    -5.57285    0.011184
        1115    -5.27474    -5.57259   0.0111772
        1116    -5.27612    -5.57232   0.0111703
        1117    -5.27756    -5.57206   0.0111634
        1118    -5.27938    -5.57179   0.0111565
        1119     -5.2808    -5.57153   0.0111496
        1120    -5.28169    -5.57128   0.0111426
        1121    -5.28324    -5.57102   0.0111356
        1122      -5.285    -5.57076   0.0111286
        1123    -5.28652    -5.57051   0.0111216
        1124    -5.28824    -5.57026   0.0111145
        1125    -5.28987    -5.57001   0.0111075
        1126    -5.29215    -5.56976   0.0111003
        1127    -5.29434    -5.56952   0.0110932
        1128    -5.29642    -5.56928    0.011086
        1129    -5.29839    -5.56904   0.0110788
        1130    -5.30071     -5.5688   0.0110715
        1131    -5.30293    -5.56856   0.0110642
        1132    -5.30518    -5.56833   0.0110569
        1133    -5.30747     -5.5681   0.0110495
        1134    -5.30949    -5.56787   0.0110421
        1135    -5.31185    -5.56765   0.0110347
        1136    -5.31439    -5.56743   0.0110272
        1137    -5.31696     -5.5672   0.0110197
        1138    -5.31926    -5.56699   0.0110122
        1139    -5.32219    -5.56677   0.0110046
        1140    -5.32514    -5.56656    0.010997
        1141    -5.32752    -5.56635   0.0109894
        1142    -5.33021    -5.56614   0.0109817
        1143    -5.33308    -5.56594    0.010974
        1144    -5.33581    -5.56574   0.0109662
        1145    -5.33856    -5.56554   0.0109585
        1146    -5.34117    -5.56534   0.0109506
        1147    -5.34395    -5.56515   0.0109428
        1148    -5.34644    -5.56496   0.0109349
        1149    -5.34909    -5.56477    0.010927
        1150     -5.3516    -5.56459   0.0109191
        1151    -5.35411     -5.5644   0.0109111
        1152    -5.35679    -5.56422   0.0109032
        1153    -5.35917    -5.56405   0.0108951
        1154    -5.36186    -5.56387   0.0108871
        1155    -5.36471     -5.5637   0.0108791
        1156    -5.36786    -5.56353    0.010871
        1157    -5.37087    -5.56336   0.0108628
        1158    -5.37388     -5.5632   0.0108547
        1159    -5.37675    -5.56304   0.0108465
        1160    -5.37931    -5.56288   0.0108383
        1161    -5.38249    -5.56273   0.0108301
        1162    -5.38567    -5.56257   0.0108219
        1163    -5.38825    -5.56242   0.0108136
        1164    -5.39083    -5.56228   0.0108053
        1165    -5.39357    -5.56213    0.010797
        1166    -5.39632    -5.56199   0.0107887
        1167    -5.39876    -5.56185   0.0107803
        1168    -5.40167    -5.56171    0.010772
        1169    -5.40458    -5.56158   0.0107636
        1170     -5.4075    -5.56145   0.0107552
        1171    -5.41027    -5.56132   0.0107468
        1172     -5.4135    -5.56119   0.0107384
        1173    -5.41598    -5.56107   0.0107299
        1174    -5.41908    -5.56095   0.0107215
        1175    -5.42187    -5.56083    0.010713
        1176    -5.42513    -5.56071   0.0107045
        1177    -5.42825     -5.5606    0.010696
        1178    -5.43137    -5.56049   0.0106875
        1179    -5.43374    -5.56038    0.010679
        1180    -5.43702    -5.56028   0.0106704
        1181    -5.43971    -5.56018   0.0106619
        1182     -5.4424    -5.56008   0.0106533
        1183    -5.44555    -5.55998   0.0106448
        1184     -5.4484    -5.55988   0.0106362
        1185    -5.45155    -5.55979   0.0106276
        1186    -5.45471     -5.5597    0.010619
        1187    -5.45741    -5.55962   0.0106104
        1188    -5.46027    -5.55953   0.0106018
        1189    -5.46327    -5.55945   0.0105932
        1190    -5.46596    -5.55938   0.0105846
        1191     -5.4685     -5.5593    0.010576
        1192    -5.47118    -5.55922   0.0105674
        1193    -5.47415    -5.55915   0.0105588
        1194    -5.47726    -5.55908   0.0105501
        1195    -5.47989    -5.55902   0.0105415
        1196    -5.48252    -5.55895   0.0105329
        1197    -5.48527    -5.55889   0.0105243
        1198    -5.48814    -5.55883   0.0105157
        1199    -5.49069    -5.55878    0.010507
        1200    -5.49337    -5.55872   0.0104984
        1201    -5.49616    -5.55867   0.0104898
        1202    -5.49861    -5.55862   0.0104812
        1203    -5.50103    -5.55857   0.0104726
        1204    -5.50371    -5.55853    0.010464
        1205    -5.50664    -5.55848   0.0104554
        1206    -5.50909    -5.55844   0.0104468
        1207    -5.51163     -5.5584   0.0104382
        1208    -5.51413    -5.55837   0.0104297
        1209    -5.51643    -5.55833   0.0104211
        1210    -5.51851     -5.5583   0.0104125
        1211    -5.52085    -5.55827    0.010404
        1212    -5.52298    -5.55824   0.0103954
        1213    -5.52519    -5.55821   0.0103869
        1214    -5.52689    -5.55819   0.0103784
        1215    -5.52884    -5.55816   0.0103699
        1216    -5.53086    -5.55814   0.0103614
        1217    -5.53237    -5.55812   0.0103529
        1218    -5.53396     -5.5581   0.0103444
        1219    -5.53579    -5.55808   0.0103359
        1220     -5.5374    -5.55806   0.0103275
        1221    -5.53878    -5.55805    0.010319
        1222    -5.54025    -5.55803   0.0103106
        1223     -5.5418    -5.55802   0.0103022
        1224    -5.54313    -5.55801   0.0102937
        1225    -5.54424      -5.558   0.0102853
        1226    -5.54497    -5.55799    0.010277
        1227     -5.5461    -5.55798   0.0102686
        1228    -5.54715    -5.55797   0.0102602
        1229    -5.54799    -5.55796   0.0102519
        1230    -5.54876    -5.55795   0.0102436
        1231    -5.54947    -5.55795   0.0102352
        1232    -5.55011    -5.55794   0.0102269
        1233      -5.551    -5.55793   0.0102186
        1234    -5.55167    -5.55793   0.0102104
        1235    -5.55244    -5.55792   0.0102021
        1236    -5.55299    -5.55792   0.0101938
        1237    -5.55365    -5.55792   0.0101856
        1238    -5.55395    -5.55791   0.0101774
        1239    -5.55436    -5.55791   0.0101692
        1240    -5.55456    -5.55791    0.010161
        1241    -5.55487    -5.55791   0.0101528
        1242    -5.55544     -5.5579   0.0101446
        1243    -5.55582     -5.5579   0.0101364
        1244    -5.55616     -5.5579   0.0101283
        1245    -5.55646     -5.5579   0.0101202
        1246    -5.55642     -5.5579    0.010112
        1247    -5.55651     -5.5579   0.0101039
        1248    -5.55687     -5.5579   0.0100958
        1249    -5.55705     -5.5579   0.0100877
        1250     -5.5575     -5.5579   0.0100797
        1251    -5.55778    -5.55789   0.0100716
        1252    -5.55775    -5.55789   0.0100636
        1253    -5.55723    -5.55789   0.0100555
        1254    -5.55701    -5.55789   0.0100475
        1255    -5.55662    -5.55789   0.0100395
        1256    -5.55667    -5.55789   0.0100315
        1257     -5.5564    -5.55789   0.0100235
        1258    -5.55658    -5.55789   0.0100156
        1259    -5.55614    -5.55789   0.0100076
        1260      -5.556    -5.55789  0.00999967
        1261     -5.5557    -5.55788  0.00999174
        1262    -5.55555    -5.55788  0.00998383
        1263    -5.55585    -5.55788  0.00997592
        1264    -5.55569    -5.55788  0.00996803
        1265    -5.55523    -5.55788  0.00996015
        1266    -5.55521    -5.55788  0.00995228
        1267     -5.5552    -5.55787  0.00994443
        1268    -5.55518    -5.55787  0.00993659
        1269    -5.55501    -5.55787  0.00992876
        1270    -5.55498    -5.55787  0.00992094
        1271    -5.55466    -5.55786  0.00991313
        1272    -5.55448    -5.55786  0.00990534
        1273     -5.5546    -5.55786  0.00989756
        1274    -5.55442    -5.55786  0.00988979
        1275    -5.55423    -5.55785  0.00988203
        1276    -5.55404    -5.55785  0.00987429
        1277     -5.5537    -5.55785  0.00986656
        1278     -5.5535    -5.55784  0.00985884
        1279      -5.553    -5.55784  0.00985113
        1280    -5.55294    -5.55784  0.00984344
        1281    -5.55319    -5.55783  0.00983575
        1282    -5.55297    -5.55783  0.00982808
        1283    -5.55245    -5.55782  0.00982042
        1284    -5.55222    -5.55782  0.00981277
        1285    -5.55244    -5.55782  0.00980514
        1286    -5.55206    -5.55781  0.00979752
        1287    -5.55166    -5.55781   0.0097899
        1288    -5.55126     -5.5578   0.0097823
        1289    -5.55116     -5.5578  0.00977472
        1290     -5.5506    -5.55779  0.00976714
        1291    -5.55048    -5.55779  0.00975958
        1292    -5.55006    -5.55778  0.00975202
        1293    -5.55009    -5.55777  0.00974448
        1294    -5.54981    -5.55777  0.00973696
        1295    -5.54953    -5.55776  0.00972944
        1296     -5.5488    -5.55775  0.00972193
        1297    -5.54851    -5.55775  0.00971444
        1298    -5.54808    -5.55774  0.00970696
        1299    -5.54825    -5.55773  0.00969949
        1300    -5.54782    -5.55772  0.00969203
        1301    -5.54769    -5.55772  0.00968459
        1302    -5.54727    -5.55771  0.00967715
        1303    -5.54715     -5.5577  0.00966973
        1304    -5.54689    -5.55769  0.00966231
        1305    -5.54679    -5.55768  0.00965491
        1306    -5.54654    -5.55768  0.00964753
        1307    -5.54616    -5.55767  0.00964015
        1308    -5.54548    -5.55766  0.00963278
        1309    -5.54527    -5.55765  0.00962543
        1310    -5.54493    -5.55764  0.00961809
        1311     -5.5449    -5.55763  0.00961075
        1312    -5.54458    -5.55762  0.00960343
        1313    -5.54428    -5.55761  0.00959612
        1314     -5.5443     -5.5576  0.00958883
        1315    -5.54388    -5.55759  0.00958154
        1316    -5.54363    -5.55758  0.00957427
        1317     -5.5434    -5.55757    0.009567
        1318    -5.54349    -5.55756  0.00955975
        1319    -5.54345    -5.55754  0.00955251
        1320    -5.54327    -5.55753  0.00954528
        1321    -5.54341    -5.55752  0.00953806
        1322    -5.54327    -5.55751  0.00953085
        1323    -5.54345     -5.5575  0.00952365
        1324    -5.54318    -5.55749  0.00951646
        1325    -5.54324    -5.55748  0.00950929
        1326      -5.543    -5.55747  0.00950212
        1327    -5.54369    -5.55746  0.00949497
        1328    -5.54363    -5.55745  0.00948782
        1329    -5.54373    -5.55744  0.00948069
        1330    -5.54414    -5.55743  0.00947357
        1331    -5.54411    -5.55742  0.00946645
        1332    -5.54423    -5.55741  0.00945935
        1333     -5.5442     -5.5574  0.00945226
        1334    -5.54433    -5.55739  0.00944518
        1335     -5.5443    -5.55738  0.00943811
        1336    -5.54457    -5.55737  0.00943105
        1337    -5.54454    -5.55736    0.009424
        1338    -5.54465    -5.55735  0.00941696
        1339    -5.54491    -5.55734  0.00940994
        1340    -5.54485    -5.55733  0.00940292
        1341    -5.54509    -5.55732  0.00939591
        1342    -5.54502    -5.55731  0.00938891
        1343    -5.54493     -5.5573  0.00938193
        1344    -5.54498    -5.55729  0.00937495
        1345    -5.54516    -5.55729  0.00936799
        1346    -5.54533    -5.55728  0.00936103
        1347    -5.54533    -5.55727  0.00935408
        1348    -5.54547    -5.55726  0.00934715
        1349    -5.54513    -5.55725  0.00934022
        1350    -5.54508    -5.55724  0.00933331
        1351    -5.54471    -5.55723  0.00932641
        1352    -5.54446    -5.55722  0.00931951
        1353     -5.5442    -5.55721  0.00931263
        1354    -5.54422     -5.5572  0.00930576
        1355    -5.54423    -5.55719  0.00929889
        1356    -5.54376    -5.55718  0.00929204
        1357    -5.54358    -5.55717   0.0092852
        1358    -5.54338    -5.55716  0.00927837
        1359    -5.54316    -5.55715  0.00927155
        1360    -5.54293    -5.55714  0.00926473
        1361    -5.54253    -5.55713  0.00925793
        1362    -5.54272    -5.55712  0.00925114
        1363     -5.5423    -5.55711  0.00924436
        1364    -5.54201     -5.5571  0.00923759
        1365    -5.54156    -5.55709  0.00923083
        1366    -5.54126    -5.55708  0.00922408
        1367     -5.5408    -5.55706  0.00921734
        1368    -5.54033    -5.55705  0.00921061
        1369    -5.54001    -5.55704  0.00920389
        1370    -5.53968    -5.55703  0.00919718
        1371    -5.53951    -5.55701  0.00919048
        1372    -5.53949      -5.557  0.00918379
        1373    -5.53902    -5.55699  0.00917711
        1374    -5.53855    -5.55698  0.00917044
        1375    -5.53824    -5.55696  0.00916378
        1376    -5.53794    -5.55695  0.00915713
        1377    -5.53765    -5.55693   0.0091505
        1378    -5.53767    -5.55692  0.00914387
        1379    -5.53771    -5.55691  0.00913725
        1380    -5.53761    -5.55689  0.00913063
        1381    -5.53753    -5.55688  0.00912403
        1382    -5.53747    -5.55686  0.00911744
        1383    -5.53727    -5.55685  0.00911086
        1384    -5.53725    -5.55684  0.00910429
        1385    -5.53711    -5.55682  0.00909773
        1386    -5.53713    -5.55681  0.00909117
        1387    -5.53674    -5.55679  0.00908463
        1388    -5.53667    -5.55678   0.0090781
        1389    -5.53648    -5.55676  0.00907157
        1390    -5.53677    -5.55675  0.00906506
        1391    -5.53649    -5.55673  0.00905855
        1392    -5.53654    -5.55672  0.00905206
        1393    -5.53648    -5.55671  0.00904557
        1394     -5.5366    -5.55669  0.00903909
        1395    -5.53675    -5.55668  0.00903263
        1396    -5.53679    -5.55666  0.00902617
        1397    -5.53701    -5.55665  0.00901972
        1398    -5.53727    -5.55663  0.00901327
        1399    -5.53771    -5.55662  0.00900684
        1400    -5.53789    -5.55661  0.00900042
        1401    -5.53811    -5.55659    0.008994
        1402     -5.5382    -5.55658   0.0089876
        1403    -5.53864    -5.55657   0.0089812
        1404    -5.53865    -5.55656  0.00897481
        1405    -5.53915    -5.55654  0.00896843
        1406    -5.53999    -5.55653  0.00896206
        1407    -5.54055    -5.55652   0.0089557
        1408    -5.54115    -5.55651  0.00894935
        1409    -5.54162     -5.5565    0.008943
        1410    -5.54227    -5.55649  0.00893666
        1411    -5.54309    -5.55648  0.00893034
        1412    -5.54379    -5.55647  0.00892402
        1413    -5.54466    -5.55646   0.0089177
        1414    -5.54541    -5.55645   0.0089114
        1415    -5.54632    -5.55645  0.00890511
        1416     -5.5468    -5.55644  0.00889882
        1417    -5.54775    -5.55643  0.00889254
        1418    -5.54855    -5.55643  0.00888627
        1419    -5.54952    -5.55642  0.00888001
        1420    -5.55034    -5.55642  0.00887376
        1421    -5.55117    -5.55642  0.00886752
        1422    -5.55215    -5.55641  0.00886128
        1423    -5.55252    -5.55641  0.00885505
        1424     -5.5535    -5.55641  0.00884883
        1425    -5.55432    -5.55641  0.00884263
        1426    -5.55513    -5.55641  0.00883642
        1427    -5.55578    -5.55641  0.00883023
        1428    -5.55657    -5.55641  0.00882405
        1429    -5.55764    -5.55641  0.00881787
        1430     -5.5584    -5.55641  0.00881171
        1431    -5.55943    -5.55641  0.00880555
        1432    -5.56014    -5.55641   0.0087994
        1433    -5.56082    -5.55642  0.00879326
        1434    -5.56147    -5.55642  0.00878713
        1435    -5.56194    -5.55642  0.00878101
        1436    -5.56253    -5.55643  0.00877489
        1437    -5.56323    -5.55643  0.00876879
        1438    -5.56359    -5.55644  0.00876269
        1439    -5.56422    -5.55644   0.0087566
        1440     -5.5645    -5.55645  0.00875052
        1441    -5.56504    -5.55645  0.00874445
        1442    -5.56553    -5.55646  0.00873839
        1443    -5.56567    -5.55647  0.00873234
        1444    -5.56607    -5.55647  0.00872629
        1445    -5.56627    -5.55648  0.00872026
        1446    -5.56656    -5.55649  0.00871423
        1447    -5.56696    -5.55649  0.00870821
        1448    -5.56715     -5.5565   0.0087022
        1449    -5.56683    -5.55651   0.0086962
        1450    -5.56677    -5.55652   0.0086902
        1451     -5.5668    -5.55652  0.00868422
        1452    -5.56662    -5.55653  0.00867824
        1453    -5.56654    -5.55654  0.00867227
        1454    -5.56626    -5.55654  0.00866631
        1455    -5.56592    -5.55655  0.00866035
        1456    -5.56522    -5.55656  0.00865441
        1457    -5.56462    -5.55656  0.00864847
        1458    -5.56397    -5.55657  0.00864254
        1459    -5.56357    -5.55657  0.00863662
        1460    -5.56312    -5.55658   0.0086307
        1461    -5.56276    -5.55658   0.0086248
        1462    -5.56221    -5.55658   0.0086189
        1463    -5.56131    -5.55659  0.00861301
        1464     -5.5605    -5.55659  0.00860712
        1465    -5.55966    -5.55659  0.00860125
        1466    -5.55877    -5.55659  0.00859538
        1467    -5.55798    -5.55659  0.00858952
        1468    -5.55685    -5.55659  0.00858367
        1469    -5.55599    -5.55659  0.00857783
        1470    -5.55524    -5.55659  0.00857199
        1471    -5.55431    -5.55659  0.00856617
        1472    -5.55334    -5.55659  0.00856035
        1473    -5.55204    -5.55659  0.00855454
        1474    -5.55086    -5.55658  0.00854873
        1475    -5.54951    -5.55658  0.00854294
        1476    -5.54843    -5.55657  0.00853715
        1477    -5.54719    -5.55657  0.00853137
        1478    -5.54577    -5.55656  0.00852561
        1479    -5.54434    -5.55655  0.00851985
        1480     -5.5429    -5.55654  0.00851409
        1481     -5.5416    -5.55653  0.00850835
        1482    -5.54044    -5.55652  0.00850262
        1483    -5.53927    -5.55651  0.00849689
        1484    -5.53796     -5.5565  0.00849117
        1485    -5.53695    -5.55648  0.00848547
        1486    -5.53579    -5.55647  0.00847977
        1487    -5.53434    -5.55645  0.00847408
        1488     -5.5332    -5.55644   0.0084684
        1489    -5.53208    -5.55642  0.00846273
        1490    -5.53052     -5.5564  0.00845706
        1491    -5.52898    -5.55639  0.00845141
        1492    -5.52746    -5.55637  0.00844577
        1493    -5.52642    -5.55635  0.00844014
        1494    -5.52511    -5.55633  0.00843451
        1495    -5.52399     -5.5563   0.0084289
        1496    -5.52319    -5.55628  0.00842329
        1497    -5.52184    -5.55626   0.0084177
        1498    -5.52112    -5.55624  0.00841211
        1499    -5.52015    -5.55621  0.00840653
        1500    -5.51952    -5.55619  0.00840097
        1501    -5.51849    -5.55616  0.00839541
        1502    -5.51781    -5.55614  0.00838986
        1503    -5.51718    -5.55611  0.00838431
        1504     -5.5166    -5.55608  0.00837878
        1505    -5.51578    -5.55606  0.00837326
        1506    -5.51502    -5.55603  0.00836774
        1507    -5.51477      -5.556  0.00836223
        1508    -5.51427    -5.55597  0.00835673
        1509    -5.51384    -5.55595  0.00835124
        1510    -5.51346    -5.55592  0.00834576
        1511     -5.5133    -5.55589  0.00834028
        1512    -5.51335    -5.55586  0.00833481
        1513    -5.51317    -5.55583  0.00832935
        1514    -5.51274    -5.55581   0.0083239
        1515    -5.51267    -5.55578  0.00831845
        1516    -5.51282    -5.55575  0.00831302
        1517    -5.51332    -5.55572  0.00830758
        1518    -5.51374    -5.55569  0.00830216
        1519    -5.51406    -5.55567  0.00829674
        1520    -5.51413    -5.55564  0.00829132
        1521    -5.51456    -5.55561  0.00828592
        1522    -5.51489    -5.55558  0.00828051
        1523    -5.51496    -5.55556  0.00827512
        1524    -5.51523    -5.55553  0.00826973
        1525    -5.51554    -5.55551  0.00826435
        1526     -5.5159    -5.55548  0.00825898
        1527    -5.51659    -5.55545  0.00825361
        1528    -5.51731    -5.55543  0.00824824
        1529    -5.51777     -5.5554  0.00824289
        1530     -5.5187    -5.55538  0.00823753
        1531    -5.51935    -5.55536  0.00823219
        1532    -5.52003    -5.55533  0.00822685
        1533    -5.52042    -5.55531  0.00822151
        1534    -5.52128    -5.55529  0.00821618
        1535    -5.52215    -5.55527  0.00821086
        1536    -5.52287    -5.55525  0.00820554
        1537    -5.52344    -5.55523  0.00820023
        1538    -5.52417    -5.55521  0.00819492
        1539    -5.52489    -5.55519  0.00818962
        1540    -5.52576    -5.55517  0.00818432
        1541    -5.52646    -5.55515  0.00817903
        1542    -5.52655    -5.55513  0.00817375
        1543    -5.52723    -5.55511  0.00816847
        1544    -5.52775    -5.55509   0.0081632
        1545    -5.52824    -5.55508  0.00815794
        1546    -5.52871    -5.55506  0.00815268
        1547     -5.5293    -5.55504  0.00814742
        1548    -5.53033    -5.55503  0.00814218
        1549    -5.53072    -5.55501  0.00813693
        1550    -5.53109      -5.555   0.0081317
        1551    -5.53173    -5.55498  0.00812647
        1552    -5.53203    -5.55497  0.00812125
        1553    -5.53261    -5.55495  0.00811603
        1554      -5.533    -5.55494  0.00811082
        1555    -5.53351    -5.55492  0.00810562
        1556    -5.53369    -5.55491  0.00810042
        1557    -5.53368     -5.5549  0.00809523
        1558    -5.53409    -5.55488  0.00809004
        1559    -5.53432    -5.55487  0.00808486
        1560    -5.53466    -5.55486  0.00807969
        1561    -5.53482    -5.55484  0.00807453
        1562    -5.53495    -5.55483  0.00806937
        1563    -5.53505    -5.55482  0.00806421
        1564    -5.53512    -5.55481  0.00805907
        1565    -5.53515    -5.55479  0.00805393
        1566    -5.53516    -5.55478  0.00804879
        1567    -5.53514    -5.55477  0.00804367
        1568    -5.53509    -5.55476  0.00803855
        1569    -5.53486    -5.55474  0.00803343
        1570    -5.53461    -5.55473  0.00802833
        1571    -5.53464    -5.55472  0.00802323
        1572    -5.53449     -5.5547  0.00801813
        1573    -5.53447    -5.55469  0.00801305
        1574    -5.53368    -5.55468  0.00800797
        1575    -5.53348    -5.55466  0.00800289
        1576     -5.5331    -5.55465  0.00799783
        1577    -5.53286    -5.55464  0.00799277
        1578    -5.53261    -5.55462  0.00798772
        1579     -5.5325    -5.55461  0.00798267
        1580    -5.53237     -5.5546  0.00797763
        1581    -5.53193    -5.55458   0.0079726
        1582    -5.53149    -5.55457  0.00796757
        1583    -5.53073    -5.55455  0.00796255
        1584    -5.53073    -5.55454  0.00795754
        1585    -5.53027    -5.55452  0.00795253
        1586    -5.52996    -5.55451  0.00794753
        1587     -5.5298    -5.55449  0.00794254
        1588    -5.52934    -5.55447  0.00793755
        1589    -5.52918    -5.55446  0.00793258
        1590    -5.52934    -5.55444   0.0079276
        1591    -5.52889    -5.55443  0.00792264
        1592    -5.52861    -5.55441  0.00791768
        1593    -5.52834    -5.55439  0.00791272
        1594    -5.52823    -5.55438  0.00790778
        1595    -5.52783    -5.55436  0.00790284
        1596    -5.52745    -5.55434   0.0078979
        1597    -5.52693    -5.55433  0.00789297
        1598    -5.52673    -5.55431  0.00788805
        1599    -5.52655    -5.55429  0.00788314
        1600    -5.52639    -5.55427  0.00787823
        1601     -5.5261    -5.55426  0.00787333
        1602    -5.52643    -5.55424  0.00786844
        1603    -5.52634    -5.55422  0.00786355
        1604    -5.52613     -5.5542  0.00785866
        1605    -5.52624    -5.55419  0.00785379
        1606    -5.52668    -5.55417  0.00784891
        1607     -5.5267    -5.55415  0.00784405
        1608    -5.52675    -5.55414  0.00783919
        1609    -5.52668    -5.55412  0.00783434
        1610    -5.52648     -5.5541  0.00782949
        1611    -5.52647    -5.55408  0.00782465
        1612    -5.52664    -5.55407  0.00781981
        1613    -5.52684    -5.55405  0.00781498
        1614    -5.52678    -5.55403  0.00781016
        1615    -5.52704    -5.55402  0.00780534
        1616    -5.52749      -5.554  0.00780053
        1617    -5.52782    -5.55398  0.00779572
        1618    -5.52818    -5.55397  0.00779092
        1619    -5.52858    -5.55395  0.00778612
        1620    -5.52915    -5.55394  0.00778133
        1621     -5.5296    -5.55392  0.00777655
        1622    -5.53008    -5.55391  0.00777176
        1623    -5.53058    -5.55389  0.00776699
        1624    -5.53081    -5.55388  0.00776222
        1625    -5.53152    -5.55387  0.00775746
        1626    -5.53181    -5.55385   0.0077527
        1627    -5.53256    -5.55384  0.00774794
        1628    -5.53319    -5.55383  0.00774319
        1629    -5.53399    -5.55381  0.00773845
        1630     -5.5348     -5.5538  0.00773371
        1631    -5.53548    -5.55379  0.00772898
        1632    -5.53633    -5.55378  0.00772425
        1633    -5.53704    -5.55377  0.00771953
        1634    -5.53761    -5.55376  0.00771481
        1635     -5.5382    -5.55375   0.0077101
        1636    -5.53909    -5.55374  0.00770539
        1637    -5.53954    -5.55373  0.00770069
        1638    -5.54014    -5.55372  0.00769599
        1639     -5.5409    -5.55372   0.0076913
        1640    -5.54181    -5.55371  0.00768661
        1641    -5.54242     -5.5537  0.00768193
        1642    -5.54289     -5.5537  0.00767725
        1643    -5.54365    -5.55369  0.00767258
        1644    -5.54441    -5.55368  0.00766792
        1645    -5.54486    -5.55368  0.00766326
        1646    -5.54591    -5.55367  0.00765861
        1647    -5.54665    -5.55367  0.00765396
        1648    -5.54739    -5.55367  0.00764931
        1649    -5.54842    -5.55366  0.00764467
        1650    -5.54884    -5.55366  0.00764004
        1651     -5.5497    -5.55366  0.00763541
        1652    -5.55025    -5.55366  0.00763079
        1653    -5.55094    -5.55365  0.00762618
        1654    -5.55132    -5.55365  0.00762157
        1655    -5.55199    -5.55365  0.00761696
        1656     -5.5528    -5.55365  0.00761236
        1657     -5.5536    -5.55365  0.00760777
        1658    -5.55424    -5.55365  0.00760318
        1659    -5.55486    -5.55365   0.0075986
        1660    -5.55532    -5.55365  0.00759402
        1661    -5.55593    -5.55365  0.00758945
        1662    -5.55667    -5.55366  0.00758488
        1663    -5.55741    -5.55366  0.00758032
        1664    -5.55829    -5.55366  0.00757577
        1665     -5.5587    -5.55366  0.00757122
        1666    -5.55926    -5.55367  0.00756667
        1667    -5.55981    -5.55367  0.00756213
        1668    -5.56005    -5.55368   0.0075576
        1669    -5.56044    -5.55368  0.00755307
        1670    -5.56143    -5.55368  0.00754855
        1671    -5.56226    -5.55369  0.00754404
        1672    -5.56324    -5.55369  0.00753953
        1673    -5.56376     -5.5537  0.00753502
        1674    -5.56398    -5.55371  0.00753052
        1675    -5.56496    -5.55371  0.00752603
        1676    -5.56563    -5.55372  0.00752154
        1677    -5.56645    -5.55373  0.00751706
        1678    -5.56682    -5.55374  0.00751259
        1679     -5.5672    -5.55374  0.00750812
        1680    -5.56757    -5.55375  0.00750365
        1681    -5.56825    -5.55376  0.00749919
        1682    -5.56893    -5.55377  0.00749474
        1683    -5.56977    -5.55378  0.00749029
        1684    -5.57031    -5.55379  0.00748585
        1685    -5.57101     -5.5538  0.00748142
        1686    -5.57141    -5.55381  0.00747699
        1687    -5.57182    -5.55382  0.00747256
        1688    -5.57238    -5.55383  0.00746814
        1689    -5.57265    -5.55384  0.00746373
        1690    -5.57307    -5.55385  0.00745932
        1691    -5.57351    -5.55387  0.00745492
        1692     -5.5738    -5.55388  0.00745052
        1693    -5.57439    -5.55389  0.00744613
        1694     -5.5747     -5.5539  0.00744175
        1695    -5.57561    -5.55391  0.00743737
        1696    -5.57624    -5.55393  0.00743299
        1697    -5.57671    -5.55394  0.00742863
        1698     -5.5775    -5.55396  0.00742426
        1699    -5.57815    -5.55397  0.00741991
        1700    -5.57865    -5.55398  0.00741556
        1701     -5.5793      -5.554  0.00741121
        1702    -5.57982    -5.55401  0.00740687
        1703    -5.58049    -5.55403  0.00740254
        1704    -5.58056    -5.55405  0.00739821
        1705    -5.58139    -5.55406  0.00739389
        1706    -5.58208    -5.55408  0.00738958
        1707    -5.58262    -5.55409  0.00738527
        1708    -5.58302    -5.55411  0.00738096
        1709    -5.58402    -5.55413  0.00737666
        1710    -5.58473    -5.55415  0.00737237
        1711    -5.58575    -5.55417  0.00736808
        1712    -5.58631    -5.55418   0.0073638
        1713    -5.58702     -5.5542  0.00735953
        1714     -5.5882    -5.55422  0.00735526
        1715    -5.58892    -5.55424    0.007351
        1716    -5.58948    -5.55426  0.00734675
        1717     -5.5902    -5.55428   0.0073425
        1718    -5.59092    -5.55431  0.00733826
        1719    -5.59149    -5.55433  0.00733402
        1720    -5.59236    -5.55435  0.00732979
        1721    -5.59307    -5.55437  0.00732556
        1722    -5.59423     -5.5544  0.00732135
        1723    -5.59509    -5.55442  0.00731714
        1724    -5.59564    -5.55444  0.00731293
        1725    -5.59633    -5.55447  0.00730873
        1726    -5.59717    -5.55449  0.00730454
        1727    -5.59785    -5.55452  0.00730035
        1728    -5.59822    -5.55454  0.00729617
        1729    -5.59873    -5.55457    0.007292
        1730    -5.59923    -5.55459  0.00728783
        1731    -5.59957    -5.55462  0.00728366
        1732    -5.60004    -5.55465   0.0072795
        1733    -5.60066    -5.55467  0.00727535
        1734    -5.60141     -5.5547  0.00727121
        1735      -5.602    -5.55473  0.00726707
        1736    -5.60257    -5.55475  0.00726293
        1737    -5.60297    -5.55478   0.0072588
        1738     -5.6038    -5.55481  0.00725468
        1739    -5.60417    -5.55484  0.00725057
        1740    -5.60466    -5.55487  0.00724646
        1741    -5.60514     -5.5549  0.00724235
        1742    -5.60559    -5.55493  0.00723825
        1743    -5.60601    -5.55495  0.00723416
        1744    -5.60612    -5.55498  0.00723007
        1745    -5.60619    -5.55501  0.00722599
        1746    -5.60654    -5.55504  0.00722191
        1747    -5.60686    -5.55507  0.00721784
        1748    -5.60715     -5.5551  0.00721377
        1749    -5.60741    -5.55513  0.00720971
        1750    -5.60749    -5.55516  0.00720565
        1751    -5.60768    -5.55519  0.00720159
        1752    -5.60785    -5.55522  0.00719755
        1753    -5.60797    -5.55525   0.0071935
        1754    -5.60791    -5.55528  0.00718947
        1755    -5.60812    -5.55531  0.00718543
        1756    -5.60828    -5.55534   0.0071814
        1757    -5.60826    -5.55537  0.00717738
        1758     -5.6088     -5.5554  0.00717336
        1759    -5.60855    -5.55543  0.00716935
        1760    -5.60826    -5.55546  0.00716534
        1761    -5.60853    -5.55549  0.00716133
        1762     -5.6083    -5.55552  0.00715733
        1763    -5.60788    -5.55555  0.00715333
        1764    -5.60742    -5.55558  0.00714934
        1765    -5.60706    -5.55561  0.00714534
        1766    -5.60651    -5.55564  0.00714136
        1767    -5.60591    -5.55567  0.00713737
        1768    -5.60511     -5.5557  0.00713339
        1769    -5.60412    -5.55572  0.00712941
        1770    -5.60338    -5.55575  0.00712543
        1771     -5.6026    -5.55578  0.00712146
        1772    -5.60192     -5.5558  0.00711749
        1773    -5.60134    -5.55583  0.00711352
        1774    -5.60012    -5.55585  0.00710955
        1775    -5.59914    -5.55588  0.00710559
        1776    -5.59828     -5.5559  0.00710163
        1777    -5.59751    -5.55593  0.00709767
        1778    -5.59655    -5.55595  0.00709372
        1779    -5.59538    -5.55597  0.00708976
        1780    -5.59433    -5.55599  0.00708581
        1781    -5.59277    -5.55601  0.00708186
        1782    -5.59146    -5.55603  0.00707792
        1783    -5.59041    -5.55605  0.00707397
        1784    -5.58947    -5.55607  0.00707003
        1785    -5.58818    -5.55609   0.0070661
        1786    -5.58654    -5.55611  0.00706216
        1787    -5.58545    -5.55612  0.00705823
        1788    -5.58387    -5.55614   0.0070543
        1789     -5.5827    -5.55615  0.00705037
        1790    -5.58118    -5.55617  0.00704644
        1791    -5.57961    -5.55618  0.00704252
        1792    -5.57845    -5.55619   0.0070386
        1793    -5.57679     -5.5562  0.00703469
        1794    -5.57509    -5.55621  0.00703077
        1795    -5.57349    -5.55622  0.00702686
        1796    -5.57155    -5.55623  0.00702296
        1797    -5.57016    -5.55624  0.00701905
        1798    -5.56828    -5.55625  0.00701515
        1799    -5.56635    -5.55625  0.00701125
        1800    -5.56422    -5.55626  0.00700736
        1801     -5.5625    -5.55626  0.00700347
        1802    -5.56058    -5.55626  0.00699958
        1803    -5.55847    -5.55626   0.0069957
        1804    -5.55616    -5.55626  0.00699182
        1805    -5.55395    -5.55626  0.00698795
        1806      -5.552    -5.55626  0.00698408
        1807    -5.54985    -5.55626  0.00698022
        1808    -5.54735    -5.55625  0.00697636
        1809     -5.5451    -5.55625  0.00697251
        1810    -5.54265    -5.55624  0.00696866
        1811    -5.54016    -5.55623  0.00696481
        1812    -5.53745    -5.55622  0.00696098
        1813     -5.5347    -5.55621  0.00695715
        1814    -5.53175    -5.55619  0.00695333
        1815    -5.52874    -5.55618  0.00694951
        1816    -5.52582    -5.55616  0.00694571
        1817    -5.52301    -5.55614  0.00694191
        1818    -5.52029    -5.55612  0.00693812
        1819    -5.51766     -5.5561  0.00693434
        1820    -5.51498    -5.55608  0.00693056
        1821    -5.51163    -5.55606   0.0069268
        1822    -5.50838    -5.55603  0.00692305
        1823    -5.50491      -5.556  0.00691931
        1824    -5.50183    -5.55597  0.00691558
        1825    -5.49884    -5.55594  0.00691186
        1826    -5.49549    -5.55591  0.00690815
        1827    -5.49207    -5.55587  0.00690446
        1828    -5.48843    -5.55584  0.00690078
        1829    -5.48487     -5.5558  0.00689712
        1830    -5.48139    -5.55576  0.00689347
        1831     -5.4777    -5.55571  0.00688983
        1832    -5.47423    -5.55567  0.00688622
        1833     -5.4704    -5.55562  0.00688262
        1834    -5.46664    -5.55557  0.00687904
        1835     -5.4625    -5.55552  0.00687547
        1836     -5.4586    -5.55547  0.00687193
        1837    -5.45447    -5.55542  0.00686841
        1838    -5.45041    -5.55536  0.00686491
        1839    -5.44613     -5.5553  0.00686144
        1840    -5.44178    -5.55524  0.00685798
        1841    -5.43735    -5.55517  0.00685456
        1842     -5.4327    -5.55511  0.00685116
        1843    -5.42828    -5.55504  0.00684779
        1844    -5.42348    -5.55497  0.00684444
        1845    -5.41861    -5.55489  0.00684113
        1846    -5.41412    -5.55482  0.00683785
        1847    -5.40927    -5.55474  0.00683461
        1848    -5.40434    -5.55466  0.00683139
        1849    -5.39905    -5.55457  0.00682822
        1850      -5.394    -5.55449  0.00682508
        1851    -5.38874     -5.5544  0.00682198
        1852    -5.38357     -5.5543  0.00681892
        1853    -5.37835    -5.55421   0.0068159
        1854    -5.37324    -5.55411  0.00681292
        1855    -5.36747    -5.55401  0.00680999
        1856    -5.36212    -5.55391  0.00680711
        1857    -5.35628     -5.5538  0.00680427
        1858     -5.3504    -5.55369  0.00680149
        1859    -5.34512    -5.55358  0.00679876
        1860    -5.33951    -5.55346  0.00679608
        1861    -5.33404    -5.55335  0.00679345
        1862    -5.32857    -5.55322  0.00679087
        1863    -5.32264     -5.5531  0.00678835
        1864    -5.31703    -5.55297  0.00678589
        1865    -5.31144    -5.55285  0.00678349
        1866    -5.30603    -5.55271  0.00678114
        1867    -5.30066    -5.55258  0.00677886
        1868    -5.29533    -5.55244  0.00677663
        1869    -5.29005     -5.5523  0.00677445
        1870    -5.28499    -5.55216  0.00677234
        1871    -5.28001    -5.55201  0.00677028
        1872     -5.2748    -5.55186  0.00676828
        1873    -5.26953    -5.55171  0.00676635
        1874    -5.26467    -5.55156  0.00676447
        1875    -5.26008     -5.5514  0.00676265
        1876    -5.25545    -5.55125  0.00676088
        1877     -5.2508    -5.55109  0.00675918
        1878    -5.24643    -5.55092  0.00675752
        1879    -5.24192    -5.55076  0.00675593
        1880    -5.23831    -5.55059  0.00675438
        1881    -5.23502    -5.55043  0.00675287
        1882     -5.2313    -5.55026  0.00675141
        1883    -5.22775    -5.55008     0.00675
        1884    -5.22423    -5.54991  0.00674863
        1885    -5.22075    -5.54974  0.00674731
        1886    -5.21792    -5.54956  0.00674603
        1887    -5.21544    -5.54938  0.00674477
        1888    -5.21256    -5.54921  0.00674356
        1889    -5.20988    -5.54903  0.00674238
        1890    -5.20787    -5.54885  0.00674123
        1891    -5.20561    -5.54866  0.00674011
        1892    -5.20416    -5.54848  0.00673901
        1893    -5.20278     -5.5483  0.00673792
        1894    -5.20161    -5.54812  0.00673685
        1895    -5.20065    -5.54793  0.00673579
        1896    -5.19991    -5.54775  0.00673474
        1897    -5.19892    -5.54757   0.0067337
        1898     -5.1986    -5.54738  0.00673266
        1899    -5.19833     -5.5472  0.00673162
        1900    -5.19826    -5.54701  0.00673058
        1901    -5.19855    -5.54683  0.00672954
        1902    -5.19889    -5.54665  0.00672849
        1903    -5.19927    -5.54647  0.00672743
        1904        -5.2    -5.54628  0.00672635
        1905    -5.20107     -5.5461  0.00672526
        1906    -5.20202    -5.54592  0.00672416
        1907    -5.20315    -5.54574  0.00672303
        1908    -5.20477    -5.54556  0.00672188
        1909    -5.20656    -5.54539  0.00672071
        1910    -5.20852    -5.54521   0.0067195
        1911     -5.2105    -5.54503  0.00671827
        1912    -5.21248    -5.54486  0.00671701
        1913    -5.21463    -5.54469  0.00671571
        1914    -5.21708    -5.54452  0.00671439
        1915    -5.21998    -5.54435  0.00671302
        1916    -5.22242    -5.54418  0.00671162
        1917    -5.22529    -5.54401  0.00671018
        1918     -5.2283    -5.54385   0.0067087
        1919    -5.23144    -5.54368  0.00670717
        1920    -5.23455    -5.54352  0.00670561
        1921    -5.23792    -5.54336  0.00670401
        1922    -5.24156    -5.54321  0.00670236
        1923    -5.24515    -5.54305  0.00670067
        1924    -5.24884     -5.5429  0.00669893
        1925    -5.25217    -5.54275  0.00669715
        1926    -5.25589     -5.5426  0.00669533
        1927    -5.25999    -5.54245  0.00669346
        1928    -5.26432    -5.54231  0.00669154
        1929    -5.26842    -5.54217  0.00668958
        1930    -5.27243    -5.54203  0.00668758
        1931    -5.27649    -5.54189  0.00668553
        1932    -5.28091    -5.54175  0.00668343
        1933    -5.28507    -5.54162  0.00668129
        1934    -5.28973    -5.54149  0.00667911
        1935    -5.29367    -5.54136  0.00667688
        1936    -5.29779    -5.54124  0.00667462
        1937    -5.30224    -5.54111  0.00667231
        1938    -5.30641    -5.54099  0.00666997
        1939    -5.31104    -5.54087  0.00666758
        1940    -5.31584    -5.54076  0.00666516
        1941     -5.3205    -5.54065  0.00666269
        1942    -5.32486    -5.54053  0.00666018
        1943    -5.32908    -5.54043  0.00665764
        1944    -5.33359    -5.54032  0.00665507
        1945    -5.33734    -5.54021  0.00665247
        1946    -5.34169    -5.54011  0.00664983
        1947    -5.34649    -5.54001  0.00664716
        1948    -5.35127    -5.53992  0.00664445
        1949    -5.35558    -5.53982  0.00664172
        1950    -5.36019    -5.53973  0.00663895
        1951    -5.36462    -5.53964  0.00663615
        1952    -5.36933    -5.53955  0.00663333
        1953    -5.37388    -5.53947  0.00663047
        1954     -5.3784    -5.53939  0.00662759
        1955    -5.38274    -5.53931  0.00662469
        1956    -5.38691    -5.53923  0.00662176
        1957    -5.39105    -5.53915  0.00661881
        1958    -5.39532    -5.53908  0.00661583
        1959     -5.3997    -5.53901  0.00661284
        1960    -5.40406    -5.53894  0.00660982
        1961    -5.40823    -5.53887  0.00660679
        1962    -5.41237    -5.53881  0.00660374
        1963    -5.41647    -5.53874  0.00660067
        1964    -5.42068    -5.53868  0.00659758
        1965    -5.42516    -5.53863  0.00659447
        1966    -5.42929    -5.53857  0.00659135
        1967    -5.43338    -5.53852  0.00658822
        1968    -5.43728    -5.53847  0.00658507
        1969    -5.44112    -5.53842  0.00658191
        1970    -5.44477    -5.53837  0.00657875
        1971    -5.44852    -5.53832  0.00657557
        1972    -5.45221    -5.53828  0.00657238
        1973    -5.45584    -5.53824  0.00656918
        1974    -5.45942     -5.5382  0.00656597
        1975    -5.46309    -5.53816  0.00656276
        1976    -5.46669    -5.53812  0.00655954
        1977    -5.47007    -5.53809  0.00655631
        1978    -5.47324    -5.53806  0.00655308
        1979    -5.47633    -5.53803  0.00654984
        1980    -5.47951      -5.538   0.0065466
        1981     -5.4826    -5.53797  0.00654335
        1982    -5.48547    -5.53794   0.0065401
        1983    -5.48841    -5.53792  0.00653685
        1984    -5.49127    -5.53789   0.0065336
        1985    -5.49419    -5.53787  0.00653035
        1986    -5.49688    -5.53785  0.00652709
        1987    -5.49978    -5.53783  0.00652383
        1988    -5.50229    -5.53781  0.00652058
        1989    -5.50455     -5.5378  0.00651732
        1990    -5.50702    -5.53778  0.00651406
        1991     -5.5094    -5.53777  0.00651081
        1992    -5.51123    -5.53775  0.00650755
        1993    -5.51311    -5.53774   0.0065043
        1994    -5.51519    -5.53773  0.00650105
        1995    -5.51688    -5.53772   0.0064978
        1996    -5.51831    -5.53771  0.00649455
        1997    -5.51994     -5.5377   0.0064913
        1998    -5.52147    -5.53769  0.00648806
        1999     -5.5232    -5.53769  0.00648482
        2000    -5.52483    -5.53768  0.00648158
