#     BLOCK:   ACTUAL_P:     P_AVE:       ERROR:
           1    -8.77532    -8.77532           0
           2     -8.7747    -8.77501 0.000220262
           3    -8.77366    -8.77456 0.000395422
           4    -8.77221    -8.77397 0.000589071
           5    -8.77035    -8.77325 0.000802106
           6    -8.76807    -8.77239  0.00103359
           7    -8.76537    -8.77138  0.00128243
           8    -8.76227    -8.77024  0.00154766
           9    -8.75875    -8.76897  0.00182843
          10    -8.75481    -8.76755    0.002124
          11    -8.75046      -8.766  0.00243375
          12    -8.74569    -8.76431  0.00275714
          13    -8.74051    -8.76247   0.0030937
          14     -8.7349    -8.76051  0.00344301
          15    -8.72888     -8.7584  0.00380474
          16    -8.72243    -8.75615  0.00417854
          17    -8.71556    -8.75376  0.00456416
          18    -8.70827    -8.75123  0.00496134
          19    -8.70054    -8.74857  0.00536987
          20    -8.69239    -8.74576  0.00578956
          21     -8.6838    -8.74281  0.00622025
          22    -8.67479    -8.73972  0.00666178
          23    -8.66533    -8.73648  0.00711403
          24    -8.65543     -8.7331  0.00757689
          25    -8.64485    -8.72957  0.00805428
          26    -8.63383    -8.72589  0.00854501
          27    -8.62259    -8.72207  0.00904454
          28    -8.61091     -8.7181  0.00955314
          29    -8.59876    -8.71398    0.010071
          30    -8.58592    -8.70971   0.0106015
          31    -8.57237    -8.70528   0.0111469
          32     -8.5586     -8.7007   0.0117032
          33    -8.54459    -8.69597   0.0122674
          34    -8.52938    -8.69107   0.0128478
          35    -8.51394    -8.68601   0.0134405
          36    -8.49849     -8.6808   0.0140402
          37    -8.48255    -8.67544   0.0146475
          38    -8.46563    -8.66992   0.0152672
          39    -8.44869    -8.66425   0.0158946
          40    -8.43052     -8.6584   0.0165364
          41    -8.41257    -8.65241   0.0171858
          42    -8.39385    -8.64625   0.0178452
          43    -8.37412    -8.63992   0.0185184
          44    -8.35435    -8.63343   0.0192012
          45    -8.33404    -8.62678   0.0198938
          46    -8.31271    -8.61995   0.0205996
          47    -8.29083    -8.61295   0.0213184
          48    -8.26887    -8.60578   0.0220465
          49    -8.24587    -8.59844   0.0227873
          50    -8.22254    -8.59092    0.023539
          51    -8.19888    -8.58323   0.0243002
          52    -8.17415    -8.57536    0.025074
          53    -8.14907    -8.56732   0.0258588
          54     -8.1234     -8.5591   0.0266546
          55    -8.09712     -8.5507   0.0274616
          56    -8.06974    -8.54211   0.0282824
          57    -8.04199    -8.53334   0.0291155
          58    -8.01409    -8.52438   0.0299583
          59    -7.98507    -8.51524   0.0308135
          60    -7.95517    -8.50591   0.0316823
          61    -7.92487    -8.49638   0.0325633
          62    -7.89438    -8.48667   0.0334544
          63    -7.86275    -8.47677    0.034358
          64     -7.8302    -8.46667   0.0352752
          65    -7.79769    -8.45638   0.0362028
          66    -7.76401    -8.44589   0.0371431
          67    -7.72963     -8.4352   0.0380961
          68    -7.69502    -8.42431   0.0390599
          69     -7.6597    -8.41323   0.0400349
          70    -7.62366    -8.40195   0.0410212
          71    -7.58689    -8.39047    0.042019
          72    -7.54962    -8.37879   0.0430277
          73    -7.51065     -8.3669   0.0440511
          74    -7.47189     -8.3548   0.0450856
          75    -7.43166     -8.3425    0.046134
          76     -7.3909    -8.32997   0.0471956
          77    -7.34914    -8.31724   0.0482711
          78    -7.30708    -8.30429   0.0493589
          79    -7.26304    -8.29111   0.0504632
          80    -7.21919    -8.27771   0.0515806
          81    -7.17454    -8.26409   0.0527112
          82    -7.12885    -8.25024   0.0538557
          83    -7.08238    -8.23617   0.0550143
          84    -7.03558    -8.22188   0.0561853
          85    -6.98774    -8.20736   0.0573697
          86    -6.93934    -8.19262   0.0585666
          87     -6.8899    -8.17764    0.059777
          88    -6.83989    -8.16244   0.0610001
          89    -6.78932    -8.14701   0.0622352
          90    -6.73722    -8.13135   0.0634844
          91    -6.68505    -8.11545   0.0647457
          92    -6.63207    -8.09933   0.0660191
          93     -6.5783    -8.08298   0.0673046
          94    -6.52447     -8.0664   0.0686003
          95    -6.46913    -8.04958   0.0699082
          96    -6.41278    -8.03253   0.0712288
          97    -6.35639    -8.01525   0.0725603
          98    -6.29851    -7.99773   0.0739042
          99    -6.24037    -7.97998   0.0752594
         100    -6.18077    -7.96199   0.0766273
         101    -6.12093    -7.94376   0.0780066
         102    -6.06038     -7.9253   0.0793971
         103    -5.99938     -7.9066    0.080798
         104    -5.93698    -7.88766   0.0822107
         105    -5.87368    -7.86848   0.0836354
         106    -5.81046    -7.84907   0.0850701
         107    -5.74686    -7.82942    0.086514
         108    -5.68218    -7.80954   0.0879678
         109    -5.61693    -7.78942   0.0894311
         110    -5.55136    -7.76908   0.0909031
         111    -5.48551     -7.7485   0.0923827
         112     -5.4194    -7.72771   0.0938693
         113    -5.35306    -7.70669   0.0953618
         114    -5.28554    -7.68545   0.0968615
         115    -5.21689    -7.66399    0.098369
         116    -5.14905    -7.64231   0.0998816
         117    -5.08038    -7.62041      0.1014
         118     -5.0109     -7.5983    0.102924
         119    -4.94208    -7.57598    0.104451
         120    -4.87277    -7.55345    0.105982
         121    -4.80322    -7.53072    0.107516
         122    -4.73252    -7.50778    0.109053
         123    -4.66285    -7.48465    0.110592
         124     -4.5921    -7.46133    0.112134
         125    -4.52173    -7.43781    0.113676
         126    -4.45154    -7.41411    0.115218
         127     -4.3818    -7.39023    0.116758
         128    -4.31184    -7.36618    0.118297
         129    -4.24143    -7.34196    0.119835
         130     -4.1711    -7.31757     0.12137
         131    -4.10112    -7.29302    0.122902
         132    -4.03176    -7.26831    0.124429
         133    -3.96137    -7.24345    0.125953
         134    -3.89119    -7.21843    0.127474
         135    -3.82125    -7.19326    0.128989
         136    -3.75255    -7.16796    0.130498
         137     -3.6839    -7.14253       0.132
         138    -3.61583    -7.11698    0.133495
         139    -3.54789     -7.0913    0.134981
         140    -3.47985     -7.0655     0.13646
         141    -3.41224     -7.0396     0.13793
         142    -3.34557    -7.01358     0.13939
         143    -3.27937    -6.98747     0.14084
         144    -3.21393    -6.96126    0.142279
         145    -3.14879    -6.93497    0.143707
         146    -3.08349    -6.90859    0.145124
         147    -3.01878    -6.88213    0.146529
         148    -2.95517    -6.85559    0.147922
         149    -2.89197    -6.82899    0.149302
         150    -2.82992    -6.80233    0.150668
         151    -2.76881    -6.77562     0.15202
         152    -2.70867    -6.74886    0.153356
         153    -2.64855    -6.72206    0.154678
         154    -2.58921    -6.69523    0.155984
         155    -2.53139    -6.66836    0.157274
         156    -2.47343    -6.64147    0.158548
         157    -2.41632    -6.61456    0.159806
         158    -2.36129    -6.58764    0.161045
         159    -2.30619    -6.56072    0.162268
         160    -2.25201    -6.53379    0.163473
         161    -2.19902    -6.50686     0.16466
         162    -2.14674    -6.47995    0.165829
         163     -2.0957    -6.45305    0.166979
         164     -2.0459    -6.42618    0.168109
         165    -1.99641    -6.39933     0.16922
         166    -1.94822    -6.37252    0.170312
         167    -1.90109    -6.34574    0.171384
         168    -1.85481    -6.31901    0.172436
         169     -1.8094    -6.29233    0.173468
         170     -1.7656     -6.2657    0.174479
         171    -1.72295    -6.23913     0.17547
         172    -1.68218    -6.21264    0.176438
         173     -1.6421    -6.18622    0.177385
         174    -1.60322    -6.15988    0.178311
         175     -1.5653    -6.13363    0.179214
         176    -1.52883    -6.10746    0.180096
         177    -1.49335    -6.08139    0.180955
         178    -1.45935    -6.05543    0.181792
         179    -1.42611    -6.02956    0.182607
         180     -1.3946    -6.00381    0.183399
         181    -1.36483    -5.97819    0.184168
         182    -1.33608    -5.95268    0.184914
         183    -1.30811     -5.9273    0.185637
         184    -1.28139    -5.90205    0.186337
         185    -1.25642    -5.87694    0.187014
         186    -1.23269    -5.85197    0.187668
         187    -1.20974    -5.82714    0.188299
         188    -1.18753    -5.80247    0.188908
         189    -1.16751    -5.77794    0.189494
         190    -1.14823    -5.75357    0.190057
         191    -1.13014    -5.72937    0.190597
         192    -1.11298    -5.70532    0.191115
         193    -1.09723    -5.68145     0.19161
         194    -1.08262    -5.65774    0.192083
         195    -1.06913    -5.63421    0.192534
         196    -1.05648    -5.61086    0.192963
         197    -1.04537    -5.58768     0.19337
         198    -1.03458    -5.56469    0.193756
         199    -1.02527    -5.54187    0.194121
         200    -1.01693    -5.51925    0.194464
         201    -1.01001    -5.49682    0.194786
         202     -1.0035    -5.47457    0.195088
         203   -0.998107    -5.45252    0.195369
         204   -0.993536    -5.43066     0.19563
         205   -0.989514      -5.409    0.195872
         206   -0.986485    -5.38753    0.196094
         207   -0.983687    -5.36625    0.196298
         208   -0.981802    -5.34518    0.196482
         209   -0.981031    -5.32429    0.196649
         210   -0.980132    -5.30361    0.196797
         211   -0.979546    -5.28312    0.196929
         212   -0.980439    -5.26282    0.197043
         213   -0.980846    -5.24272    0.197141
         214   -0.982413    -5.22281    0.197222
         215   -0.984381    -5.20309    0.197288
         216   -0.986712    -5.18357    0.197337
         217   -0.989372    -5.16425    0.197372
         218   -0.992325    -5.14511    0.197393
         219   -0.995297    -5.12616    0.197399
         220   -0.998256     -5.1074    0.197391
         221    -1.00238    -5.08882     0.19737
         222    -1.00618    -5.07043    0.197336
         223    -1.01037    -5.05223    0.197289
         224    -1.01419     -5.0342     0.19723
         225    -1.01809    -5.01635     0.19716
         226    -1.02206    -4.99868    0.197078
         227    -1.02608    -4.98117    0.196985
         228    -1.03035    -4.96385    0.196882
         229    -1.03415    -4.94669    0.196768
         230    -1.03865    -4.92969    0.196645
         231    -1.04216    -4.91287    0.196513
         232    -1.04611     -4.8962    0.196371
         233    -1.04976    -4.87969    0.196221
         234    -1.05382    -4.86334    0.196063
         235    -1.05756    -4.84715    0.195896
         236    -1.06145     -4.8311    0.195722
         237    -1.06501    -4.81521     0.19554
         238    -1.06919    -4.79947    0.195351
         239    -1.07229    -4.78388    0.195155
         240    -1.07577    -4.76843    0.194952
         241    -1.07889    -4.75312    0.194743
         242    -1.08165    -4.73795    0.194529
         243    -1.08477    -4.72291    0.194308
         244     -1.0873    -4.70801    0.194082
         245    -1.08995    -4.69325    0.193851
         246    -1.09224    -4.67861    0.193615
         247    -1.09441     -4.6641    0.193374
         248     -1.0972    -4.64972    0.193129
         249    -1.09988    -4.63546    0.192879
         250    -1.10197    -4.62132    0.192624
         251    -1.10445    -4.60731    0.192366
         252    -1.10683    -4.59342    0.192103
         253    -1.10864    -4.57965    0.191837
         254    -1.11036    -4.56599    0.191567
         255    -1.11176    -4.55244    0.191294
         256    -1.11333    -4.53901    0.191018
         257    -1.11483    -4.52569    0.190739
         258    -1.11626    -4.51247    0.190457
         259    -1.11716    -4.49936    0.190172
         260    -1.11825    -4.48636    0.189885
         261    -1.11977    -4.47346    0.189595
         262    -1.12101    -4.46066    0.189303
         263    -1.12246    -4.44797    0.189008
         264    -1.12364    -4.43538    0.188711
         265    -1.12552    -4.42289    0.188412
         266    -1.12642     -4.4105    0.188111
         267     -1.1273     -4.3982    0.187808
         268    -1.12817      -4.386    0.187503
         269    -1.12927    -4.37389    0.187196
         270    -1.13037    -4.36188    0.186888
         271    -1.13099    -4.34996    0.186578
         272    -1.13209    -4.33813    0.186267
         273    -1.13344    -4.32639    0.185954
         274    -1.13407    -4.31474     0.18564
         275    -1.13495    -4.30317    0.185325
         276    -1.13583     -4.2917    0.185008
         277    -1.13697    -4.28031    0.184691
         278    -1.13812    -4.26901    0.184372
         279    -1.13927    -4.25779    0.184052
         280    -1.14068    -4.24665    0.183731
         281    -1.14233    -4.23561    0.183409
         282    -1.14327    -4.22464    0.183086
         283    -1.14446    -4.21376    0.182762
         284    -1.14565    -4.20295    0.182438
         285    -1.14685    -4.19223    0.182113
         286    -1.14829    -4.18159    0.181787
         287     -1.1502    -4.17103     0.18146
         288    -1.15092    -4.16054    0.181132
         289    -1.15211    -4.15013    0.180805
         290    -1.15306    -4.13979    0.180476
         291    -1.15375    -4.12953    0.180148
         292    -1.15492    -4.11935    0.179818
         293    -1.15632    -4.10923    0.179489
         294    -1.15746    -4.09919    0.179159
         295    -1.15859    -4.08923    0.178829
         296     -1.1597    -4.07933    0.178498
         297    -1.16031     -4.0695    0.178168
         298    -1.16162    -4.05974    0.177837
         299    -1.16243    -4.05005    0.177506
         300     -1.1637    -4.04043    0.177175
         301    -1.16495    -4.03088    0.176843
         302    -1.16594    -4.02139    0.176512
         303    -1.16666    -4.01197    0.176181
         304    -1.16785    -4.00261    0.175849
         305    -1.16901    -3.99332    0.175518
         306    -1.16968     -3.9841    0.175187
         307    -1.17058    -3.97493    0.174856
         308    -1.17194    -3.96583    0.174525
         309    -1.17306    -3.95679    0.174194
         310    -1.17345    -3.94781    0.173863
         311    -1.17408     -3.9389    0.173533
         312    -1.17519    -3.93004    0.173202
         313    -1.17607    -3.92124    0.172872
         314    -1.17624     -3.9125    0.172543
         315    -1.17739    -3.90381    0.172213
         316    -1.17832    -3.89519    0.171884
         317    -1.17928    -3.88662    0.171555
         318    -1.18075    -3.87811    0.171227
         319    -1.18154    -3.86966    0.170899
         320    -1.18262    -3.86126    0.170571
         321    -1.18373    -3.85292    0.170243
         322    -1.18515    -3.84464    0.169916
         323     -1.1871    -3.83641    0.169589
         324    -1.18936    -3.82824    0.169262
         325    -1.19023    -3.82012    0.168936
         326    -1.19214    -3.81206     0.16861
         327    -1.19388    -3.80405    0.168284
         328    -1.19522     -3.7961    0.167959
         329    -1.19711     -3.7882    0.167634
         330    -1.19883    -3.78035     0.16731
         331    -1.20087    -3.77256    0.166986
         332    -1.20275    -3.76482    0.166662
         333    -1.20518    -3.75713    0.166339
         334    -1.20745     -3.7495    0.166016
         335    -1.20978    -3.74192    0.165693
         336    -1.21242    -3.73439    0.165371
         337     -1.2144    -3.72691    0.165049
         338    -1.21667    -3.71949    0.164728
         339    -1.21898    -3.71211    0.164407
         340    -1.22182    -3.70479    0.164087
         341    -1.22349    -3.69751    0.163767
         342    -1.22542    -3.69028    0.163447
         343    -1.22808     -3.6831    0.163128
         344    -1.23051    -3.67597     0.16281
         345    -1.23293    -3.66889    0.162492
         346    -1.23557    -3.66186    0.162174
         347    -1.23746    -3.65487    0.161857
         348    -1.23955    -3.64793    0.161541
         349    -1.24207    -3.64104    0.161225
         350    -1.24404    -3.63419     0.16091
         351     -1.2457    -3.62738    0.160595
         352    -1.24823    -3.62063    0.160281
         353    -1.25042    -3.61391    0.159968
         354    -1.25249    -3.60724    0.159655
         355    -1.25421    -3.60061    0.159343
         356     -1.2558    -3.59403    0.159031
         357    -1.25724    -3.58748     0.15872
         358    -1.25829    -3.58097     0.15841
         359    -1.25918    -3.57451    0.158101
         360    -1.26014    -3.56808    0.157793
         361    -1.26045    -3.56168    0.157485
         362    -1.26105    -3.55533    0.157178
         363    -1.26099    -3.54901    0.156872
         364     -1.2617    -3.54273    0.156567
         365    -1.26173    -3.53648    0.156263
         366    -1.26108    -3.53026    0.155959
         367    -1.26096    -3.52408    0.155657
         368    -1.26015    -3.51792    0.155355
         369    -1.25914     -3.5118    0.155055
         370    -1.25792    -3.50571    0.154755
         371    -1.25651    -3.49965    0.154457
         372     -1.2549    -3.49361     0.15416
         373    -1.25309    -3.48761    0.153863
         374    -1.25133    -3.48163    0.153568
         375    -1.24938    -3.47568    0.153274
         376    -1.24678    -3.46975    0.152981
         377    -1.24448    -3.46384    0.152689
         378    -1.24201    -3.45797    0.152398
         379    -1.23962    -3.45211    0.152108
         380    -1.23635    -3.44628     0.15182
         381    -1.23342    -3.44047    0.151532
         382    -1.23012    -3.43469    0.151246
         383    -1.22693    -3.42892    0.150961
         384    -1.22362    -3.42318    0.150677
         385    -1.22044    -3.41746    0.150394
         386    -1.21668    -3.41176    0.150113
         387    -1.21284    -3.40608    0.149832
         388    -1.20772    -3.40041    0.149553
         389    -1.20397    -3.39476    0.149275
         390    -1.20042    -3.38914    0.148999
         391    -1.19633    -3.38353    0.148723
         392    -1.19221    -3.37794    0.148449
         393    -1.18807    -3.37237    0.148175
         394    -1.18391    -3.36681    0.147903
         395    -1.18022    -3.36128    0.147633
         396    -1.17631    -3.35576    0.147363
         397    -1.17264    -3.35026    0.147094
         398    -1.16925    -3.34478    0.146827
         399    -1.16493    -3.33932     0.14656
         400    -1.16113    -3.33387    0.146295
         401    -1.15762    -3.32844    0.146031
         402    -1.15442    -3.32304    0.145768
         403     -1.1508    -3.31765    0.145506
         404    -1.14726    -3.31227    0.145245
         405    -1.14381    -3.30692    0.144985
         406     -1.1402    -3.30158    0.144726
         407     -1.1367    -3.29626    0.144468
         408    -1.13355    -3.29096    0.144211
         409    -1.13003    -3.28568    0.143955
         410     -1.1271    -3.28041      0.1437
         411    -1.12455    -3.27517    0.143446
         412    -1.12165    -3.26994    0.143193
         413    -1.11912    -3.26473    0.142941
         414     -1.1165    -3.25955     0.14269
         415    -1.11474    -3.25438     0.14244
         416    -1.11266    -3.24923     0.14219
         417    -1.11002     -3.2441    0.141942
         418    -1.10826    -3.23899    0.141694
         419    -1.10691     -3.2339    0.141447
         420    -1.10453    -3.22883    0.141202
         421     -1.1033    -3.22378    0.140956
         422    -1.10201    -3.21875    0.140712
         423    -1.10114    -3.21375    0.140468
         424    -1.10048    -3.20876    0.140225
         425    -1.10025     -3.2038    0.139983
         426    -1.09998    -3.19886    0.139742
         427    -1.10017    -3.19395    0.139501
         428    -1.10057    -3.18906    0.139261
         429    -1.10071    -3.18419    0.139021
         430    -1.10084    -3.17935    0.138782
         431    -1.10144    -3.17452    0.138544
         432    -1.10301    -3.16973    0.138306
         433    -1.10457    -3.16496    0.138069
         434    -1.10615    -3.16022    0.137832
         435    -1.10798     -3.1555    0.137596
         436    -1.10958    -3.15081    0.137361
         437    -1.11194    -3.14614    0.137125
         438    -1.11432     -3.1415    0.136891
         439    -1.11723    -3.13689    0.136657
         440    -1.11969    -3.13231    0.136423
         441    -1.12292    -3.12775     0.13619
         442    -1.12692    -3.12322    0.135957
         443    -1.13122    -3.11873    0.135724
         444    -1.13532    -3.11426    0.135492
         445    -1.13996    -3.10982     0.13526
         446    -1.14491    -3.10542    0.135029
         447    -1.15015    -3.10104    0.134797
         448    -1.15545     -3.0967    0.134566
         449    -1.16178    -3.09239    0.134336
         450    -1.16768    -3.08811    0.134105
         451    -1.17412    -3.08387    0.133875
         452    -1.18109    -3.07966    0.133645
         453    -1.18835    -3.07548    0.133415
         454    -1.19566    -3.07134    0.133186
         455      -1.203    -3.06724    0.132956
         456    -1.21061    -3.06317    0.132727
         457    -1.21872    -3.05913    0.132498
         458    -1.22709    -3.05513    0.132269
         459    -1.23569    -3.05117     0.13204
         460    -1.24429    -3.04724    0.131811
         461    -1.25286    -3.04335    0.131583
         462    -1.26164    -3.03949    0.131355
         463    -1.27182    -3.03567    0.131126
         464    -1.28145    -3.03189    0.130898
         465    -1.29125    -3.02815     0.13067
         466    -1.30119    -3.02444    0.130442
         467     -1.3115    -3.02077    0.130215
         468    -1.32217    -3.01714    0.129987
         469    -1.33269    -3.01355     0.12976
         470    -1.34353       -3.01    0.129532
         471    -1.35395    -3.00648    0.129305
         472    -1.36416      -3.003    0.129078
         473    -1.37464    -2.99956    0.128851
         474    -1.38537    -2.99616    0.128624
         475    -1.39585    -2.99279    0.128397
         476     -1.4063    -2.98945    0.128171
         477     -1.4167    -2.98616    0.127944
         478     -1.4268    -2.98289    0.127718
         479    -1.43706    -2.97967    0.127492
         480    -1.44771    -2.97647    0.127267
         481    -1.45729    -2.97332    0.127041
         482    -1.46771    -2.97019    0.126816
         483    -1.47799     -2.9671    0.126591
         484    -1.48716    -2.96405    0.126367
         485    -1.49737    -2.96102    0.126142
         486    -1.50668    -2.95803    0.125918
         487    -1.51605    -2.95507    0.125694
         488    -1.52498    -2.95214    0.125471
         489    -1.53468    -2.94924    0.125248
         490    -1.54319    -2.94637    0.125025
         491    -1.55173    -2.94353    0.124803
         492    -1.56005    -2.94072    0.124581
         493    -1.56789    -2.93793    0.124359
         494    -1.57501    -2.93517    0.124138
         495    -1.58262    -2.93244    0.123917
         496     -1.5895    -2.92973    0.123697
         497    -1.59614    -2.92705    0.123477
         498    -1.60277    -2.92439    0.123258
         499    -1.60915    -2.92176    0.123039
         500    -1.61456    -2.91914    0.122821
         501     -1.6202    -2.91655    0.122603
         502    -1.62608    -2.91398    0.122386
         503    -1.63196    -2.91143    0.122169
         504    -1.63711     -2.9089    0.121953
         505    -1.64202    -2.90639    0.121737
         506    -1.64621     -2.9039    0.121522
         507    -1.65065    -2.90143    0.121307
         508     -1.6551    -2.89898    0.121093
         509    -1.65909    -2.89654     0.12088
         510    -1.66309    -2.89412    0.120667
         511    -1.66663    -2.89172    0.120455
         512    -1.66997    -2.88933    0.120243
         513    -1.67333    -2.88696    0.120032
         514    -1.67626    -2.88461    0.119822
         515    -1.67923    -2.88227    0.119612
         516    -1.68225    -2.87994    0.119403
         517    -1.68461    -2.87763    0.119194
         518    -1.68679    -2.87533    0.118986
         519    -1.68856    -2.87304    0.118779
         520     -1.6904    -2.87077    0.118572
         521    -1.69208    -2.86851    0.118366
         522    -1.69337    -2.86626    0.118161
         523    -1.69451    -2.86402    0.117956
         524    -1.69551    -2.86179    0.117752
         525    -1.69661    -2.85957    0.117549
         526    -1.69758    -2.85736    0.117346
         527    -1.69819    -2.85516    0.117144
         528    -1.69867    -2.85297    0.116943
         529    -1.69928    -2.85079    0.116742
         530    -1.69882    -2.84861    0.116542
         531     -1.6997    -2.84645    0.116343
         532        -1.7    -2.84429    0.116144
         533    -1.70044    -2.84215    0.115946
         534    -1.70031    -2.84001    0.115748
         535    -1.70034    -2.83788    0.115552
         536    -1.70028    -2.83576    0.115356
         537    -1.70063    -2.83364     0.11516
         538    -1.70042    -2.83154    0.114965
         539    -1.70062    -2.82944    0.114771
         540    -1.70028    -2.82735    0.114578
         541    -1.69987    -2.82526    0.114385
         542    -1.69915    -2.82319    0.114193
         543    -1.69814    -2.82111    0.114001
         544    -1.69731    -2.81905     0.11381
         545    -1.69667    -2.81699     0.11362
         546    -1.69597    -2.81494    0.113431
         547    -1.69547    -2.81289    0.113242
         548    -1.69516    -2.81085    0.113053
         549    -1.69336    -2.80881    0.112866
         550    -1.69247    -2.80678    0.112679
         551     -1.6913    -2.80476    0.112493
         552    -1.68961    -2.80274    0.112307
         553    -1.68859    -2.80072    0.112122
         554    -1.68753    -2.79872    0.111937
         555    -1.68619    -2.79671    0.111754
         556    -1.68504    -2.79471    0.111571
         557    -1.68386    -2.79272    0.111388
         558    -1.68287    -2.79073    0.111206
         559    -1.68183    -2.78874    0.111025
         560    -1.68051    -2.78677    0.110844
         561    -1.67987    -2.78479    0.110664
         562    -1.67845    -2.78282    0.110485
         563    -1.67699    -2.78086    0.110306
         564    -1.67572     -2.7789    0.110128
         565     -1.6744    -2.77695     0.10995
         566    -1.67206    -2.77499    0.109774
         567    -1.67038    -2.77304    0.109597
         568    -1.66793     -2.7711    0.109422
         569    -1.66614    -2.76916    0.109246
         570    -1.66454    -2.76722    0.109072
         571    -1.66214    -2.76528    0.108898
         572    -1.66016    -2.76335    0.108725
         573    -1.65835    -2.76142    0.108552
         574      -1.656     -2.7595     0.10838
         575    -1.65404    -2.75758    0.108209
         576    -1.65153    -2.75565    0.108038
         577    -1.64918    -2.75374    0.107868
         578    -1.64675    -2.75182    0.107698
         579    -1.64399    -2.74991    0.107529
         580    -1.64138      -2.748    0.107361
         581    -1.63869    -2.74609    0.107193
         582     -1.6359    -2.74418    0.107026
         583    -1.63301    -2.74227    0.106859
         584    -1.63003    -2.74037    0.106693
         585    -1.62718    -2.73847    0.106528
         586    -1.62376    -2.73657    0.106363
         587    -1.62071    -2.73466    0.106199
         588    -1.61755    -2.73276    0.106035
         589    -1.61332    -2.73086    0.105872
         590     -1.6097    -2.72896     0.10571
         591    -1.60597    -2.72706    0.105548
         592    -1.60237    -2.72516    0.105387
         593    -1.59793    -2.72326    0.105226
         594     -1.5941    -2.72136    0.105066
         595    -1.58967    -2.71946    0.104907
         596     -1.5856    -2.71756    0.104748
         597    -1.58118    -2.71565     0.10459
         598    -1.57664    -2.71375    0.104432
         599    -1.57151    -2.71184    0.104275
         600    -1.56626    -2.70993    0.104119
         601     -1.5609    -2.70802    0.103963
         602     -1.5564    -2.70611    0.103808
         603    -1.55105    -2.70419    0.103654
         604    -1.54585    -2.70227      0.1035
         605    -1.54029    -2.70035    0.103347
         606    -1.53488    -2.69843    0.103194
         607    -1.52936     -2.6965    0.103042
         608    -1.52327    -2.69458     0.10289
         609    -1.51756    -2.69264     0.10274
         610    -1.51153    -2.69071    0.102589
         611    -1.50613    -2.68877     0.10244
         612    -1.50065    -2.68683    0.102291
         613    -1.49436    -2.68488    0.102143
         614    -1.48801    -2.68293    0.101995
         615    -1.48182    -2.68098    0.101848
         616    -1.47581    -2.67902    0.101701
         617    -1.46926    -2.67706    0.101555
         618    -1.46289     -2.6751     0.10141
         619    -1.45598    -2.67313    0.101265
         620    -1.44927    -2.67115    0.101121
         621    -1.44203    -2.66917    0.100978
         622    -1.43547    -2.66719    0.100835
         623    -1.42887     -2.6652    0.100692
         624    -1.42249    -2.66321    0.100551
         625    -1.41631    -2.66122     0.10041
         626    -1.40939    -2.65922    0.100269
         627     -1.4022    -2.65721    0.100129
         628    -1.39523     -2.6552     0.09999
         629    -1.38872    -2.65319   0.0998513
         630    -1.38196    -2.65117   0.0997132
         631    -1.37519    -2.64915   0.0995757
         632     -1.3684    -2.64712   0.0994387
         633    -1.36135    -2.64509   0.0993024
         634    -1.35478    -2.64306   0.0991666
         635     -1.3482    -2.64102   0.0990314
         636    -1.34138    -2.63897   0.0988968
         637     -1.3343    -2.63692   0.0987627
         638    -1.32745    -2.63487   0.0986293
         639     -1.3206    -2.63282   0.0984964
         640    -1.31374    -2.63075    0.098364
         641    -1.30734    -2.62869   0.0982322
         642    -1.29998    -2.62662    0.098101
         643    -1.29309    -2.62455   0.0979704
         644    -1.28618    -2.62247   0.0978403
         645    -1.27902    -2.62039   0.0977108
         646    -1.27137     -2.6183   0.0975818
         647    -1.26466     -2.6162   0.0974534
         648    -1.25745    -2.61411   0.0973256
         649    -1.25047    -2.61201   0.0971983
         650    -1.24347     -2.6099   0.0970716
         651    -1.23598    -2.60779   0.0969454
         652    -1.22966    -2.60568   0.0968197
         653    -1.22261    -2.60356   0.0966946
         654     -1.2153    -2.60144   0.0965701
         655    -1.20846    -2.59931   0.0964461
         656    -1.20159    -2.59718   0.0963226
         657    -1.19471    -2.59504   0.0961996
         658     -1.1883    -2.59291   0.0960772
         659    -1.18092    -2.59076   0.0959553
         660    -1.17376    -2.58862   0.0958339
         661    -1.16708    -2.58647    0.095713
         662    -1.15992    -2.58431   0.0955927
         663    -1.15227    -2.58215   0.0954729
         664    -1.14511    -2.57999   0.0953537
         665     -1.1382    -2.57782   0.0952349
         666    -1.13106    -2.57565   0.0951167
         667    -1.12371    -2.57347    0.094999
         668    -1.11662    -2.57129   0.0948818
         669    -1.10956     -2.5691   0.0947651
         670    -1.10254    -2.56692    0.094649
         671    -1.09509    -2.56472   0.0945333
         672    -1.08794    -2.56252   0.0944182
         673     -1.0811    -2.56032   0.0943036
         674    -1.07433    -2.55812   0.0941894
         675    -1.06812    -2.55591   0.0940757
         676    -1.06056     -2.5537   0.0939626
         677    -1.05335    -2.55148   0.0938499
         678    -1.04649    -2.54926   0.0937377
         679    -1.04023    -2.54704    0.093626
         680    -1.03362    -2.54481   0.0935148
         681     -1.0274    -2.54259    0.093404
         682    -1.02157    -2.54036   0.0932937
         683    -1.01638    -2.53813   0.0931838
         684    -1.01064    -2.53589   0.0930743
         685    -1.00605    -2.53366   0.0929652
         686    -1.00021    -2.53142   0.0928566
         687    -0.99577    -2.52919   0.0927483
         688   -0.991061    -2.52695   0.0926404
         689   -0.986573    -2.52472   0.0925329
         690   -0.982073    -2.52248   0.0924258
         691   -0.977812    -2.52025   0.0923191
         692   -0.974039    -2.51801   0.0922127
         693      -0.971    -2.51578   0.0921067
         694   -0.967262    -2.51355    0.092001
         695   -0.964033    -2.51132   0.0918956
         696    -0.96132    -2.50909   0.0917906
         697   -0.958406    -2.50687   0.0916859
         698   -0.956017    -2.50464   0.0915814
         699   -0.954158    -2.50243   0.0914773
         700   -0.952834    -2.50021   0.0913734
         701   -0.951569      -2.498   0.0912697
         702   -0.950604     -2.4958   0.0911663
         703   -0.949942     -2.4936   0.0910631
         704   -0.949825    -2.49141   0.0909602
         705   -0.949773    -2.48922   0.0908575
         706   -0.950028    -2.48704   0.0907549
         707   -0.950832    -2.48487   0.0906526
         708   -0.951942     -2.4827   0.0905504
         709   -0.953118    -2.48055   0.0904483
         710   -0.954598     -2.4784   0.0903465
         711    -0.95662    -2.47626   0.0902448
         712   -0.958702    -2.47412   0.0901432
         713   -0.960599      -2.472   0.0900417
         714   -0.963513    -2.46989   0.0899404
         715   -0.966715    -2.46779   0.0898392
         716   -0.970201    -2.46569   0.0897381
         717   -0.973243    -2.46361    0.089637
         718   -0.977039    -2.46154   0.0895361
         719   -0.981104    -2.45948   0.0894353
         720   -0.985187    -2.45744   0.0893345
         721   -0.989764     -2.4554   0.0892338
         722   -0.994346    -2.45338   0.0891331
         723   -0.999168    -2.45137   0.0890325
         724    -1.00446    -2.44937    0.088932
         725    -1.00998    -2.44738   0.0888315
         726    -1.01571    -2.44541    0.088731
         727    -1.02141    -2.44345   0.0886306
         728    -1.02682     -2.4415   0.0885302
         729    -1.03266    -2.43957   0.0884298
         730     -1.0394    -2.43765   0.0883295
         731    -1.04631    -2.43575   0.0882292
         732    -1.05313    -2.43386   0.0881288
         733    -1.06035    -2.43199   0.0880285
         734     -1.0677    -2.43013   0.0879282
         735    -1.07566    -2.42829   0.0878279
         736    -1.08278    -2.42646   0.0877276
         737       -1.09    -2.42465   0.0876273
         738    -1.09732    -2.42285    0.087527
         739    -1.10521    -2.42106   0.0874267
         740    -1.11198    -2.41929   0.0873265
         741    -1.11954    -2.41754   0.0872263
         742    -1.12787     -2.4158    0.087126
         743    -1.13529    -2.41408   0.0870258
         744    -1.14299    -2.41237   0.0869256
         745    -1.15145    -2.41068   0.0868254
         746     -1.1592      -2.409   0.0867252
         747    -1.16648    -2.40734   0.0866251
         748    -1.17449    -2.40569   0.0865249
         749    -1.18225    -2.40406   0.0864248
         750    -1.19048    -2.40244   0.0863247
         751    -1.19845    -2.40083   0.0862247
         752    -1.20614    -2.39925   0.0861247
         753    -1.21404    -2.39767   0.0860247
         754    -1.22142    -2.39611   0.0859247
         755    -1.22898    -2.39457   0.0858248
         756    -1.23649    -2.39303    0.085725
         757    -1.24417    -2.39152   0.0856251
         758    -1.25178    -2.39001   0.0855254
         759    -1.25956    -2.38852   0.0854257
         760    -1.26725    -2.38705    0.085326
         761    -1.27486    -2.38559   0.0852264
         762    -1.28238    -2.38414   0.0851268
         763    -1.28955     -2.3827   0.0850274
         764    -1.29663    -2.38128    0.084928
         765    -1.30311    -2.37987   0.0848286
         766    -1.30997    -2.37848   0.0847294
         767    -1.31647    -2.37709   0.0846302
         768    -1.32333    -2.37572   0.0845312
         769    -1.32959    -2.37436   0.0844322
         770    -1.33596    -2.37301   0.0843333
         771    -1.34219    -2.37167   0.0842345
         772    -1.34782    -2.37035   0.0841358
         773    -1.35378    -2.36903   0.0840373
         774    -1.35984    -2.36773   0.0839388
         775    -1.36503    -2.36643   0.0838405
         776    -1.37056    -2.36515   0.0837423
         777    -1.37617    -2.36388   0.0836442
         778    -1.38042    -2.36261   0.0835462
         779    -1.38523    -2.36136   0.0834484
         780    -1.38987    -2.36011   0.0833507
         781    -1.39555    -2.35888   0.0832531
         782    -1.40009    -2.35765   0.0831557
         783    -1.40445    -2.35644   0.0830584
         784    -1.40887    -2.35523   0.0829612
         785    -1.41311    -2.35403   0.0828642
         786     -1.4169    -2.35283   0.0827674
         787    -1.42051    -2.35165   0.0826707
         788    -1.42439    -2.35047   0.0825741
         789    -1.42783     -2.3493   0.0824778
         790    -1.43081    -2.34814   0.0823816
         791    -1.43382    -2.34699   0.0822855
         792    -1.43637    -2.34584   0.0821897
         793    -1.43894    -2.34469    0.082094
         794    -1.44104    -2.34355   0.0819985
         795    -1.44218    -2.34242   0.0819032
         796    -1.44405    -2.34129    0.081808
         797    -1.44544    -2.34017   0.0817131
         798     -1.4461    -2.33905   0.0816184
         799    -1.44676    -2.33793   0.0815239
         800    -1.44741    -2.33682   0.0814296
         801     -1.4478    -2.33571   0.0813355
         802    -1.44842     -2.3346   0.0812416
         803    -1.44854     -2.3335   0.0811479
         804    -1.44816     -2.3324   0.0810545
         805    -1.44728     -2.3313   0.0809612
         806    -1.44615     -2.3302   0.0808682
         807    -1.44499     -2.3291   0.0807755
         808    -1.44334    -2.32801   0.0806829
         809    -1.44192    -2.32691   0.0805906
         810       -1.44    -2.32582   0.0804986
         811    -1.43857    -2.32472   0.0804068
         812    -1.43641    -2.32363   0.0803152
         813    -1.43426    -2.32253   0.0802238
         814    -1.43115    -2.32144   0.0801327
         815    -1.42783    -2.32034   0.0800419
         816    -1.42454    -2.31924   0.0799514
         817    -1.42104    -2.31814   0.0798611
         818    -1.41663    -2.31704    0.079771
         819    -1.41325    -2.31594   0.0796813
         820    -1.40922    -2.31483   0.0795918
         821    -1.40504    -2.31373   0.0795025
         822    -1.40072    -2.31261   0.0794136
         823    -1.39628     -2.3115   0.0793249
         824    -1.39173    -2.31038   0.0792365
         825    -1.38686    -2.30927   0.0791483
         826    -1.38215    -2.30814   0.0790605
         827    -1.37763    -2.30702   0.0789729
         828    -1.37284    -2.30589   0.0788856
         829    -1.36779    -2.30476   0.0787985
         830    -1.36275    -2.30362   0.0787118
         831    -1.35892    -2.30249   0.0786252
         832    -1.35394    -2.30135    0.078539
         833    -1.34949     -2.3002    0.078453
         834    -1.34511    -2.29906   0.0783673
         835    -1.34083    -2.29791   0.0782819
         836     -1.3369    -2.29676   0.0781967
         837    -1.33212    -2.29561   0.0781117
         838    -1.32845    -2.29445   0.0780271
         839    -1.32445     -2.2933   0.0779426
         840    -1.32085    -2.29214   0.0778584
         841    -1.31742    -2.29098   0.0777745
         842    -1.31417    -2.28982   0.0776908
         843    -1.31064    -2.28866   0.0776073
         844    -1.30826     -2.2875    0.077524
         845    -1.30536    -2.28634    0.077441
         846     -1.3029    -2.28517   0.0773582
         847    -1.29992    -2.28401   0.0772756
         848    -1.29787    -2.28285   0.0771932
         849    -1.29578    -2.28168    0.077111
         850     -1.2934    -2.28052   0.0770291
         851     -1.2917    -2.27936   0.0769473
         852    -1.29066     -2.2782   0.0768658
         853    -1.28907    -2.27704   0.0767844
         854    -1.28788    -2.27588   0.0767032
         855    -1.28709    -2.27473   0.0766222
         856     -1.2862    -2.27357   0.0765414
         857    -1.28544    -2.27242   0.0764608
         858    -1.28479    -2.27127   0.0763804
         859    -1.28424    -2.27012   0.0763001
         860    -1.28377    -2.26897     0.07622
         861    -1.28361    -2.26783     0.07614
         862    -1.28327    -2.26668   0.0760603
         863    -1.28272    -2.26554   0.0759807
         864    -1.28267    -2.26441   0.0759013
         865    -1.28239    -2.26327    0.075822
         866    -1.28235    -2.26214   0.0757429
         867    -1.28251    -2.26101    0.075664
         868    -1.28168    -2.25988   0.0755852
         869    -1.28128    -2.25875   0.0755066
         870    -1.28106    -2.25763   0.0754282
         871      -1.281    -2.25651   0.0753499
         872    -1.28014    -2.25539   0.0752718
         873    -1.27942    -2.25427   0.0751939
         874     -1.2786    -2.25315   0.0751162
         875    -1.27791    -2.25204   0.0750386
         876    -1.27685    -2.25093   0.0749612
         877    -1.27591    -2.24982    0.074884
         878    -1.27484     -2.2487   0.0748069
         879    -1.27364     -2.2476     0.07473
         880    -1.27206    -2.24649   0.0746533
         881    -1.26939    -2.24538   0.0745768
         882    -1.26706    -2.24427   0.0745005
         883    -1.26555    -2.24316   0.0744244
         884    -1.26343    -2.24205   0.0743485
         885    -1.26093    -2.24094   0.0742727
         886    -1.25854    -2.23983   0.0741972
         887    -1.25602    -2.23873   0.0741218
         888    -1.25338    -2.23762   0.0740466
         889    -1.25086    -2.23651   0.0739717
         890    -1.24774    -2.23539   0.0738969
         891    -1.24476    -2.23428   0.0738223
         892    -1.24168    -2.23317   0.0737479
         893    -1.23851    -2.23206   0.0736738
         894    -1.23476    -2.23094   0.0735998
         895    -1.23118    -2.22982    0.073526
         896    -1.22776    -2.22871   0.0734525
         897    -1.22357    -2.22758   0.0733792
         898    -1.22027    -2.22646    0.073306
         899    -1.21669    -2.22534   0.0732331
         900    -1.21235    -2.22421   0.0731604
         901    -1.20846    -2.22309   0.0730878
         902    -1.20478    -2.22196   0.0730155
         903     -1.2006    -2.22083   0.0729434
         904    -1.19666    -2.21969   0.0728715
         905    -1.19247    -2.21856   0.0727999
         906    -1.18925    -2.21742   0.0727284
         907    -1.18555    -2.21629   0.0726571
         908     -1.1814    -2.21515    0.072586
         909    -1.17774      -2.214   0.0725151
         910    -1.17388    -2.21286   0.0724444
         911    -1.17004    -2.21172    0.072374
         912    -1.16649    -2.21057   0.0723037
         913    -1.16298    -2.20942   0.0722336
         914    -1.15951    -2.20827   0.0721637
         915    -1.15586    -2.20712    0.072094
         916    -1.15274    -2.20597   0.0720245
         917    -1.14943    -2.20482   0.0719551
         918    -1.14523    -2.20367    0.071886
         919    -1.14181    -2.20251   0.0718171
         920    -1.13846    -2.20135   0.0717483
         921    -1.13614     -2.2002   0.0716797
         922    -1.13268    -2.19904   0.0716114
         923    -1.12979    -2.19788   0.0715431
         924    -1.12745    -2.19672   0.0714751
         925    -1.12448    -2.19556   0.0714072
         926    -1.12134     -2.1944   0.0713395
         927    -1.11876    -2.19324    0.071272
         928    -1.11652    -2.19208   0.0712046
         929    -1.11413    -2.19092   0.0711375
         930    -1.11182    -2.18976   0.0710704
         931    -1.10961     -2.1886   0.0710036
         932    -1.10726    -2.18744   0.0709369
         933    -1.10525    -2.18628   0.0708703
         934    -1.10286    -2.18512   0.0708039
         935    -1.10107    -2.18396   0.0707377
         936    -1.09962     -2.1828   0.0706716
         937    -1.09805    -2.18165   0.0706057
         938    -1.09684    -2.18049   0.0705399
         939      -1.096    -2.17934   0.0704742
         940     -1.0948    -2.17818   0.0704087
         941    -1.09398    -2.17703   0.0703433
         942    -1.09281    -2.17588    0.070278
         943    -1.09178    -2.17473   0.0702129
         944    -1.09089    -2.17358   0.0701479
         945    -1.09062    -2.17243    0.070083
         946     -1.0893    -2.17129   0.0700183
         947    -1.08958    -2.17015   0.0699537
         948    -1.08928    -2.16901   0.0698892
         949    -1.08938    -2.16787   0.0698248
         950    -1.08939    -2.16673   0.0697605
         951    -1.08932     -2.1656   0.0696963
         952    -1.08939    -2.16447   0.0696323
         953    -1.09035    -2.16334   0.0695684
         954    -1.09121    -2.16222   0.0695045
         955    -1.09221     -2.1611   0.0694408
         956     -1.0936    -2.15998   0.0693771
         957    -1.09489    -2.15887   0.0693135
         958    -1.09654    -2.15776   0.0692501
         959    -1.09736    -2.15666   0.0691867
         960    -1.09878    -2.15555   0.0691234
         961    -1.10078    -2.15446   0.0690602
         962    -1.10289    -2.15336    0.068997
         963    -1.10509    -2.15227    0.068934
         964    -1.10689    -2.15119    0.068871
         965    -1.10924    -2.15011   0.0688081
         966     -1.1114    -2.14903   0.0687453
         967    -1.11361    -2.14796   0.0686825
         968    -1.11609     -2.1469   0.0686198
         969    -1.11835    -2.14584   0.0685572
         970    -1.12038    -2.14478   0.0684947
         971    -1.12239    -2.14373   0.0684322
         972    -1.12439    -2.14268   0.0683699
         973    -1.12707    -2.14163   0.0683076
         974    -1.12898    -2.14059   0.0682453
         975    -1.13107    -2.13956   0.0681832
         976    -1.13284    -2.13853   0.0681211
         977    -1.13428     -2.1375   0.0680592
         978    -1.13586    -2.13648   0.0679973
         979    -1.13685    -2.13545   0.0679355
         980    -1.13867    -2.13444   0.0678738
         981    -1.14059    -2.13342   0.0678122
         982    -1.14188    -2.13241   0.0677506
         983    -1.14326    -2.13141   0.0676892
         984    -1.14397     -2.1304   0.0676278
         985    -1.14499     -2.1294   0.0675666
         986    -1.14583    -2.12841   0.0675054
         987    -1.14671    -2.12741   0.0674443
         988    -1.14689    -2.12642   0.0673834
         989    -1.14663    -2.12543   0.0673225
         990    -1.14639    -2.12444   0.0672618
         991    -1.14519    -2.12345   0.0672012
         992    -1.14449    -2.12247   0.0671407
         993    -1.14404    -2.12148   0.0670803
         994    -1.14382     -2.1205     0.06702
         995    -1.14289    -2.11951   0.0669599
         996    -1.14146    -2.11853   0.0668998
         997     -1.1393    -2.11755   0.0668399
         998    -1.13713    -2.11657   0.0667802
         999    -1.13542    -2.11559   0.0667206
        1000    -1.13298     -2.1146   0.0666611
        1001    -1.12957    -2.11362   0.0666017
        1002    -1.12613    -2.11263   0.0665426
        1003    -1.12316    -2.11165   0.0664835
        1004    -1.11946    -2.11066   0.0664247
        1005    -1.11549    -2.10967   0.0663659
        1006    -1.11103    -2.10868   0.0663074
        1007    -1.10657    -2.10768    0.066249
        1008    -1.10209    -2.10668   0.0661908
        1009    -1.09737    -2.10568   0.0661328
        1010    -1.09241    -2.10468   0.0660749
        1011    -1.08697    -2.10367   0.0660172
        1012    -1.08154    -2.10266   0.0659597
        1013    -1.07564    -2.10165   0.0659024
        1014    -1.06975    -2.10063   0.0658452
        1015    -1.06317    -2.09961   0.0657883
        1016    -1.05662    -2.09858   0.0657316
        1017    -1.05012    -2.09755    0.065675
        1018    -1.04318    -2.09652   0.0656187
        1019    -1.03557    -2.09547   0.0655625
        1020    -1.02827    -2.09443   0.0655066
        1021     -1.0208    -2.09338   0.0654509
        1022    -1.01342    -2.09232   0.0653954
        1023    -1.00589    -2.09126   0.0653401
        1024    -0.99798    -2.09019    0.065285
        1025   -0.990431    -2.08912   0.0652301
        1026   -0.981566    -2.08804   0.0651755
        1027   -0.973563    -2.08695    0.065121
        1028   -0.965229    -2.08586   0.0650668
        1029   -0.956818    -2.08476   0.0650128
        1030   -0.948342    -2.08366   0.0649591
        1031   -0.940294    -2.08255   0.0649055
        1032   -0.931725    -2.08144   0.0648522
        1033   -0.922889    -2.08032   0.0647991
        1034   -0.914037    -2.07919   0.0647463
        1035   -0.905662    -2.07805   0.0646937
        1036   -0.896812    -2.07691   0.0646413
        1037   -0.888461    -2.07577   0.0645891
        1038   -0.880861    -2.07462   0.0645371
        1039   -0.872336    -2.07346   0.0644854
        1040   -0.863378     -2.0723   0.0644339
        1041   -0.855439    -2.07113   0.0643826
        1042   -0.847084    -2.06995   0.0643315
        1043   -0.839043    -2.06877   0.0642806
        1044   -0.831324    -2.06759     0.06423
        1045    -0.82321     -2.0664   0.0641796
        1046   -0.815671     -2.0652   0.0641294
        1047   -0.807268      -2.064   0.0640794
        1048   -0.799448    -2.06279   0.0640296
        1049   -0.791733    -2.06158     0.06398
        1050   -0.783404    -2.06036   0.0639306
        1051   -0.775427    -2.05914   0.0638815
        1052   -0.768285    -2.05791   0.0638326
        1053   -0.760775    -2.05668   0.0637838
        1054    -0.75338    -2.05544   0.0637353
        1055     -0.7461     -2.0542    0.063687
        1056   -0.739175    -2.05296   0.0636388
        1057   -0.732363    -2.05171   0.0635909
        1058   -0.726146    -2.05046   0.0635431
        1059   -0.719561     -2.0492   0.0634956
        1060   -0.712606    -2.04794   0.0634482
        1061   -0.706004    -2.04667    0.063401
        1062   -0.699995    -2.04541    0.063354
        1063   -0.693615    -2.04413   0.0633071
        1064   -0.687585    -2.04286   0.0632605
        1065   -0.681426    -2.04158    0.063214
        1066   -0.675377     -2.0403   0.0631677
        1067     -0.6692    -2.03901   0.0631215
        1068   -0.663859    -2.03773   0.0630756
        1069   -0.658634    -2.03644   0.0630297
        1070   -0.652804    -2.03514   0.0629841
        1071   -0.647815    -2.03385   0.0629386
        1072    -0.64295    -2.03255   0.0628933
        1073   -0.637488    -2.03125   0.0628481
        1074   -0.632639    -2.02995   0.0628031
        1075   -0.627926    -2.02864   0.0627582
        1076   -0.623354    -2.02734   0.0627134
        1077   -0.619168    -2.02603   0.0626688
        1078   -0.615136    -2.02472   0.0626244
        1079   -0.611022    -2.02341     0.06258
        1080   -0.607315     -2.0221   0.0625358
        1081   -0.603542    -2.02079   0.0624917
        1082   -0.600193    -2.01947   0.0624478
        1083   -0.596793    -2.01816   0.0624039
        1084   -0.593591    -2.01685   0.0623602
        1085   -0.590595    -2.01553   0.0623166
        1086   -0.587811    -2.01422   0.0622731
        1087   -0.585249     -2.0129   0.0622297
        1088   -0.582677    -2.01159   0.0621863
        1089   -0.580584    -2.01027   0.0621431
        1090   -0.578738    -2.00896      0.0621
        1091   -0.577387    -2.00765   0.0620569
        1092   -0.576058    -2.00634   0.0620139
        1093   -0.574759    -2.00503    0.061971
        1094   -0.573497    -2.00372   0.0619282
        1095   -0.573241    -2.00241   0.0618854
        1096   -0.573033    -2.00111   0.0618427
        1097    -0.57336    -1.99981      0.0618
        1098   -0.573986    -1.99851   0.0617574
        1099   -0.574917    -1.99721   0.0617148
        1100   -0.575434    -1.99592   0.0616722
        1101   -0.576983    -1.99463   0.0616296
        1102   -0.578847    -1.99335   0.0615871
        1103   -0.580786    -1.99207   0.0615446
        1104   -0.582562    -1.99079   0.0615021
        1105   -0.584899    -1.98952   0.0614596
        1106   -0.587556    -1.98825   0.0614171
        1107   -0.591254    -1.98699   0.0613746
        1108    -0.59503    -1.98573    0.061332
        1109   -0.599124    -1.98448   0.0612895
        1110   -0.603776    -1.98324   0.0612469
        1111   -0.608501      -1.982   0.0612042
        1112   -0.613056    -1.98077   0.0611616
        1113   -0.618159    -1.97955   0.0611189
        1114   -0.624048    -1.97833   0.0610761
        1115   -0.629757    -1.97712   0.0610333
        1116    -0.63576    -1.97592   0.0609905
        1117   -0.642054    -1.97472   0.0609476
        1118   -0.649114    -1.97354   0.0609046
        1119   -0.655732    -1.97236   0.0608615
        1120   -0.661661    -1.97119   0.0608184
        1121   -0.668822    -1.97003   0.0607753
        1122   -0.676483    -1.96887   0.0607321
        1123   -0.683916    -1.96773   0.0606887
        1124   -0.691838     -1.9666   0.0606454
        1125   -0.699758    -1.96547   0.0606019
        1126   -0.708875    -1.96435   0.0605584
        1127   -0.717976    -1.96325   0.0605147
        1128   -0.727055    -1.96215    0.060471
        1129   -0.736103    -1.96107   0.0604272
        1130   -0.745833    -1.95999   0.0603833
        1131   -0.755517    -1.95892   0.0603393
        1132   -0.765386    -1.95787   0.0602952
        1133   -0.775433    -1.95683    0.060251
        1134    -0.78517    -1.95579   0.0602067
        1135    -0.79555    -1.95477   0.0601624
        1136   -0.806326    -1.95376   0.0601179
        1137   -0.817248    -1.95276   0.0600733
        1138   -0.827829    -1.95177   0.0600287
        1139   -0.839506     -1.9508   0.0599839
        1140   -0.851308    -1.94983   0.0599391
        1141   -0.862267    -1.94888   0.0598941
        1142   -0.873817    -1.94794   0.0598491
        1143   -0.885712    -1.94701   0.0598039
        1144   -0.897465    -1.94609   0.0597587
        1145   -0.909309    -1.94518   0.0597133
        1146   -0.920997    -1.94429   0.0596679
        1147   -0.933004    -1.94341   0.0596224
        1148   -0.944603    -1.94254   0.0595768
        1149   -0.956511    -1.94168   0.0595312
        1150   -0.968241    -1.94083   0.0594854
        1151   -0.980029       -1.94   0.0594396
        1152   -0.992112    -1.93918   0.0593937
        1153    -1.00376    -1.93837   0.0593477
        1154    -1.01594    -1.93757   0.0593017
        1155     -1.0284    -1.93678   0.0592555
        1156    -1.04139      -1.936   0.0592093
        1157    -1.05417    -1.93524   0.0591631
        1158    -1.06698    -1.93449   0.0591167
        1159    -1.07959    -1.93376   0.0590703
        1160    -1.09175    -1.93303   0.0590239
        1161    -1.10489    -1.93232   0.0589773
        1162    -1.11807    -1.93162   0.0589307
        1163    -1.13031    -1.93093   0.0588841
        1164    -1.14257    -1.93025   0.0588374
        1165     -1.1551    -1.92958   0.0587907
        1166    -1.16766    -1.92893   0.0587439
        1167    -1.17976    -1.92829   0.0586971
        1168     -1.1926    -1.92766   0.0586502
        1169    -1.20547    -1.92704   0.0586033
        1170    -1.21836    -1.92643   0.0585563
        1171    -1.23103    -1.92584   0.0585093
        1172    -1.24445    -1.92526   0.0584623
        1173    -1.25668    -1.92469   0.0584152
        1174     -1.2699    -1.92413   0.0583681
        1175    -1.28266    -1.92359    0.058321
        1176    -1.29615    -1.92305   0.0582738
        1177    -1.30943    -1.92253   0.0582267
        1178    -1.32272    -1.92202   0.0581795
        1179    -1.33481    -1.92152   0.0581322
        1180    -1.34837    -1.92104    0.058085
        1181    -1.36097    -1.92056   0.0580378
        1182    -1.37358     -1.9201   0.0579905
        1183     -1.3869    -1.91965   0.0579432
        1184    -1.39975    -1.91921    0.057896
        1185    -1.41306    -1.91878   0.0578487
        1186    -1.42637    -1.91837   0.0578014
        1187    -1.43893    -1.91797   0.0577541
        1188     -1.4517    -1.91757   0.0577068
        1189    -1.46469    -1.91719   0.0576596
        1190    -1.47715    -1.91682   0.0576123
        1191    -1.48933    -1.91646    0.057565
        1192    -1.50168    -1.91611   0.0575178
        1193    -1.51446    -1.91578   0.0574706
        1194     -1.5274    -1.91545   0.0574234
        1195    -1.53954    -1.91514   0.0573762
        1196    -1.55158    -1.91483    0.057329
        1197    -1.56376    -1.91454   0.0572818
        1198    -1.57606    -1.91426   0.0572347
        1199    -1.58776    -1.91399   0.0571876
        1200    -1.59957    -1.91372   0.0571406
        1201    -1.61147    -1.91347   0.0570936
        1202    -1.62274    -1.91323   0.0570466
        1203    -1.63384      -1.913   0.0569996
        1204    -1.64524    -1.91278   0.0569527
        1205    -1.65694    -1.91256   0.0569059
        1206    -1.66773    -1.91236    0.056859
        1207    -1.67855    -1.91217   0.0568123
        1208    -1.68916    -1.91198   0.0567655
        1209    -1.69931    -1.91181   0.0567188
        1210    -1.70899    -1.91164   0.0566722
        1211    -1.71891    -1.91148   0.0566256
        1212    -1.72834    -1.91133   0.0565791
        1213    -1.73776    -1.91119   0.0565327
        1214     -1.7462    -1.91105   0.0564863
        1215    -1.75486    -1.91092   0.0564399
        1216    -1.76348     -1.9108   0.0563936
        1217    -1.77111    -1.91069   0.0563474
        1218     -1.7787    -1.91058   0.0563012
        1219    -1.78648    -1.91047   0.0562552
        1220    -1.79374    -1.91038   0.0562091
        1221    -1.80047    -1.91029   0.0561632
        1222    -1.80715     -1.9102   0.0561173
        1223    -1.81378    -1.91013   0.0560714
        1224    -1.81988    -1.91005   0.0560257
        1225    -1.82545    -1.90998     0.05598
        1226    -1.83025    -1.90992   0.0559344
        1227    -1.83548    -1.90986   0.0558888
        1228    -1.84043     -1.9098   0.0558433
        1229    -1.84485    -1.90975   0.0557979
        1230      -1.849     -1.9097   0.0557526
        1231    -1.85287    -1.90965   0.0557073
        1232    -1.85648    -1.90961   0.0556621
        1233     -1.8603    -1.90957    0.055617
        1234    -1.86362    -1.90953   0.0555719
        1235    -1.86693     -1.9095   0.0555269
        1236    -1.86975    -1.90947    0.055482
        1237    -1.87258    -1.90944   0.0554372
        1238    -1.87469    -1.90941   0.0553924
        1239    -1.87682    -1.90938   0.0553477
        1240     -1.8785    -1.90936   0.0553031
        1241     -1.8802    -1.90933   0.0552585
        1242    -1.88219    -1.90931    0.055214
        1243    -1.88374    -1.90929   0.0551696
        1244    -1.88511    -1.90927   0.0551252
        1245    -1.88631    -1.90925    0.055081
        1246    -1.88686    -1.90923   0.0550368
        1247    -1.88749    -1.90922   0.0549926
        1248    -1.88845     -1.9092   0.0549486
        1249    -1.88903    -1.90918   0.0549046
        1250    -1.88996    -1.90917   0.0548607
        1251    -1.89052    -1.90915   0.0548168
        1252    -1.89049    -1.90914    0.054773
        1253    -1.88962    -1.90912   0.0547293
        1254    -1.88913    -1.90911   0.0546857
        1255    -1.88831    -1.90909   0.0546421
        1256    -1.88811    -1.90907   0.0545986
        1257    -1.88735    -1.90906   0.0545552
        1258    -1.88724    -1.90904   0.0545118
        1259    -1.88608    -1.90902   0.0544685
        1260    -1.88535      -1.909   0.0544253
        1261    -1.88431    -1.90898   0.0543821
        1262    -1.88346    -1.90896    0.054339
        1263    -1.88327    -1.90894    0.054296
        1264    -1.88231    -1.90892   0.0542531
        1265    -1.88081     -1.9089   0.0542102
        1266    -1.87999    -1.90888   0.0541674
        1267    -1.87913    -1.90885   0.0541246
        1268    -1.87822    -1.90883   0.0540819
        1269    -1.87703     -1.9088   0.0540393
        1270    -1.87604    -1.90878   0.0539968
        1271    -1.87453    -1.90875   0.0539543
        1272    -1.87321    -1.90872   0.0539119
        1273    -1.87234    -1.90869   0.0538696
        1274    -1.87094    -1.90866   0.0538273
        1275     -1.8695    -1.90863   0.0537851
        1276    -1.86802     -1.9086   0.0537429
        1277    -1.86626    -1.90857   0.0537009
        1278    -1.86469    -1.90853   0.0536588
        1279     -1.8626     -1.9085   0.0536169
        1280    -1.86119    -1.90846    0.053575
        1281    -1.86022    -1.90842   0.0535332
        1282    -1.85847    -1.90839   0.0534915
        1283    -1.85621    -1.90834   0.0534498
        1284    -1.85438     -1.9083   0.0534082
        1285    -1.85323    -1.90826   0.0533666
        1286    -1.85107    -1.90822   0.0533252
        1287    -1.84886    -1.90817   0.0532838
        1288    -1.84662    -1.90812   0.0532424
        1289    -1.84481    -1.90807   0.0532011
        1290    -1.84224    -1.90802   0.0531599
        1291    -1.84035    -1.90797   0.0531188
        1292    -1.83794    -1.90791   0.0530777
        1293    -1.83622    -1.90786   0.0530366
        1294    -1.83398     -1.9078   0.0529957
        1295    -1.83172    -1.90774   0.0529548
        1296    -1.82871    -1.90768    0.052914
        1297     -1.8264    -1.90762   0.0528732
        1298    -1.82383    -1.90756   0.0528325
        1299    -1.82221    -1.90749   0.0527919
        1300    -1.81962    -1.90742   0.0527513
        1301     -1.8175    -1.90735   0.0527108
        1302     -1.8149    -1.90728   0.0526704
        1303    -1.81279    -1.90721     0.05263
        1304    -1.81044    -1.90714   0.0525897
        1305    -1.80835    -1.90706   0.0525495
        1306    -1.80604    -1.90698   0.0525093
        1307    -1.80351     -1.9069   0.0524692
        1308    -1.80052    -1.90682   0.0524291
        1309    -1.79828    -1.90674   0.0523891
        1310    -1.79584    -1.90665   0.0523492
        1311    -1.79392    -1.90657   0.0523093
        1312    -1.79156    -1.90648   0.0522695
        1313    -1.78925    -1.90639   0.0522298
        1314    -1.78747     -1.9063   0.0521901
        1315    -1.78501    -1.90621   0.0521505
        1316    -1.78285    -1.90611    0.052111
        1317    -1.78073    -1.90602   0.0520715
        1318    -1.77916    -1.90592   0.0520321
        1319    -1.77739    -1.90583   0.0519927
        1320    -1.77544    -1.90573   0.0519534
        1321    -1.77403    -1.90563   0.0519142
        1322    -1.77218    -1.90553    0.051875
        1323    -1.77086    -1.90542   0.0518359
        1324    -1.76887    -1.90532   0.0517969
        1325     -1.7674    -1.90522   0.0517579
        1326    -1.76549    -1.90511    0.051719
        1327    -1.76506    -1.90501   0.0516801
        1328    -1.76346     -1.9049   0.0516413
        1329    -1.76213    -1.90479   0.0516025
        1330    -1.76131    -1.90468   0.0515639
        1331    -1.75978    -1.90458   0.0515252
        1332     -1.7585    -1.90447   0.0514867
        1333    -1.75699    -1.90436   0.0514482
        1334    -1.75572    -1.90424   0.0514097
        1335     -1.7542    -1.90413   0.0513713
        1336    -1.75316    -1.90402    0.051333
        1337    -1.75163     -1.9039   0.0512947
        1338    -1.75031    -1.90379   0.0512565
        1339    -1.74921    -1.90367   0.0512184
        1340    -1.74759    -1.90356   0.0511803
        1341    -1.74642    -1.90344   0.0511423
        1342    -1.74473    -1.90332   0.0511043
        1343      -1.743     -1.9032   0.0510664
        1344    -1.74146    -1.90308   0.0510285
        1345    -1.74011    -1.90296   0.0509907
        1346    -1.73871    -1.90284    0.050953
        1347    -1.73701    -1.90272   0.0509153
        1348    -1.73549    -1.90259   0.0508777
        1349    -1.73319    -1.90247   0.0508401
        1350    -1.73131    -1.90234   0.0508026
        1351    -1.72888    -1.90221   0.0507652
        1352    -1.72664    -1.90208   0.0507278
        1353    -1.72433    -1.90195   0.0506905
        1354    -1.72245    -1.90182   0.0506532
        1355     -1.7205    -1.90168    0.050616
        1356    -1.71778    -1.90155   0.0505789
        1357    -1.71548    -1.90141   0.0505418
        1358    -1.71313    -1.90127   0.0505047
        1359    -1.71073    -1.90113   0.0504678
        1360    -1.70828    -1.90099   0.0504309
        1361    -1.70555    -1.90085    0.050394
        1362    -1.70375     -1.9007   0.0503572
        1363    -1.70095    -1.90056   0.0503205
        1364    -1.69836    -1.90041   0.0502838
        1365     -1.6955    -1.90026   0.0502472
        1366    -1.69287    -1.90011   0.0502107
        1367    -1.68998    -1.89995   0.0501742
        1368    -1.68709     -1.8998   0.0501377
        1369    -1.68444    -1.89964   0.0501013
        1370     -1.6818    -1.89948    0.050065
        1371     -1.6794    -1.89932   0.0500288
        1372    -1.67727    -1.89916   0.0499926
        1373    -1.67444    -1.89899   0.0499564
        1374    -1.67165    -1.89883   0.0499203
        1375    -1.66913    -1.89866   0.0498843
        1376    -1.66666    -1.89849   0.0498483
        1377    -1.66425    -1.89832   0.0498124
        1378    -1.66237    -1.89815   0.0497766
        1379    -1.66057    -1.89798   0.0497408
        1380    -1.65859    -1.89781    0.049705
        1381     -1.6567    -1.89763   0.0496694
        1382    -1.65489    -1.89746   0.0496337
        1383    -1.65294    -1.89728   0.0495981
        1384    -1.65132     -1.8971   0.0495626
        1385    -1.64957    -1.89692   0.0495272
        1386    -1.64816    -1.89674   0.0494918
        1387    -1.64615    -1.89656   0.0494564
        1388    -1.64474    -1.89638   0.0494211
        1389    -1.64321     -1.8962   0.0493859
        1390    -1.64253    -1.89602   0.0493507
        1391    -1.64102    -1.89583   0.0493155
        1392    -1.64012    -1.89565   0.0492804
        1393    -1.63913    -1.89546   0.0492454
        1394    -1.63851    -1.89528   0.0492104
        1395    -1.63804     -1.8951   0.0491755
        1396    -1.63747    -1.89491   0.0491406
        1397    -1.63729    -1.89473   0.0491058
        1398    -1.63727    -1.89454    0.049071
        1399    -1.63762    -1.89436   0.0490363
        1400    -1.63765    -1.89418   0.0490016
        1401    -1.63782    -1.89399    0.048967
        1402     -1.6379    -1.89381   0.0489324
        1403    -1.63861    -1.89363   0.0488978
        1404    -1.63873    -1.89345   0.0488633
        1405    -1.63972    -1.89327   0.0488289
        1406    -1.64133    -1.89309   0.0487945
        1407    -1.64258    -1.89291   0.0487601
        1408    -1.64397    -1.89273   0.0487258
        1409    -1.64524    -1.89256   0.0486916
        1410    -1.64687    -1.89238   0.0486574
        1411    -1.64886    -1.89221   0.0486232
        1412    -1.65071    -1.89204    0.048589
        1413    -1.65291    -1.89187   0.0485549
        1414    -1.65496     -1.8917   0.0485209
        1415    -1.65734    -1.89154   0.0484869
        1416    -1.65908    -1.89137   0.0484529
        1417    -1.66162    -1.89121    0.048419
        1418    -1.66397    -1.89105   0.0483851
        1419    -1.66663    -1.89089   0.0483513
        1420    -1.66908    -1.89074   0.0483175
        1421    -1.67158    -1.89058   0.0482837
        1422    -1.67434    -1.89043     0.04825
        1423    -1.67616    -1.89028   0.0482163
        1424    -1.67895    -1.89013   0.0481827
        1425     -1.6815    -1.88998   0.0481491
        1426    -1.68404    -1.88984   0.0481156
        1427    -1.68632     -1.8897   0.0480821
        1428    -1.68881    -1.88956   0.0480486
        1429    -1.69175    -1.88942   0.0480152
        1430    -1.69415    -1.88928   0.0479818
        1431    -1.69698    -1.88915   0.0479484
        1432    -1.69925    -1.88901   0.0479151
        1433    -1.70145    -1.88888   0.0478819
        1434    -1.70356    -1.88875   0.0478487
        1435    -1.70534    -1.88863   0.0478155
        1436    -1.70726     -1.8885   0.0477824
        1437     -1.7093    -1.88837   0.0477493
        1438    -1.71074    -1.88825   0.0477162
        1439    -1.71254    -1.88813   0.0476832
        1440    -1.71372    -1.88801   0.0476503
        1441    -1.71524    -1.88789   0.0476174
        1442    -1.71662    -1.88777   0.0475845
        1443    -1.71737    -1.88765   0.0475517
        1444    -1.71843    -1.88753   0.0475189
        1445     -1.7191    -1.88742   0.0474861
        1446    -1.71984     -1.8873   0.0474534
        1447    -1.72065    -1.88719   0.0474208
        1448    -1.72104    -1.88707   0.0473882
        1449    -1.72054    -1.88696   0.0473556
        1450    -1.72034    -1.88684   0.0473231
        1451     -1.7202    -1.88673   0.0472906
        1452    -1.71965    -1.88661   0.0472582
        1453    -1.71915     -1.8865   0.0472258
        1454    -1.71823    -1.88638   0.0471934
        1455    -1.71713    -1.88626   0.0471612
        1456    -1.71537    -1.88615   0.0471289
        1457    -1.71367    -1.88603   0.0470967
        1458     -1.7118    -1.88591   0.0470646
        1459    -1.71024    -1.88579   0.0470325
        1460     -1.7085    -1.88567   0.0470004
        1461    -1.70684    -1.88555   0.0469684
        1462    -1.70478    -1.88542   0.0469364
        1463    -1.70208     -1.8853   0.0469045
        1464    -1.69946    -1.88517   0.0468726
        1465    -1.69669    -1.88504   0.0468408
        1466    -1.69379    -1.88491   0.0468091
        1467    -1.69098    -1.88478   0.0467773
        1468    -1.68756    -1.88464   0.0467457
        1469     -1.6845    -1.88451    0.046714
        1470    -1.68157    -1.88437   0.0466825
        1471    -1.67829    -1.88423   0.0466509
        1472     -1.6749    -1.88409   0.0466195
        1473    -1.67094    -1.88394    0.046588
        1474    -1.66714     -1.8838   0.0465567
        1475    -1.66302    -1.88365   0.0465253
        1476    -1.65932    -1.88349   0.0464941
        1477    -1.65532    -1.88334   0.0464629
        1478    -1.65103    -1.88318   0.0464317
        1479     -1.6467    -1.88302   0.0464006
        1480    -1.64235    -1.88286   0.0463695
        1481    -1.63822    -1.88269   0.0463385
        1482    -1.63432    -1.88253   0.0463075
        1483    -1.63043    -1.88236   0.0462766
        1484     -1.6263    -1.88218   0.0462457
        1485    -1.62269    -1.88201   0.0462149
        1486    -1.61886    -1.88183   0.0461842
        1487    -1.61461    -1.88165   0.0461535
        1488    -1.61089    -1.88147   0.0461228
        1489    -1.60724    -1.88129   0.0460922
        1490    -1.60295     -1.8811   0.0460616
        1491    -1.59875    -1.88091   0.0460311
        1492    -1.59465    -1.88072   0.0460007
        1493    -1.59138    -1.88052   0.0459703
        1494    -1.58775    -1.88033   0.0459399
        1495     -1.5845    -1.88013   0.0459096
        1496    -1.58187    -1.87993   0.0458794
        1497    -1.57842    -1.87973   0.0458492
        1498     -1.5761    -1.87953    0.045819
        1499    -1.57347    -1.87932   0.0457889
        1500     -1.5715    -1.87912   0.0457588
        1501    -1.56899    -1.87891   0.0457288
        1502    -1.56716     -1.8787   0.0456988
        1503    -1.56554     -1.8785   0.0456689
        1504    -1.56412    -1.87829    0.045639
        1505    -1.56243    -1.87808   0.0456092
        1506    -1.56097    -1.87787   0.0455794
        1507    -1.56045    -1.87766   0.0455496
        1508    -1.55968    -1.87744   0.0455199
        1509    -1.55914    -1.87723   0.0454902
        1510    -1.55883    -1.87702   0.0454606
        1511      -1.559    -1.87681    0.045431
        1512    -1.55964     -1.8766   0.0454014
        1513    -1.56004    -1.87639   0.0453719
        1514    -1.56019    -1.87618   0.0453424
        1515    -1.56105    -1.87598    0.045313
        1516    -1.56238    -1.87577   0.0452835
        1517    -1.56442    -1.87556   0.0452542
        1518    -1.56644    -1.87536   0.0452248
        1519    -1.56843    -1.87516   0.0451955
        1520    -1.57015    -1.87496   0.0451662
        1521    -1.57255    -1.87476   0.0451369
        1522     -1.5749    -1.87456   0.0451077
        1523    -1.57696    -1.87437   0.0450785
        1524    -1.57943    -1.87417   0.0450493
        1525    -1.58206    -1.87398   0.0450202
        1526    -1.58484    -1.87379   0.0449911
        1527    -1.58825    -1.87361    0.044962
        1528    -1.59179    -1.87342    0.044933
        1529    -1.59497    -1.87324    0.044904
        1530    -1.59897    -1.87306    0.044875
        1531    -1.60259    -1.87288    0.044846
        1532    -1.60628    -1.87271   0.0448171
        1533    -1.60957    -1.87254   0.0447882
        1534    -1.61364    -1.87237   0.0447593
        1535    -1.61775     -1.8722   0.0447304
        1536    -1.62165    -1.87204   0.0447016
        1537    -1.62532    -1.87188   0.0446728
        1538    -1.62925    -1.87172   0.0446441
        1539    -1.63317    -1.87157   0.0446153
        1540    -1.63731    -1.87141   0.0445866
        1541    -1.64118    -1.87126   0.0445579
        1542    -1.64406    -1.87112   0.0445293
        1543    -1.64785    -1.87097   0.0445006
        1544    -1.65135    -1.87083   0.0444721
        1545    -1.65478    -1.87069   0.0444435
        1546    -1.65814    -1.87055    0.044415
        1547    -1.66166    -1.87042   0.0443864
        1548    -1.66581    -1.87029    0.044358
        1549    -1.66891    -1.87016   0.0443295
        1550    -1.67191    -1.87003   0.0443011
        1551    -1.67529     -1.8699   0.0442727
        1552    -1.67808    -1.86978   0.0442444
        1553    -1.68124    -1.86966    0.044216
        1554    -1.68405    -1.86954   0.0441878
        1555    -1.68699    -1.86942   0.0441595
        1556    -1.68932     -1.8693   0.0441313
        1557     -1.6913    -1.86919   0.0441031
        1558    -1.69388    -1.86908   0.0440749
        1559     -1.6961    -1.86897   0.0440468
        1560    -1.69844    -1.86886   0.0440187
        1561    -1.70042    -1.86875   0.0439906
        1562    -1.70229    -1.86864   0.0439626
        1563    -1.70404    -1.86854   0.0439346
        1564    -1.70568    -1.86843   0.0439066
        1565    -1.70721    -1.86833   0.0438787
        1566    -1.70863    -1.86823   0.0438508
        1567    -1.70995    -1.86813   0.0438229
        1568    -1.71117    -1.86803   0.0437951
        1569    -1.71205    -1.86793   0.0437673
        1570    -1.71284    -1.86783   0.0437395
        1571    -1.71402    -1.86773   0.0437118
        1572    -1.71488    -1.86763   0.0436841
        1573     -1.7159    -1.86754   0.0436564
        1574    -1.71564    -1.86744   0.0436288
        1575    -1.71627    -1.86735   0.0436012
        1576     -1.7166    -1.86725   0.0435736
        1577    -1.71711    -1.86715   0.0435461
        1578    -1.71756    -1.86706   0.0435186
        1579     -1.7182    -1.86697   0.0434911
        1580     -1.7188    -1.86687   0.0434637
        1581    -1.71888    -1.86678   0.0434363
        1582    -1.71892    -1.86668    0.043409
        1583    -1.71846    -1.86659   0.0433817
        1584    -1.71918     -1.8665   0.0433544
        1585    -1.71916     -1.8664   0.0433271
        1586    -1.71937    -1.86631   0.0432999
        1587    -1.71981    -1.86622   0.0432727
        1588    -1.71977    -1.86613   0.0432456
        1589    -1.72022    -1.86604   0.0432184
        1590    -1.72117    -1.86594   0.0431914
        1591    -1.72118    -1.86585   0.0431643
        1592    -1.72145    -1.86576   0.0431373
        1593    -1.72174    -1.86567   0.0431103
        1594    -1.72232    -1.86558   0.0430833
        1595    -1.72246    -1.86549   0.0430564
        1596    -1.72264     -1.8654   0.0430295
        1597    -1.72263    -1.86531   0.0430027
        1598    -1.72316    -1.86522   0.0429759
        1599    -1.72375    -1.86514   0.0429491
        1600    -1.72441    -1.86505   0.0429223
        1601     -1.7249    -1.86496   0.0428956
        1602    -1.72642    -1.86487   0.0428689
        1603    -1.72731    -1.86479   0.0428423
        1604    -1.72804     -1.8647   0.0428156
        1605    -1.72934    -1.86462   0.0427891
        1606    -1.73121    -1.86454   0.0427625
        1607    -1.73245    -1.86445    0.042736
        1608    -1.73379    -1.86437   0.0427095
        1609    -1.73499    -1.86429    0.042683
        1610    -1.73605    -1.86421   0.0426566
        1611    -1.73745    -1.86413   0.0426301
        1612     -1.7392    -1.86406   0.0426038
        1613    -1.74105    -1.86398   0.0425774
        1614    -1.74253     -1.8639   0.0425511
        1615    -1.74459    -1.86383   0.0425248
        1616      -1.747    -1.86376   0.0424986
        1617    -1.74927    -1.86369   0.0424724
        1618    -1.75164    -1.86362   0.0424462
        1619    -1.75411    -1.86355     0.04242
        1620    -1.75692    -1.86348   0.0423939
        1621    -1.75958    -1.86342   0.0423678
        1622    -1.76233    -1.86336   0.0423417
        1623    -1.76517     -1.8633   0.0423156
        1624    -1.76761    -1.86324   0.0422896
        1625    -1.77086    -1.86318   0.0422636
        1626    -1.77346    -1.86313   0.0422377
        1627    -1.77685    -1.86307   0.0422118
        1628    -1.78006    -1.86302   0.0421859
        1629    -1.78358    -1.86297     0.04216
        1630    -1.78714    -1.86293   0.0421341
        1631    -1.79052    -1.86288   0.0421083
        1632    -1.79418    -1.86284   0.0420826
        1633    -1.79764     -1.8628   0.0420568
        1634    -1.80089    -1.86276   0.0420311
        1635    -1.80416    -1.86273   0.0420054
        1636    -1.80793    -1.86269   0.0419797
        1637    -1.81099    -1.86266   0.0419541
        1638     -1.8143    -1.86263   0.0419285
        1639    -1.81786    -1.86261   0.0419029
        1640    -1.82165    -1.86258   0.0418774
        1641    -1.82495    -1.86256   0.0418519
        1642      -1.828    -1.86254   0.0418264
        1643     -1.8315    -1.86252   0.0418009
        1644    -1.83499     -1.8625   0.0417755
        1645    -1.83797    -1.86249   0.0417501
        1646    -1.84187    -1.86247   0.0417248
        1647    -1.84526    -1.86246   0.0416994
        1648    -1.84861    -1.86245   0.0416741
        1649     -1.8524    -1.86245   0.0416488
        1650    -1.85519    -1.86244   0.0416236
        1651    -1.85865    -1.86244   0.0415984
        1652    -1.86158    -1.86244   0.0415732
        1653    -1.86469    -1.86244   0.0415481
        1654    -1.86728    -1.86245   0.0415229
        1655    -1.87029    -1.86245   0.0414979
        1656    -1.87349    -1.86246   0.0414728
        1657    -1.87664    -1.86247   0.0414478
        1658    -1.87949    -1.86248   0.0414228
        1659    -1.88228    -1.86249   0.0413978
        1660    -1.88478     -1.8625   0.0413729
        1661    -1.88747    -1.86252    0.041348
        1662    -1.89035    -1.86253   0.0413231
        1663    -1.89318    -1.86255   0.0412982
        1664     -1.8962    -1.86257   0.0412734
        1665    -1.89846    -1.86259   0.0412486
        1666    -1.90091    -1.86262   0.0412239
        1667    -1.90332    -1.86264   0.0411992
        1668    -1.90521    -1.86267   0.0411745
        1669     -1.9073    -1.86269   0.0411498
        1670    -1.91032    -1.86272   0.0411252
        1671    -1.91307    -1.86275   0.0411006
        1672    -1.91603    -1.86278    0.041076
        1673    -1.91825    -1.86282   0.0410515
        1674    -1.91996    -1.86285    0.041027
        1675    -1.92286    -1.86289   0.0410025
        1676    -1.92525    -1.86292    0.040978
        1677    -1.92788    -1.86296   0.0409536
        1678    -1.92977      -1.863   0.0409292
        1679    -1.93165    -1.86304   0.0409049
        1680    -1.93352    -1.86309   0.0408806
        1681    -1.93587    -1.86313   0.0408563
        1682    -1.93821    -1.86317    0.040832
        1683     -1.9408    -1.86322   0.0408078
        1684    -1.94291    -1.86327   0.0407836
        1685    -1.94526    -1.86332   0.0407594
        1686    -1.94714    -1.86337   0.0407352
        1687    -1.94902    -1.86342   0.0407111
        1688    -1.95115    -1.86347    0.040687
        1689    -1.95282    -1.86352    0.040663
        1690    -1.95473    -1.86357    0.040639
        1691    -1.95665    -1.86363    0.040615
        1692    -1.95835    -1.86369    0.040591
        1693    -1.96055    -1.86374   0.0405671
        1694    -1.96227     -1.8638   0.0405432
        1695    -1.96497    -1.86386   0.0405193
        1696    -1.96721    -1.86392   0.0404954
        1697    -1.96922    -1.86398   0.0404716
        1698    -1.97172    -1.86405   0.0404478
        1699      -1.974    -1.86411   0.0404241
        1700    -1.97605    -1.86418   0.0404003
        1701    -1.97835    -1.86424   0.0403767
        1702    -1.98043    -1.86431    0.040353
        1703    -1.98275    -1.86438   0.0403294
        1704    -1.98413    -1.86445   0.0403057
        1705    -1.98671    -1.86452   0.0402822
        1706    -1.98907     -1.8646   0.0402586
        1707    -1.99119    -1.86467   0.0402351
        1708    -1.99308    -1.86475   0.0402116
        1709    -1.99593    -1.86482   0.0401882
        1710     -1.9983     -1.8649   0.0401647
        1711    -2.00116    -1.86498   0.0401413
        1712    -2.00329    -1.86506    0.040118
        1713    -2.00566    -1.86514   0.0400946
        1714    -2.00875    -1.86523   0.0400713
        1715    -2.01111    -1.86531   0.0400481
        1716    -2.01321     -1.8654   0.0400248
        1717    -2.01555    -1.86549   0.0400016
        1718    -2.01787    -1.86558   0.0399784
        1719    -2.01994    -1.86567   0.0399553
        1720    -2.02246    -1.86576   0.0399321
        1721    -2.02472    -1.86585    0.039909
        1722    -2.02768    -1.86594    0.039886
        1723    -2.03013    -1.86604   0.0398629
        1724    -2.03207    -1.86613   0.0398399
        1725    -2.03422    -1.86623    0.039817
        1726    -2.03657    -1.86633    0.039794
        1727    -2.03864    -1.86643   0.0397711
        1728    -2.04018    -1.86653   0.0397482
        1729    -2.04192    -1.86663   0.0397253
        1730    -2.04361    -1.86673   0.0397025
        1731    -2.04501    -1.86684   0.0396797
        1732    -2.04659    -1.86694   0.0396569
        1733    -2.04835    -1.86705   0.0396342
        1734    -2.05028    -1.86715   0.0396115
        1735    -2.05191    -1.86726   0.0395888
        1736    -2.05346    -1.86737   0.0395661
        1737    -2.05469    -1.86747   0.0395435
        1738    -2.05657    -1.86758   0.0395209
        1739    -2.05764    -1.86769   0.0394983
        1740    -2.05887     -1.8678   0.0394758
        1741       -2.06    -1.86791   0.0394533
        1742    -2.06104    -1.86802   0.0394308
        1743    -2.06197    -1.86813   0.0394083
        1744    -2.06232    -1.86825   0.0393859
        1745    -2.06255    -1.86836   0.0393634
        1746    -2.06316    -1.86847   0.0393411
        1747    -2.06364    -1.86858   0.0393187
        1748    -2.06401    -1.86869   0.0392964
        1749    -2.06424     -1.8688   0.0392741
        1750     -2.0641    -1.86892   0.0392518
        1751    -2.06407    -1.86903   0.0392295
        1752     -2.0639    -1.86914   0.0392073
        1753    -2.06359    -1.86925   0.0391851
        1754    -2.06288    -1.86936   0.0391629
        1755    -2.06251    -1.86947   0.0391407
        1756    -2.06198    -1.86958   0.0391186
        1757    -2.06106    -1.86969   0.0390965
        1758    -2.06094     -1.8698   0.0390744
        1759    -2.05945     -1.8699   0.0390523
        1760    -2.05779    -1.87001   0.0390303
        1761    -2.05693    -1.87012   0.0390083
        1762    -2.05517    -1.87022   0.0389863
        1763      -2.053    -1.87033   0.0389643
        1764    -2.05065    -1.87043   0.0389423
        1765    -2.04836    -1.87053   0.0389204
        1766    -2.04564    -1.87063   0.0388985
        1767    -2.04274    -1.87073   0.0388766
        1768    -2.03942    -1.87082   0.0388547
        1769    -2.03567    -1.87091   0.0388329
        1770    -2.03221    -1.87101    0.038811
        1771    -2.02855    -1.87109   0.0387892
        1772    -2.02495    -1.87118   0.0387674
        1773     -2.0214    -1.87127   0.0387457
        1774    -2.01669    -1.87135   0.0387239
        1775    -2.01227    -1.87143   0.0387022
        1776     -2.0079     -1.8715   0.0386805
        1777    -2.00358    -1.87158   0.0386588
        1778    -1.99882    -1.87165   0.0386371
        1779    -1.99363    -1.87172   0.0386154
        1780    -1.98848    -1.87178   0.0385938
        1781    -1.98242    -1.87185   0.0385722
        1782    -1.97665     -1.8719   0.0385506
        1783    -1.97117    -1.87196    0.038529
        1784    -1.96573    -1.87201   0.0385074
        1785    -1.95962    -1.87206   0.0384859
        1786    -1.95285    -1.87211   0.0384644
        1787    -1.94684    -1.87215   0.0384429
        1788    -1.93992    -1.87219   0.0384214
        1789    -1.93354    -1.87222   0.0383999
        1790    -1.92648    -1.87225   0.0383785
        1791    -1.91924    -1.87228   0.0383571
        1792    -1.91254     -1.8723   0.0383357
        1793    -1.90492    -1.87232   0.0383143
        1794    -1.89712    -1.87233   0.0382929
        1795    -1.88937    -1.87234   0.0382716
        1796    -1.88095    -1.87235   0.0382503
        1797     -1.8733    -1.87235    0.038229
        1798    -1.86475    -1.87234   0.0382077
        1799    -1.85601    -1.87233   0.0381865
        1800    -1.84685    -1.87232   0.0381653
        1801    -1.83821     -1.8723   0.0381441
        1802    -1.82915    -1.87228   0.0381229
        1803    -1.81966    -1.87225   0.0381018
        1804    -1.80974    -1.87221   0.0380807
        1805    -1.79986    -1.87217   0.0380596
        1806    -1.79028    -1.87213   0.0380386
        1807    -1.78026    -1.87208   0.0380176
        1808    -1.76956    -1.87202   0.0379966
        1809    -1.75915    -1.87196   0.0379756
        1810     -1.7483    -1.87189   0.0379547
        1811    -1.73724    -1.87182   0.0379338
        1812    -1.72574    -1.87173    0.037913
        1813    -1.71404    -1.87165   0.0378922
        1814    -1.70189    -1.87155   0.0378714
        1815    -1.68952    -1.87145   0.0378507
        1816    -1.67719    -1.87135     0.03783
        1817    -1.66488    -1.87123   0.0378093
        1818    -1.65259    -1.87111   0.0377887
        1819    -1.64032    -1.87099   0.0377681
        1820    -1.62782    -1.87085   0.0377476
        1821    -1.61414    -1.87071   0.0377272
        1822    -1.60046    -1.87056   0.0377067
        1823    -1.58631    -1.87041   0.0376864
        1824    -1.57265    -1.87024   0.0376661
        1825    -1.55898    -1.87007   0.0376458
        1826    -1.54459     -1.8699   0.0376256
        1827    -1.52995    -1.86971   0.0376055
        1828    -1.51481    -1.86951   0.0375854
        1829    -1.49967    -1.86931   0.0375654
        1830    -1.48451     -1.8691   0.0375455
        1831    -1.46885    -1.86888   0.0375256
        1832    -1.45342    -1.86866   0.0375058
        1833    -1.43724    -1.86842   0.0374861
        1834    -1.42103    -1.86818   0.0374664
        1835    -1.40408    -1.86792   0.0374469
        1836    -1.38735    -1.86766   0.0374274
        1837    -1.37011    -1.86739    0.037408
        1838    -1.35285    -1.86711   0.0373887
        1839    -1.33508    -1.86682   0.0373695
        1840    -1.31704    -1.86652   0.0373504
        1841    -1.29875    -1.86622   0.0373314
        1842    -1.27995     -1.8659   0.0373124
        1843    -1.26138    -1.86557   0.0372936
        1844    -1.24207    -1.86523    0.037275
        1845    -1.22252    -1.86488   0.0372564
        1846    -1.20346    -1.86452   0.0372379
        1847    -1.18368    -1.86416   0.0372196
        1848    -1.16367    -1.86378   0.0372014
        1849    -1.14296    -1.86339   0.0371833
        1850    -1.12254    -1.86299   0.0371654
        1851    -1.10167    -1.86258   0.0371475
        1852    -1.08087    -1.86215   0.0371299
        1853     -1.0599    -1.86172   0.0371124
        1854    -1.03901    -1.86128    0.037095
        1855    -1.01703    -1.86082   0.0370778
        1856   -0.995656    -1.86036   0.0370608
        1857   -0.973461    -1.85988   0.0370439
        1858   -0.951189    -1.85939   0.0370272
        1859   -0.929827    -1.85889   0.0370106
        1860   -0.907953    -1.85838   0.0369943
        1861   -0.886313    -1.85785   0.0369781
        1862   -0.864693    -1.85732   0.0369621
        1863     -0.8424    -1.85678   0.0369462
        1864   -0.820666    -1.85622   0.0369306
        1865    -0.79904    -1.85565   0.0369151
        1866   -0.777793    -1.85508   0.0368999
        1867   -0.756717    -1.85449   0.0368848
        1868   -0.735845    -1.85389   0.0368699
        1869   -0.715209    -1.85328   0.0368552
        1870   -0.695086    -1.85266   0.0368407
        1871   -0.675269    -1.85203   0.0368264
        1872   -0.655312    -1.85139   0.0368123
        1873   -0.635492    -1.85074   0.0367983
        1874   -0.616564    -1.85008   0.0367846
        1875   -0.598321    -1.84942    0.036771
        1876   -0.580317    -1.84874   0.0367577
        1877   -0.562586    -1.84806   0.0367445
        1878    -0.54564    -1.84736   0.0367314
        1879   -0.528788    -1.84666   0.0367186
        1880   -0.513746    -1.84595   0.0367059
        1881    -0.49958    -1.84524   0.0366934
        1882   -0.485113    -1.84451    0.036681
        1883   -0.471331    -1.84378   0.0366688
        1884   -0.458017    -1.84305   0.0366567
        1885   -0.445192    -1.84231   0.0366447
        1886   -0.433839    -1.84156   0.0366329
        1887   -0.423492    -1.84081   0.0366212
        1888   -0.412963    -1.84005   0.0366096
        1889   -0.403227    -1.83929   0.0365981
        1890   -0.395015    -1.83853   0.0365867
        1891   -0.386892    -1.83776   0.0365755
        1892   -0.380548    -1.83699   0.0365642
        1893   -0.374783    -1.83622   0.0365531
        1894   -0.369841    -1.83544    0.036542
        1895    -0.36572    -1.83467   0.0365309
        1896    -0.36242    -1.83389   0.0365199
        1897   -0.359214    -1.83311   0.0365089
        1898   -0.357543    -1.83234    0.036498
        1899   -0.356436    -1.83156    0.036487
        1900   -0.356127    -1.83078   0.0364761
        1901   -0.356848    -1.83001   0.0364651
        1902   -0.358107    -1.82923   0.0364542
        1903   -0.359895    -1.82846   0.0364432
        1904   -0.362681    -1.82769   0.0364322
        1905   -0.366451    -1.82692   0.0364211
        1906   -0.370473    -1.82616     0.03641
        1907   -0.375214     -1.8254   0.0363989
        1908    -0.38114    -1.82464   0.0363877
        1909   -0.387756    -1.82389   0.0363764
        1910   -0.395046    -1.82314   0.0363651
        1911   -0.402753     -1.8224   0.0363536
        1912   -0.410864    -1.82166   0.0363421
        1913     -0.4196    -1.82093   0.0363305
        1914   -0.429186     -1.8202   0.0363188
        1915   -0.439844    -1.81948    0.036307
        1916    -0.45011    -1.81876   0.0362951
        1917    -0.46141    -1.81806    0.036283
        1918   -0.473242    -1.81735   0.0362709
        1919   -0.485587    -1.81666   0.0362586
        1920   -0.498184    -1.81597   0.0362462
        1921   -0.511493    -1.81529   0.0362337
        1922   -0.525493    -1.81462   0.0362211
        1923   -0.539681    -1.81396   0.0362083
        1924   -0.554276    -1.81331   0.0361954
        1925   -0.568533    -1.81266   0.0361824
        1926   -0.583634    -1.81202   0.0361692
        1927   -0.599555    -1.81139   0.0361559
        1928   -0.616032    -1.81077   0.0361425
        1929   -0.632321    -1.81016   0.0361289
        1930    -0.64864    -1.80956   0.0361152
        1931   -0.665207    -1.80897   0.0361014
        1932   -0.682484    -1.80838   0.0360874
        1933   -0.699485    -1.80781   0.0360733
        1934   -0.717392    -1.80725    0.036059
        1935   -0.734261    -1.80669   0.0360447
        1936   -0.751516    -1.80615   0.0360302
        1937   -0.769378    -1.80561   0.0360156
        1938   -0.786865    -1.80509   0.0360008
        1939   -0.805164    -1.80457   0.0359859
        1940   -0.823777    -1.80406   0.0359709
        1941   -0.842207    -1.80357   0.0359558
        1942   -0.860199    -1.80308   0.0359406
        1943   -0.877979    -1.80261   0.0359252
        1944   -0.896255    -1.80214   0.0359098
        1945   -0.913331    -1.80168   0.0358942
        1946   -0.931361    -1.80124   0.0358786
        1947   -0.950093     -1.8008   0.0358628
        1948   -0.968797    -1.80037   0.0358469
        1949   -0.986738    -1.79995    0.035831
        1950    -1.00511    -1.79955   0.0358149
        1951    -1.02319    -1.79915   0.0357988
        1952    -1.04168    -1.79876   0.0357825
        1953    -1.05985    -1.79838   0.0357662
        1954    -1.07795    -1.79801   0.0357498
        1955    -1.09571    -1.79765   0.0357333
        1956    -1.11314     -1.7973   0.0357168
        1957    -1.13047    -1.79696   0.0357001
        1958    -1.14792    -1.79663   0.0356835
        1959     -1.1655    -1.79631   0.0356667
        1960    -1.18296      -1.796   0.0356499
        1961    -1.20004    -1.79569    0.035633
        1962    -1.21698     -1.7954    0.035616
        1963    -1.23378    -1.79511    0.035599
        1964    -1.25066    -1.79484    0.035582
        1965    -1.26787    -1.79457   0.0355649
        1966    -1.28442    -1.79431   0.0355478
        1967    -1.30079    -1.79406   0.0355306
        1968    -1.31674    -1.79381   0.0355133
        1969    -1.33249    -1.79358   0.0354961
        1970    -1.34779    -1.79335   0.0354788
        1971    -1.36312    -1.79314   0.0354615
        1972    -1.37822    -1.79292   0.0354441
        1973    -1.39309    -1.79272   0.0354267
        1974    -1.40772    -1.79253   0.0354093
        1975    -1.42233    -1.79234   0.0353919
        1976    -1.43669    -1.79216   0.0353744
        1977    -1.45053    -1.79199    0.035357
        1978    -1.46384    -1.79182   0.0353395
        1979    -1.47687    -1.79166    0.035322
        1980    -1.48983    -1.79151   0.0353045
        1981    -1.50249    -1.79136   0.0352869
        1982    -1.51458    -1.79122   0.0352694
        1983    -1.52659    -1.79109   0.0352519
        1984    -1.53826    -1.79096   0.0352343
        1985    -1.54983    -1.79084   0.0352168
        1986     -1.5608    -1.79073   0.0351993
        1987    -1.57189    -1.79062   0.0351817
        1988    -1.58214    -1.79051   0.0351642
        1989    -1.59177    -1.79041   0.0351466
        1990     -1.6015    -1.79032   0.0351291
        1991    -1.61084    -1.79023   0.0351116
        1992    -1.61907    -1.79014    0.035094
        1993    -1.62715    -1.79006   0.0350765
        1994    -1.63531    -1.78998    0.035059
        1995    -1.64258    -1.78991   0.0350415
        1996    -1.64921    -1.78984   0.0350241
        1997    -1.65591    -1.78977   0.0350066
        1998    -1.66219    -1.78971   0.0349891
        1999    -1.66856    -1.78964   0.0349717
        2000    -1.67451    -1.78959   0.0349542
