#     BLOCK:  ACTUAL_PE:     PE_AVE:      ERROR:
           1    -8.71309    -8.71309           0
           2    -8.71227    -8.71268 0.000289059
           3    -8.71091    -8.71209 0.000518812
           4    -8.70901    -8.71132 0.000772677
           5    -8.70656    -8.71037  0.00105178
           6    -8.70358    -8.70924  0.00135481
           7    -8.70006    -8.70793   0.0016803
           8    -8.69567    -8.70639  0.00205301
           9    -8.69075    -8.70466  0.00245247
          10    -8.68433    -8.70262  0.00293066
          11    -8.67706     -8.7003  0.00346506
          12    -8.67024     -8.6978  0.00398021
          13    -8.66224    -8.69506  0.00451716
          14    -8.65339    -8.69208  0.00508146
          15    -8.64369    -8.68886  0.00567515
          16    -8.63315    -8.68538  0.00629859
          17    -8.62176    -8.68163  0.00695127
          18    -8.60954    -8.67763  0.00763237
          19    -8.59647    -8.67336  0.00834087
          20    -8.58385    -8.66888  0.00904512
          21    -8.56975    -8.66416   0.0097689
          22    -8.55772    -8.65932   0.0104546
          23    -8.54355    -8.65429   0.0111462
          24    -8.52854    -8.64905   0.0118496
          25    -8.51237    -8.64358   0.0125738
          26    -8.49633    -8.63792   0.0133046
          27    -8.47849    -8.63201   0.0140612
          28    -8.46274    -8.62597   0.0148017
          29    -8.44679    -8.61979   0.0155274
          30    -8.43099     -8.6135   0.0162352
          31    -8.41338    -8.60704   0.0169463
          32    -8.39592    -8.60044   0.0176544
          33    -8.37763    -8.59369   0.0183652
          34    -8.35853    -8.58677   0.0190831
          35    -8.33925     -8.5797    0.019805
          36    -8.31982    -8.57248   0.0205284
          37    -8.30054    -8.56513   0.0212486
          38    -8.27949    -8.55762   0.0219789
          39    -8.25894    -8.54996   0.0227104
          40    -8.23728    -8.54214   0.0234494
          41    -8.21547    -8.53417   0.0241932
          42    -8.19386    -8.52607   0.0249371
          43    -8.17019    -8.51779   0.0256939
          44    -8.14737    -8.50938   0.0264533
          45    -8.12444    -8.50082   0.0272133
          46     -8.1011    -8.49213   0.0279747
          47    -8.07637    -8.48329   0.0287441
          48    -8.05124    -8.47429    0.029521
          49     -8.0254    -8.46512   0.0303066
          50    -7.99983    -8.45582   0.0310964
          51     -7.9739    -8.44637   0.0318901
          52    -7.94826    -8.43679   0.0326838
          53    -7.92261    -8.42709    0.033476
          54    -7.89599    -8.41725   0.0342704
          55    -7.86972     -8.4073   0.0350634
          56     -7.8425    -8.39721   0.0358585
          57    -7.81567    -8.38701   0.0366521
          58    -7.78826    -8.37669   0.0374458
          59    -7.75997    -8.36623   0.0382422
          60    -7.73211    -8.35567    0.039038
          61    -7.70406    -8.34498   0.0398327
          62     -7.6752    -8.33418   0.0406287
          63    -7.64716    -8.32328   0.0414215
          64    -7.61835    -8.31226   0.0422133
          65    -7.58912    -8.30114   0.0430049
          66    -7.56046    -8.28991   0.0437931
          67    -7.53208     -8.2786   0.0445763
          68    -7.50302     -8.2672   0.0453564
          69    -7.47462    -8.25571   0.0461307
          70    -7.44626    -8.24415   0.0468986
          71    -7.41762    -8.23251    0.047661
          72     -7.3894     -8.2208   0.0484161
          73    -7.36162    -8.20903   0.0491626
          74    -7.33302    -8.19719   0.0499031
          75    -7.30524     -8.1853    0.050635
          76    -7.27798    -8.17336   0.0513569
          77    -7.25031    -8.16137   0.0520702
          78     -7.2229    -8.14934   0.0527743
          79    -7.19611    -8.13727   0.0534679
          80    -7.16931    -8.12517   0.0541513
          81    -7.14317    -8.11305   0.0548231
          82    -7.11676     -8.1009   0.0554845
          83    -7.09043    -8.08872   0.0561357
          84    -7.06517    -8.07654   0.0567746
          85    -7.04068    -8.06435   0.0573996
          86    -7.01667    -8.05217   0.0580106
          87    -6.99283    -8.03999   0.0586077
          88    -6.96984    -8.02783     0.05919
          89    -6.94739    -8.01569   0.0597569
          90     -6.9255    -8.00358   0.0603081
          91     -6.9042     -7.9915   0.0608435
          92    -6.88252    -7.97944   0.0613646
          93    -6.86243    -7.96743    0.061869
          94    -6.84298    -7.95547   0.0623565
          95    -6.82417    -7.94356    0.062827
          96    -6.80569    -7.93171   0.0632807
          97    -6.78853    -7.91993   0.0637163
          98    -6.77141    -7.90821   0.0641349
          99    -6.75529    -7.89656   0.0645357
         100    -6.73987    -7.88499   0.0649187
         101    -6.72514    -7.87351   0.0652837
         102    -6.71112    -7.86211   0.0656308
         103    -6.69813    -7.85081   0.0659594
         104     -6.6852     -7.8396   0.0662705
         105    -6.67297    -7.82849   0.0665642
         106    -6.66146    -7.81748   0.0668406
         107    -6.65096    -7.80658   0.0670991
         108    -6.64117    -7.79579   0.0673399
         109    -6.63142    -7.78511   0.0675641
         110    -6.62301    -7.77454   0.0677708
         111    -6.61528     -7.7641   0.0679602
         112     -6.6079    -7.75378    0.068133
         113    -6.60118    -7.74358   0.0682892
         114    -6.59479     -7.7335   0.0684297
         115    -6.58969    -7.72355   0.0685537
         116    -6.58489    -7.71374   0.0686619
         117    -6.58103    -7.70406   0.0687542
         118     -6.5781    -7.69451   0.0688305
         119    -6.57543    -7.68511   0.0688915
         120    -6.57366    -7.67585   0.0689372
         121    -6.57212    -7.66673   0.0689683
         122    -6.57113    -7.65775   0.0689852
         123    -6.57098    -7.64891   0.0689878
         124    -6.57102    -7.64022   0.0689769
         125    -6.57155    -7.63167   0.0689529
         126    -6.57255    -7.62326   0.0689161
         127    -6.57432      -7.615   0.0688666
         128    -6.57654    -7.60689   0.0688048
         129    -6.57885    -7.59892   0.0687314
         130    -6.58188     -7.5911   0.0686465
         131    -6.58496    -7.58342   0.0685508
         132    -6.58906    -7.57588   0.0684442
         133    -6.59252    -7.56849   0.0683277
         134    -6.59664    -7.56124   0.0682017
         135    -6.60106    -7.55413   0.0680663
         136    -6.60576    -7.54715   0.0679221
         137    -6.61008    -7.54031   0.0677698
         138     -6.6153    -7.53361   0.0676094
         139     -6.6201    -7.52704   0.0674417
         140    -6.62575     -7.5206   0.0672665
         141    -6.63161    -7.51429   0.0670843
         142    -6.63731    -7.50812   0.0668955
         143    -6.64317    -7.50207   0.0667006
         144    -6.64917    -7.49615   0.0664999
         145    -6.65627    -7.49036    0.066293
         146    -6.66251    -7.48469    0.066081
         147    -6.66884    -7.47914   0.0658641
         148    -6.67525     -7.4737   0.0656427
         149    -6.68173    -7.46839    0.065417
         150    -6.68857    -7.46319   0.0651871
         151    -6.69546    -7.45811   0.0649534
         152    -6.70204    -7.45313   0.0647162
         153    -6.70863    -7.44826   0.0644759
         154    -6.71554    -7.44351   0.0642326
         155    -6.72179    -7.43885   0.0639867
         156    -6.72899     -7.4343   0.0637381
         157    -6.73583    -7.42985   0.0634872
         158    -6.74294     -7.4255   0.0632341
         159    -6.74903    -7.42125   0.0629794
         160    -6.75602    -7.41709   0.0627228
         161    -6.76262    -7.41303   0.0624648
         162    -6.76914    -7.40905   0.0622056
         163    -6.77556    -7.40517   0.0619452
         164    -6.78221    -7.40137   0.0616839
         165    -6.78844    -7.39765   0.0614218
         166    -6.79553    -7.39403   0.0611588
         167    -6.80153    -7.39048   0.0608954
         168    -6.80806    -7.38701   0.0606315
         169    -6.81382    -7.38362   0.0603675
         170    -6.81946     -7.3803   0.0601036
         171    -6.82496    -7.37705   0.0598398
         172    -6.83033    -7.37387   0.0595762
         173    -6.83556    -7.37076   0.0593131
         174    -6.84065    -7.36772   0.0590504
         175     -6.8456    -7.36473   0.0587883
         176    -6.85041    -7.36181   0.0585268
         177    -6.85475    -7.35895   0.0582662
         178    -6.85895    -7.35614   0.0580066
         179    -6.86301    -7.35338   0.0577479
         180    -6.86692    -7.35068   0.0574903
         181    -6.87102    -7.34803   0.0572337
         182    -6.87529    -7.34543   0.0569781
         183     -6.8791    -7.34288   0.0567237
         184    -6.88277    -7.34038   0.0564705
         185    -6.88662    -7.33793   0.0562185
         186    -6.88936    -7.33552    0.055968
         187    -6.89359    -7.33315   0.0557186
         188    -6.89672    -7.33083   0.0554705
         189     -6.8994    -7.32855    0.055224
         190    -6.90162     -7.3263    0.054979
         191    -6.90373    -7.32409   0.0547357
         192    -6.90636    -7.32192   0.0544938
         193     -6.9092    -7.31978   0.0542534
         194    -6.91193    -7.31767   0.0540145
         195     -6.9139     -7.3156   0.0537771
         196    -6.91577    -7.31356   0.0535415
         197    -6.91786    -7.31156   0.0533073
         198    -6.91986    -7.30958   0.0530748
         199    -6.92209    -7.30763   0.0528438
         200    -6.92358    -7.30571   0.0526145
         201    -6.92564    -7.30382   0.0523867
         202     -6.9273    -7.30196   0.0521605
         203    -6.92953    -7.30012   0.0519358
         204    -6.93137    -7.29831   0.0517126
         205    -6.93153    -7.29652   0.0514913
         206    -6.93292    -7.29476   0.0512716
         207    -6.93426    -7.29302   0.0510535
         208    -6.93554     -7.2913    0.050837
         209    -6.93646     -7.2896   0.0506221
         210    -6.93733    -7.28792   0.0504088
         211    -6.93849    -7.28627   0.0501971
         212    -6.93962    -7.28463   0.0499869
         213    -6.94104    -7.28302   0.0497783
         214    -6.94243    -7.28143   0.0495711
         215    -6.94316    -7.27985   0.0493655
         216    -6.94484     -7.2783   0.0491613
         217    -6.94682    -7.27678   0.0489585
         218    -6.94815    -7.27527   0.0487571
         219     -6.9498    -7.27378   0.0485571
         220    -6.95112    -7.27232   0.0483585
         221    -6.95179    -7.27086   0.0481615
         222    -6.95278    -7.26943   0.0479658
         223    -6.95345    -7.26801   0.0477717
         224    -6.95478    -7.26662   0.0475789
         225    -6.95579    -7.26524   0.0473875
         226    -6.95681    -7.26387   0.0471974
         227    -6.95752    -7.26252   0.0470088
         228     -6.9589    -7.26119   0.0468215
         229    -6.96061    -7.25988   0.0466354
         230     -6.9617    -7.25858   0.0464507
         231    -6.96248     -7.2573   0.0462673
         232    -6.96393    -7.25603   0.0460851
         233    -6.96541    -7.25479   0.0459042
         234    -6.96691    -7.25356   0.0457245
         235    -6.96811    -7.25234   0.0455461
         236    -6.96934    -7.25114   0.0453689
         237    -6.97093    -7.24996   0.0451928
         238    -6.97254    -7.24879    0.045018
         239    -6.97387    -7.24764   0.0448443
         240    -6.97555    -7.24651   0.0446718
         241    -6.97694    -7.24539   0.0445004
         242    -6.97837    -7.24429   0.0443302
         243    -6.98048     -7.2432   0.0441611
         244    -6.98199    -7.24213   0.0439931
         245    -6.98353    -7.24108   0.0438262
         246    -6.98576    -7.24004   0.0436603
         247    -6.98739    -7.23902   0.0434955
         248    -6.98907    -7.23801   0.0433318
         249    -6.99143    -7.23702   0.0431691
         250    -6.99288    -7.23604   0.0430075
         251    -6.99501    -7.23508   0.0428468
         252    -6.99687    -7.23414   0.0426872
         253    -6.99846     -7.2332   0.0425287
         254    -7.00042    -7.23229   0.0423711
         255    -7.00308    -7.23139   0.0422145
         256    -7.00514    -7.23051   0.0420588
         257    -7.00725    -7.22964   0.0419042
         258    -7.00909    -7.22878   0.0417505
         259    -7.01163    -7.22794   0.0415977
         260     -7.0139    -7.22712   0.0414458
         261    -7.01654    -7.22631   0.0412949
         262    -7.01924    -7.22552   0.0411448
         263     -7.0223    -7.22475   0.0409956
         264    -7.02445    -7.22399   0.0408474
         265    -7.02697    -7.22325      0.0407
         266    -7.02922    -7.22252   0.0405535
         267    -7.03249    -7.22181   0.0404079
         268    -7.03548    -7.22111   0.0402631
         269     -7.0382    -7.22043   0.0401192
         270    -7.04096    -7.21977   0.0399761
         271    -7.04442    -7.21912   0.0398338
         272    -7.04726    -7.21849   0.0396924
         273    -7.04983    -7.21787   0.0395518
         274    -7.05243    -7.21727    0.039412
         275     -7.0554    -7.21668   0.0392731
         276    -7.05872    -7.21611    0.039135
         277    -7.06208    -7.21555   0.0389977
         278    -7.06515    -7.21501   0.0388611
         279    -7.06857    -7.21448   0.0387254
         280    -7.07202    -7.21397   0.0385904
         281    -7.07549    -7.21348   0.0384562
         282    -7.07866      -7.213   0.0383228
         283    -7.08249    -7.21254   0.0381902
         284     -7.0857     -7.2121   0.0380583
         285    -7.08827    -7.21166   0.0379273
         286    -7.09183    -7.21124    0.037797
         287    -7.09475    -7.21084   0.0376675
         288    -7.09767    -7.21044   0.0375387
         289    -7.10093    -7.21006   0.0374107
         290    -7.10515     -7.2097   0.0372835
         291    -7.10776    -7.20935    0.037157
         292    -7.11037    -7.20901   0.0370313
         293    -7.11394    -7.20869   0.0369063
         294     -7.1175    -7.20838   0.0367821
         295    -7.12008    -7.20808   0.0366586
         296     -7.1233    -7.20779   0.0365359
         297     -7.1265    -7.20752   0.0364139
         298    -7.12903    -7.20726   0.0362927
         299    -7.13285    -7.20701   0.0361722
         300    -7.13534    -7.20677   0.0360524
         301    -7.13846    -7.20654   0.0359333
         302    -7.14123    -7.20633    0.035815
         303     -7.1443    -7.20612   0.0356974
         304    -7.14701    -7.20593   0.0355805
         305    -7.14903    -7.20574   0.0354643
         306    -7.15168    -7.20556   0.0353488
         307    -7.15493     -7.2054   0.0352341
         308    -7.15749    -7.20524     0.03512
         309    -7.16066     -7.2051   0.0350067
         310    -7.16347    -7.20496    0.034894
         311    -7.16623    -7.20484    0.034782
         312    -7.16927    -7.20473   0.0346707
         313    -7.17162    -7.20462   0.0345601
         314    -7.17392    -7.20452   0.0344502
         315    -7.17616    -7.20443    0.034341
         316    -7.17836    -7.20435   0.0342324
         317     -7.1805    -7.20427   0.0341245
         318    -7.18389    -7.20421   0.0340172
         319    -7.18624    -7.20415   0.0339106
         320    -7.18887    -7.20411   0.0338047
         321    -7.19111    -7.20407   0.0336994
         322    -7.19361    -7.20403   0.0335948
         323    -7.19573    -7.20401   0.0334908
         324    -7.19779    -7.20399   0.0333874
         325    -7.20011    -7.20398   0.0332847
         326    -7.20172    -7.20397   0.0331826
         327    -7.20327    -7.20397   0.0330811
         328    -7.20507    -7.20397   0.0329802
         329    -7.20649    -7.20398     0.03288
         330    -7.20816    -7.20399   0.0327804
         331    -7.21009    -7.20401   0.0326813
         332    -7.21066    -7.20403   0.0325829
         333    -7.21213    -7.20405   0.0324851
         334    -7.21289    -7.20408   0.0323878
         335    -7.21454    -7.20411   0.0322912
         336    -7.21581    -7.20415   0.0321951
         337    -7.21732    -7.20419   0.0320996
         338     -7.2178    -7.20423   0.0320046
         339    -7.21885    -7.20427   0.0319102
         340    -7.21918    -7.20431   0.0318164
         341    -7.21913    -7.20436   0.0317231
         342    -7.21965     -7.2044   0.0316304
         343    -7.22075    -7.20445   0.0315382
         344    -7.22113     -7.2045   0.0314466
         345    -7.22112    -7.20454   0.0313555
         346    -7.22234     -7.2046   0.0312649
         347    -7.22284    -7.20465   0.0311748
         348    -7.22296     -7.2047   0.0310853
         349    -7.22431    -7.20476   0.0309963
         350    -7.22494    -7.20482   0.0309078
         351    -7.22454    -7.20487   0.0308198
         352    -7.22569    -7.20493   0.0307323
         353    -7.22549    -7.20499   0.0306453
         354    -7.22587    -7.20505   0.0305588
         355    -7.22619    -7.20511   0.0304727
         356    -7.22613    -7.20517   0.0303872
         357      -7.226    -7.20522   0.0303021
         358    -7.22582    -7.20528   0.0302175
         359     -7.2259    -7.20534   0.0301334
         360    -7.22496    -7.20539   0.0300498
         361    -7.22493    -7.20545   0.0299666
         362    -7.22453     -7.2055   0.0298838
         363     -7.2244    -7.20555   0.0298016
         364    -7.22358     -7.2056   0.0297197
         365    -7.22303    -7.20565   0.0296383
         366    -7.22211     -7.2057   0.0295574
         367    -7.22147    -7.20574   0.0294769
         368     -7.2211    -7.20578   0.0293968
         369    -7.22038    -7.20582   0.0293172
         370    -7.21928    -7.20586    0.029238
         371    -7.21847    -7.20589   0.0291592
         372     -7.2173    -7.20592   0.0290808
         373    -7.21641    -7.20595   0.0290029
         374    -7.21549    -7.20597   0.0289253
         375    -7.21486      -7.206   0.0288482
         376    -7.21485    -7.20602   0.0287715
         377     -7.2135    -7.20604   0.0286952
         378    -7.21213    -7.20606   0.0286193
         379    -7.21105    -7.20607   0.0285438
         380    -7.20897    -7.20608   0.0284686
         381    -7.20816    -7.20608   0.0283939
         382    -7.20667    -7.20609   0.0283196
         383    -7.20549    -7.20608   0.0282457
         384    -7.20364    -7.20608   0.0281721
         385    -7.20273    -7.20607   0.0280989
         386    -7.20148    -7.20606   0.0280261
         387    -7.20021    -7.20604   0.0279537
         388    -7.19892    -7.20602   0.0278817
         389    -7.19631      -7.206     0.02781
         390    -7.19499    -7.20597   0.0277387
         391    -7.19429    -7.20594   0.0276678
         392    -7.19229    -7.20591   0.0275972
         393    -7.19124    -7.20587    0.027527
         394    -7.19018    -7.20583   0.0274572
         395    -7.18846    -7.20578   0.0273877
         396    -7.18738    -7.20574   0.0273186
         397    -7.18563    -7.20569   0.0272498
         398    -7.18453    -7.20563   0.0271814
         399    -7.18374    -7.20558   0.0271134
         400    -7.18165    -7.20552   0.0270456
         401     -7.1802    -7.20546   0.0269783
         402    -7.17809    -7.20539   0.0269112
         403    -7.17663    -7.20532   0.0268446
         404    -7.17581    -7.20524   0.0267782
         405    -7.17499    -7.20517   0.0267122
         406    -7.17351    -7.20509   0.0266465
         407    -7.17171    -7.20501   0.0265812
         408    -7.17088    -7.20493   0.0265162
         409    -7.16973    -7.20484   0.0264515
         410    -7.16858    -7.20475   0.0263871
         411     -7.1671    -7.20466    0.026323
         412    -7.16531    -7.20456   0.0262593
         413    -7.16383    -7.20447   0.0261959
         414    -7.16237    -7.20436   0.0261329
         415    -7.16155    -7.20426   0.0260701
         416    -7.16074    -7.20416   0.0260076
         417    -7.15929    -7.20405   0.0259455
         418    -7.15816    -7.20394   0.0258836
         419    -7.15704    -7.20383   0.0258221
         420    -7.15561    -7.20371   0.0257609
         421    -7.15386    -7.20359      0.0257
         422    -7.15212    -7.20347   0.0256394
         423    -7.15104    -7.20335    0.025579
         424    -7.14868    -7.20322    0.025519
         425    -7.14697    -7.20309   0.0254593
         426    -7.14496    -7.20295   0.0253999
         427    -7.14263    -7.20281   0.0253409
         428    -7.14129    -7.20266   0.0252821
         429    -7.13965    -7.20252   0.0252235
         430    -7.13867    -7.20237   0.0251653
         431    -7.13738    -7.20222   0.0251074
         432    -7.13676    -7.20207   0.0250497
         433    -7.13551    -7.20191   0.0249923
         434    -7.13461    -7.20176   0.0249352
         435    -7.13308     -7.2016   0.0248784
         436    -7.13158    -7.20144   0.0248219
         437    -7.13074    -7.20128   0.0247656
         438    -7.12928    -7.20111   0.0247096
         439    -7.12817    -7.20095   0.0246539
         440    -7.12774    -7.20078   0.0245984
         441    -7.12636    -7.20061   0.0245432
         442    -7.12598    -7.20044   0.0244883
         443     -7.1253    -7.20027   0.0244336
         444    -7.12466     -7.2001   0.0243791
         445    -7.12438    -7.19993   0.0243249
         446     -7.1238    -7.19976    0.024271
         447    -7.12326    -7.19959   0.0242173
         448    -7.12243    -7.19942   0.0241639
         449    -7.12228    -7.19925   0.0241107
         450    -7.12055    -7.19907   0.0240577
         451    -7.11983     -7.1989    0.024005
         452     -7.1198    -7.19872   0.0239525
         453    -7.11883    -7.19855   0.0239003
         454    -7.11887    -7.19837   0.0238483
         455    -7.11831    -7.19819   0.0237965
         456    -7.11746    -7.19802    0.023745
         457     -7.1173    -7.19784   0.0236937
         458    -7.11621    -7.19766   0.0236427
         459    -7.11613    -7.19748   0.0235918
         460    -7.11641    -7.19731   0.0235412
         461    -7.11609    -7.19713   0.0234908
         462    -7.11614    -7.19696   0.0234406
         463    -7.11622    -7.19678   0.0233906
         464    -7.11635    -7.19661   0.0233408
         465    -7.11588    -7.19644   0.0232913
         466    -7.11511    -7.19626    0.023242
         467    -7.11569    -7.19609   0.0231928
         468    -7.11501    -7.19592   0.0231439
         469    -7.11534    -7.19574   0.0230952
         470    -7.11474    -7.19557   0.0230467
         471    -7.11483     -7.1954   0.0229984
         472    -7.11495    -7.19523   0.0229503
         473    -7.11447    -7.19506   0.0229024
         474    -7.11498    -7.19489   0.0228548
         475    -7.11489    -7.19472   0.0228073
         476    -7.11483    -7.19455     0.02276
         477     -7.1148    -7.19439   0.0227129
         478    -7.11512    -7.19422   0.0226659
         479     -7.1158    -7.19406   0.0226192
         480    -7.11586    -7.19389   0.0225727
         481    -7.11594    -7.19373   0.0225263
         482     -7.1167    -7.19357   0.0224802
         483    -7.11652    -7.19341   0.0224342
         484    -7.11733    -7.19326   0.0223884
         485    -7.11816     -7.1931   0.0223428
         486    -7.11869    -7.19295   0.0222973
         487    -7.11892     -7.1928   0.0222521
         488    -7.11949    -7.19264    0.022207
         489    -7.12008     -7.1925    0.022162
         490    -7.12068    -7.19235   0.0221173
         491    -7.12098     -7.1922   0.0220727
         492    -7.12227    -7.19206   0.0220283
         493    -7.12293    -7.19192   0.0219841
         494    -7.12328    -7.19178     0.02194
         495    -7.12364    -7.19165   0.0218961
         496    -7.12467    -7.19151   0.0218524
         497    -7.12473    -7.19138   0.0218088
         498    -7.12547    -7.19124   0.0217655
         499    -7.12686    -7.19111   0.0217222
         500    -7.12729    -7.19099   0.0216792
         501    -7.12872    -7.19086   0.0216362
         502    -7.12951    -7.19074   0.0215935
         503    -7.13031    -7.19062   0.0215509
         504    -7.13178     -7.1905   0.0215084
         505    -7.13294    -7.19039   0.0214662
         506     -7.1338    -7.19028    0.021424
         507    -7.13402    -7.19017   0.0213821
         508    -7.13458    -7.19006   0.0213402
         509    -7.13582    -7.18995   0.0212986
         510    -7.13675    -7.18985   0.0212571
         511     -7.1377    -7.18974   0.0212157
         512    -7.13868    -7.18964   0.0211745
         513    -7.13935    -7.18955   0.0211335
         514    -7.14006    -7.18945   0.0210926
         515    -7.14111    -7.18936   0.0210518
         516    -7.14155    -7.18926   0.0210112
         517    -7.14266    -7.18917   0.0209708
         518    -7.14316    -7.18909   0.0209305
         519    -7.14402      -7.189   0.0208903
         520    -7.14555    -7.18891   0.0208503
         521    -7.14745    -7.18884   0.0208105
         522    -7.14906    -7.18876   0.0207707
         523    -7.15071    -7.18869   0.0207312
         524    -7.15207    -7.18862   0.0206917
         525    -7.15282    -7.18855   0.0206524
         526    -7.15393    -7.18848   0.0206132
         527    -7.15541    -7.18842   0.0205742
         528    -7.15628    -7.18836   0.0205354
         529    -7.15751     -7.1883   0.0204966
         530    -7.15878    -7.18824    0.020458
         531    -7.16073    -7.18819   0.0204196
         532    -7.16273    -7.18814   0.0203812
         533    -7.16477     -7.1881    0.020343
         534     -7.1662    -7.18806    0.020305
         535    -7.16831    -7.18802   0.0202671
         536    -7.17046    -7.18799   0.0202293
         537    -7.17232    -7.18796   0.0201916
         538    -7.17421    -7.18794   0.0201541
         539    -7.17646    -7.18791   0.0201167
         540    -7.17842     -7.1879   0.0200795
         541    -7.18008    -7.18788   0.0200424
         542    -7.18079    -7.18787   0.0200054
         543     -7.1825    -7.18786   0.0199686
         544    -7.18488    -7.18785   0.0199319
         545    -7.18824    -7.18785   0.0198953
         546    -7.19001    -7.18786   0.0198588
         547    -7.19244    -7.18787   0.0198225
         548    -7.19423    -7.18788   0.0197864
         549    -7.19635    -7.18789   0.0197503
         550    -7.19847    -7.18791   0.0197144
         551    -7.20092    -7.18794   0.0196787
         552    -7.20304    -7.18796    0.019643
         553    -7.20483    -7.18799   0.0196075
         554     -7.2063    -7.18803   0.0195722
         555    -7.20872    -7.18806    0.019537
         556    -7.21113    -7.18811   0.0195019
         557    -7.21287    -7.18815   0.0194669
         558    -7.21459     -7.1882   0.0194321
         559    -7.21662    -7.18825   0.0193974
         560    -7.21894     -7.1883   0.0193628
         561    -7.22091    -7.18836   0.0193284
         562    -7.22317    -7.18842   0.0192941
         563    -7.22475    -7.18849   0.0192599
         564    -7.22598    -7.18855   0.0192259
         565    -7.22781    -7.18862    0.019192
         566    -7.22897     -7.1887   0.0191582
         567     -7.2304    -7.18877   0.0191246
         568    -7.23277    -7.18885   0.0190911
         569    -7.23445    -7.18893   0.0190577
         570    -7.23511    -7.18901   0.0190244
         571     -7.2367    -7.18909   0.0189913
         572    -7.23793    -7.18918   0.0189583
         573    -7.23943    -7.18926   0.0189254
         574    -7.24121    -7.18936   0.0188926
         575     -7.2436    -7.18945     0.01886
         576    -7.24432    -7.18954   0.0188275
         577    -7.24565    -7.18964   0.0187951
         578    -7.24758    -7.18974   0.0187629
         579    -7.24882    -7.18984   0.0187307
         580     -7.2497    -7.18995   0.0186987
         581    -7.25086    -7.19005   0.0186668
         582    -7.25263    -7.19016   0.0186351
         583    -7.25404    -7.19027   0.0186034
         584    -7.25508    -7.19038   0.0185719
         585    -7.25674    -7.19049   0.0185405
         586    -7.25772    -7.19061   0.0185092
         587    -7.25963    -7.19073   0.0184781
         588    -7.26055    -7.19084    0.018447
         589    -7.26176    -7.19097   0.0184161
         590    -7.26261    -7.19109   0.0183853
         591    -7.26312    -7.19121   0.0183546
         592    -7.26393    -7.19133    0.018324
         593    -7.26471    -7.19145   0.0182935
         594    -7.26514    -7.19158   0.0182631
         595    -7.26555     -7.1917   0.0182329
         596    -7.26626    -7.19183   0.0182027
         597    -7.26695    -7.19195   0.0181726
         598    -7.26892    -7.19208   0.0181427
         599     -7.2699    -7.19221   0.0181129
         600    -7.27054    -7.19234   0.0180832
         601    -7.27116    -7.19247   0.0180536
         602    -7.27112    -7.19261    0.018024
         603    -7.27269    -7.19274   0.0179946
         604    -7.27294    -7.19287   0.0179653
         605    -7.27351      -7.193   0.0179361
         606    -7.27341    -7.19314    0.017907
         607    -7.27426    -7.19327    0.017878
         608    -7.27414     -7.1934   0.0178491
         609    -7.27497    -7.19354   0.0178203
         610    -7.27513    -7.19367   0.0177916
         611    -7.27593    -7.19381    0.017763
         612    -7.27542    -7.19394   0.0177345
         613    -7.27554    -7.19407    0.017706
         614    -7.27629    -7.19421   0.0176777
         615    -7.27638    -7.19434   0.0176495
         616     -7.2771    -7.19447   0.0176213
         617    -7.27748    -7.19461   0.0175933
         618    -7.27752    -7.19474   0.0175653
         619    -7.27787    -7.19488   0.0175375
         620    -7.27788    -7.19501   0.0175097
         621    -7.27788    -7.19514    0.017482
         622     -7.2785    -7.19528   0.0174544
         623    -7.27847    -7.19541   0.0174269
         624    -7.27906    -7.19555   0.0173995
         625    -7.27867    -7.19568   0.0173722
         626    -7.27891    -7.19581   0.0173449
         627    -7.27914    -7.19594   0.0173178
         628    -7.27935    -7.19608   0.0172907
         629    -7.27923    -7.19621   0.0172637
         630    -7.27941    -7.19634   0.0172368
         631    -7.27894    -7.19647     0.01721
         632    -7.27976     -7.1966   0.0171833
         633    -7.28024    -7.19674   0.0171566
         634     -7.2807    -7.19687   0.0171301
         635    -7.28149      -7.197   0.0171036
         636     -7.2813    -7.19714   0.0170772
         637    -7.28012    -7.19727   0.0170509
         638    -7.28024     -7.1974   0.0170247
         639    -7.28003    -7.19752   0.0169985
         640    -7.28045    -7.19765   0.0169725
         641    -7.28055    -7.19778   0.0169465
         642    -7.28032    -7.19791   0.0169206
         643    -7.28009    -7.19804   0.0168948
         644     -7.2805    -7.19817    0.016869
         645    -7.28058     -7.1983   0.0168433
         646    -7.28066    -7.19842   0.0168177
         647    -7.28074    -7.19855   0.0167922
         648    -7.28114    -7.19868   0.0167668
         649    -7.28056     -7.1988   0.0167414
         650    -7.28128    -7.19893   0.0167162
         651    -7.28104    -7.19906    0.016691
         652    -7.28176    -7.19918   0.0166658
         653    -7.28183    -7.19931   0.0166408
         654    -7.28191    -7.19944   0.0166158
         655     -7.2823    -7.19956    0.016591
         656    -7.28303    -7.19969   0.0165662
         657    -7.28343    -7.19982   0.0165414
         658    -7.28351    -7.19995   0.0165168
         659    -7.28293    -7.20007   0.0164922
         660    -7.28301     -7.2002   0.0164677
         661    -7.28308    -7.20032   0.0164432
         662    -7.28283    -7.20045   0.0164189
         663     -7.2842    -7.20057   0.0163946
         664    -7.28428     -7.2007   0.0163704
         665    -7.28404    -7.20082   0.0163463
         666    -7.28444    -7.20095   0.0163222
         667    -7.28387    -7.20107   0.0162982
         668    -7.28396     -7.2012   0.0162743
         669    -7.28372    -7.20132   0.0162504
         670    -7.28412    -7.20145   0.0162266
         671     -7.2842    -7.20157   0.0162029
         672     -7.2846    -7.20169   0.0161793
         673    -7.28468    -7.20182   0.0161557
         674    -7.28541    -7.20194   0.0161322
         675    -7.28613    -7.20206   0.0161088
         676    -7.28686    -7.20219   0.0160855
         677    -7.28629    -7.20231   0.0160622
         678    -7.28701    -7.20244    0.016039
         679    -7.28741    -7.20256   0.0160158
         680    -7.28717    -7.20269   0.0159928
         681    -7.28725    -7.20281   0.0159698
         682    -7.28734    -7.20294   0.0159468
         683     -7.2871    -7.20306    0.015924
         684    -7.28719    -7.20318   0.0159011
         685     -7.2876    -7.20331   0.0158784
         686    -7.28802    -7.20343   0.0158557
         687    -7.28845    -7.20355   0.0158332
         688    -7.28855    -7.20368   0.0158106
         689    -7.28866     -7.2038   0.0157882
         690    -7.28877    -7.20392   0.0157658
         691    -7.28889    -7.20405   0.0157434
         692    -7.28901    -7.20417   0.0157211
         693    -7.28882    -7.20429   0.0156989
         694    -7.28961    -7.20441   0.0156768
         695    -7.28911    -7.20454   0.0156547
         696    -7.28958    -7.20466   0.0156327
         697    -7.28942    -7.20478   0.0156107
         698    -7.29055     -7.2049   0.0155889
         699    -7.29105    -7.20503    0.015567
         700    -7.29058    -7.20515   0.0155453
         701    -7.29109    -7.20527   0.0155236
         702    -7.29096    -7.20539    0.015502
         703    -7.29116    -7.20551   0.0154804
         704    -7.29201    -7.20564   0.0154589
         705    -7.29222    -7.20576   0.0154374
         706    -7.29244    -7.20588   0.0154161
         707    -7.29266    -7.20601   0.0153948
         708    -7.29256    -7.20613   0.0153735
         709    -7.29278    -7.20625   0.0153523
         710    -7.29334    -7.20637   0.0153312
         711    -7.29357     -7.2065   0.0153101
         712    -7.29282    -7.20662   0.0152891
         713    -7.29305    -7.20674   0.0152681
         714    -7.29328    -7.20686   0.0152472
         715    -7.29285    -7.20698   0.0152264
         716    -7.29274     -7.2071   0.0152056
         717     -7.2923    -7.20722   0.0151848
         718    -7.29282    -7.20734   0.0151641
         719      -7.293    -7.20746   0.0151435
         720     -7.2935    -7.20758   0.0151229
         721    -7.29333     -7.2077   0.0151024
         722    -7.29347    -7.20781    0.015082
         723    -7.29359    -7.20793   0.0150616
         724    -7.29369    -7.20805   0.0150413
         725    -7.29345    -7.20817    0.015021
         726    -7.29448    -7.20829   0.0150008
         727    -7.29386    -7.20841   0.0149806
         728    -7.29386    -7.20852   0.0149605
         729    -7.29383    -7.20864   0.0149404
         730    -7.29345    -7.20876   0.0149204
         731    -7.29336    -7.20887   0.0149004
         732    -7.29323    -7.20899   0.0148805
         733    -7.29305     -7.2091   0.0148607
         734    -7.29155    -7.20921   0.0148408
         735     -7.2913    -7.20933   0.0148211
         736    -7.29036    -7.20944   0.0148013
         737     -7.2897    -7.20954   0.0147817
         738    -7.28931    -7.20965    0.014762
         739    -7.28856    -7.20976   0.0147424
         740    -7.28808    -7.20987   0.0147229
         741     -7.2869    -7.20997   0.0147034
         742      -7.286    -7.21007   0.0146839
         743    -7.28601    -7.21017   0.0146645
         744    -7.28534    -7.21028   0.0146452
         745    -7.28525    -7.21038   0.0146258
         746    -7.28447    -7.21048   0.0146066
         747    -7.28396    -7.21057   0.0145874
         748    -7.28276    -7.21067   0.0145682
         749    -7.28247    -7.21077    0.014549
         750    -7.28117    -7.21086   0.0145299
         751    -7.28078    -7.21095   0.0145109
         752     -7.2797    -7.21104   0.0144919
         753     -7.2789    -7.21113   0.0144729
         754    -7.27806    -7.21122    0.014454
         755    -7.27782    -7.21131   0.0144351
         756    -7.27689     -7.2114   0.0144163
         757    -7.27559    -7.21148   0.0143975
         758    -7.27426    -7.21157   0.0143787
         759     -7.2729    -7.21165     0.01436
         760    -7.27149    -7.21173   0.0143413
         761    -7.26973     -7.2118   0.0143227
         762    -7.26892    -7.21188   0.0143041
         763    -7.26742    -7.21195   0.0142855
         764    -7.26558    -7.21202    0.014267
         765    -7.26404    -7.21209   0.0142485
         766    -7.26312    -7.21215   0.0142301
         767    -7.26187    -7.21222   0.0142117
         768    -7.26027    -7.21228   0.0141933
         769    -7.25866    -7.21234    0.014175
         770    -7.25672     -7.2124   0.0141567
         771    -7.25574    -7.21246   0.0141384
         772    -7.25411    -7.21251   0.0141202
         773    -7.25216    -7.21256    0.014102
         774    -7.24955    -7.21261   0.0140839
         775    -7.24793    -7.21265   0.0140658
         776    -7.24631     -7.2127   0.0140478
         777    -7.24502    -7.21274   0.0140297
         778    -7.24375    -7.21278   0.0140118
         779    -7.24216    -7.21282   0.0139938
         780    -7.24092    -7.21285   0.0139759
         781    -7.23937    -7.21289   0.0139581
         782    -7.23751    -7.21292   0.0139403
         783    -7.23601    -7.21295   0.0139225
         784    -7.23453    -7.21298   0.0139048
         785    -7.23308      -7.213   0.0138871
         786    -7.23166    -7.21302   0.0138694
         787    -7.22995    -7.21305   0.0138518
         788    -7.22892    -7.21307   0.0138342
         789    -7.22761    -7.21308   0.0138167
         790    -7.22634     -7.2131   0.0137992
         791    -7.22511    -7.21312   0.0137818
         792    -7.22425    -7.21313   0.0137644
         793    -7.22343    -7.21314   0.0137471
         794    -7.22202    -7.21315   0.0137298
         795    -7.22131    -7.21317   0.0137125
         796    -7.21936    -7.21317   0.0136953
         797    -7.21876    -7.21318   0.0136781
         798    -7.21724    -7.21318   0.0136609
         799    -7.21676    -7.21319   0.0136438
         800    -7.21601    -7.21319   0.0136268
         801    -7.21566     -7.2132   0.0136098
         802    -7.21504     -7.2132   0.0135928
         803    -7.21482     -7.2132   0.0135759
         804    -7.21402     -7.2132    0.013559
         805    -7.21426     -7.2132   0.0135422
         806    -7.21392     -7.2132   0.0135254
         807    -7.21399     -7.2132   0.0135086
         808    -7.21349     -7.2132   0.0134919
         809    -7.21306     -7.2132   0.0134752
         810     -7.2124     -7.2132   0.0134586
         811    -7.21213     -7.2132    0.013442
         812    -7.21195     -7.2132   0.0134254
         813    -7.21218     -7.2132   0.0134089
         814    -7.21184     -7.2132   0.0133924
         815    -7.21256     -7.2132    0.013376
         816    -7.21304     -7.2132   0.0133596
         817    -7.21425     -7.2132   0.0133432
         818    -7.21522     -7.2132   0.0133269
         819    -7.21596     -7.2132   0.0133107
         820    -7.21678    -7.21321   0.0132944
         821    -7.21737    -7.21321   0.0132782
         822    -7.21836    -7.21322   0.0132621
         823    -7.21911    -7.21323    0.013246
         824    -7.21995    -7.21324   0.0132299
         825    -7.22086    -7.21324   0.0132139
         826    -7.22218    -7.21326   0.0131979
         827    -7.22454    -7.21327   0.0131819
         828    -7.22634    -7.21328    0.013166
         829    -7.22789     -7.2133   0.0131501
         830    -7.22951    -7.21332   0.0131343
         831    -7.23087    -7.21334   0.0131185
         832    -7.23262    -7.21337   0.0131028
         833    -7.23476    -7.21339   0.0130871
         834    -7.23696    -7.21342   0.0130714
         835    -7.23889    -7.21345   0.0130558
         836    -7.23991    -7.21348   0.0130402
         837    -7.24163    -7.21352   0.0130247
         838    -7.24404    -7.21355   0.0130092
         839    -7.24585    -7.21359   0.0129937
         840    -7.24802    -7.21363   0.0129783
         841    -7.24957    -7.21367    0.012963
         842    -7.25149    -7.21372   0.0129477
         843    -7.25375    -7.21377   0.0129324
         844    -7.25571    -7.21382   0.0129172
         845    -7.25769    -7.21387    0.012902
         846    -7.25968    -7.21392   0.0128868
         847    -7.26169    -7.21398   0.0128717
         848    -7.26337    -7.21404   0.0128567
         849    -7.26506     -7.2141   0.0128417
         850    -7.26868    -7.21416   0.0128268
         851    -7.27068    -7.21423   0.0128119
         852    -7.27137    -7.21429    0.012797
         853    -7.27432    -7.21437   0.0127822
         854    -7.27659    -7.21444   0.0127674
         855    -7.27884    -7.21451   0.0127527
         856    -7.28009    -7.21459    0.012738
         857    -7.28228    -7.21467   0.0127234
         858    -7.28443    -7.21475   0.0127089
         859    -7.28654    -7.21483   0.0126943
         860    -7.28828    -7.21492   0.0126799
         861     -7.2903    -7.21501   0.0126654
         862    -7.29194     -7.2151   0.0126511
         863    -7.29352    -7.21519   0.0126367
         864    -7.29538    -7.21528   0.0126224
         865    -7.29846    -7.21538   0.0126082
         866     -7.3002    -7.21547    0.012594
         867    -7.30154    -7.21557   0.0125799
         868    -7.30314    -7.21567   0.0125658
         869    -7.30403    -7.21578   0.0125518
         870     -7.3055    -7.21588   0.0125378
         871    -7.30786    -7.21598   0.0125238
         872    -7.30919    -7.21609   0.0125099
         873    -7.31045     -7.2162    0.012496
         874    -7.31163    -7.21631   0.0124822
         875    -7.31274    -7.21642   0.0124684
         876    -7.31442    -7.21653   0.0124547
         877    -7.31538    -7.21664    0.012441
         878    -7.31659    -7.21676   0.0124274
         879    -7.31773    -7.21687   0.0124138
         880    -7.31848    -7.21699   0.0124002
         881     -7.3185     -7.2171   0.0123867
         882    -7.31942    -7.21722   0.0123732
         883    -7.31963    -7.21733   0.0123597
         884     -7.3201    -7.21745   0.0123462
         885    -7.32114    -7.21757   0.0123329
         886    -7.32115    -7.21769   0.0123195
         887    -7.32141     -7.2178   0.0123062
         888    -7.32291    -7.21792   0.0122929
         889    -7.32306    -7.21804   0.0122796
         890    -7.32315    -7.21816   0.0122664
         891    -7.32286    -7.21827   0.0122532
         892    -7.32219    -7.21839     0.01224
         893    -7.32147    -7.21851   0.0122268
         894    -7.32167    -7.21862   0.0122137
         895    -7.32182    -7.21874   0.0122006
         896    -7.32095    -7.21885   0.0121875
         897    -7.32004    -7.21896   0.0121744
         898    -7.32039    -7.21908   0.0121614
         899     -7.3194    -7.21919   0.0121484
         900    -7.31838     -7.2193   0.0121354
         901    -7.31862    -7.21941   0.0121224
         902    -7.31785    -7.21952   0.0121095
         903    -7.31641    -7.21963   0.0120965
         904    -7.31592    -7.21973   0.0120836
         905    -7.31508    -7.21984   0.0120707
         906    -7.31454    -7.21994   0.0120579
         907     -7.3143    -7.22005    0.012045
         908    -7.31404    -7.22015   0.0120322
         909    -7.31312    -7.22025   0.0120194
         910     -7.3125    -7.22035   0.0120066
         911    -7.31252    -7.22045   0.0119939
         912    -7.31156    -7.22055   0.0119811
         913    -7.31059    -7.22065   0.0119684
         914    -7.31026    -7.22075   0.0119557
         915    -7.30992    -7.22085   0.0119431
         916    -7.30991    -7.22095   0.0119304
         917    -7.30925    -7.22104   0.0119178
         918    -7.30858    -7.22114   0.0119052
         919    -7.30792    -7.22123   0.0118926
         920    -7.30759    -7.22133   0.0118801
         921    -7.30759    -7.22142   0.0118675
         922    -7.30727    -7.22151    0.011855
         923    -7.30631     -7.2216   0.0118425
         924    -7.30504    -7.22169   0.0118301
         925    -7.30443    -7.22178   0.0118176
         926    -7.30383    -7.22187   0.0118052
         927    -7.30324    -7.22196   0.0117928
         928    -7.30266    -7.22205   0.0117804
         929     -7.3021    -7.22213    0.011768
         930    -7.30058    -7.22222   0.0117557
         931    -7.30004     -7.2223   0.0117433
         932    -7.29919    -7.22238    0.011731
         933    -7.29868    -7.22247   0.0117187
         934     -7.2985    -7.22255   0.0117065
         935    -7.29834    -7.22263   0.0116942
         936    -7.29786    -7.22271    0.011682
         937    -7.29772    -7.22279   0.0116698
         938    -7.29725    -7.22287   0.0116576
         939    -7.29712    -7.22295   0.0116455
         940    -7.29764    -7.22303   0.0116334
         941    -7.29687     -7.2231   0.0116213
         942    -7.29578    -7.22318   0.0116092
         943    -7.29501    -7.22326   0.0115971
         944    -7.29488    -7.22333   0.0115851
         945    -7.29442    -7.22341   0.0115731
         946    -7.29395    -7.22348   0.0115611
         947    -7.29282    -7.22356   0.0115491
         948    -7.29233    -7.22363   0.0115372
         949    -7.29215     -7.2237   0.0115252
         950    -7.29163    -7.22377   0.0115133
         951    -7.29044    -7.22384   0.0115014
         952    -7.29053    -7.22391   0.0114896
         953     -7.2893    -7.22398   0.0114777
         954    -7.28804    -7.22405   0.0114659
         955    -7.28708    -7.22412   0.0114541
         956     -7.2861    -7.22418   0.0114423
         957    -7.28605    -7.22424   0.0114305
         958      -7.285    -7.22431   0.0114187
         959    -7.28425    -7.22437    0.011407
         960    -7.28345    -7.22443   0.0113953
         961    -7.28294    -7.22449   0.0113836
         962    -7.28304    -7.22455   0.0113719
         963    -7.28213    -7.22461   0.0113603
         964    -7.28215    -7.22467   0.0113486
         965    -7.28181    -7.22473    0.011337
         966    -7.28013    -7.22479   0.0113254
         967    -7.27873    -7.22485   0.0113139
         968    -7.27761     -7.2249   0.0113023
         969    -7.27709    -7.22495   0.0112908
         970    -7.27524    -7.22501   0.0112793
         971    -7.27365    -7.22506   0.0112677
         972    -7.27202     -7.2251   0.0112563
         973    -7.27034    -7.22515   0.0112448
         974    -7.26991     -7.2252   0.0112333
         975    -7.26749    -7.22524   0.0112219
         976    -7.26535    -7.22528   0.0112105
         977    -7.26413    -7.22532   0.0111991
         978    -7.26286    -7.22536   0.0111877
         979    -7.26089     -7.2254   0.0111763
         980    -7.25952    -7.22543    0.011165
         981    -7.25777    -7.22546   0.0111536
         982     -7.2563    -7.22549   0.0111423
         983    -7.25413    -7.22552    0.011131
         984    -7.25288    -7.22555   0.0111197
         985    -7.25094    -7.22558   0.0111085
         986    -7.24894     -7.2256   0.0110972
         987     -7.2469    -7.22562    0.011086
         988    -7.24481    -7.22564   0.0110748
         989    -7.24331    -7.22566   0.0110636
         990    -7.24145    -7.22568   0.0110525
         991    -7.23857    -7.22569   0.0110413
         992    -7.23564     -7.2257   0.0110302
         993      -7.233    -7.22571   0.0110191
         994    -7.23063    -7.22571    0.011008
         995    -7.22822    -7.22571   0.0109969
         996    -7.22576    -7.22571   0.0109859
         997    -7.22327    -7.22571   0.0109749
         998    -7.22073    -7.22571   0.0109639
         999    -7.21751     -7.2257   0.0109529
        1000    -7.21491    -7.22569    0.010942
        1001    -7.21227    -7.22567   0.0109311
        1002    -7.20992    -7.22566   0.0109202
        1003    -7.20754    -7.22564   0.0109093
        1004    -7.20514    -7.22562   0.0108984
        1005    -7.20238     -7.2256   0.0108876
        1006    -7.19928    -7.22557   0.0108768
        1007    -7.19649    -7.22554   0.0108661
        1008    -7.19336    -7.22551   0.0108553
        1009    -7.18989    -7.22547   0.0108446
        1010    -7.18706    -7.22544    0.010834
        1011     -7.1839     -7.2254   0.0108233
        1012    -7.18139    -7.22535   0.0108127
        1013    -7.17856    -7.22531   0.0108021
        1014    -7.17573    -7.22526   0.0107916
        1015    -7.17292    -7.22521   0.0107811
        1016    -7.17044    -7.22515   0.0107706
        1017    -7.16799     -7.2251   0.0107602
        1018    -7.16524    -7.22504   0.0107498
        1019    -7.16252    -7.22497   0.0107394
        1020    -7.16016    -7.22491    0.010729
        1021    -7.15751    -7.22485   0.0107187
        1022    -7.15492    -7.22478   0.0107085
        1023    -7.15336    -7.22471   0.0106982
        1024    -7.15088    -7.22464    0.010688
        1025    -7.14847    -7.22456   0.0106779
        1026    -7.14646    -7.22448   0.0106677
        1027    -7.14454    -7.22441   0.0106576
        1028    -7.14269    -7.22433   0.0106475
        1029    -7.14062    -7.22425   0.0106375
        1030    -7.13865    -7.22416   0.0106275
        1031     -7.1371    -7.22408   0.0106175
        1032    -7.13535    -7.22399   0.0106076
        1033    -7.13371    -7.22391   0.0105977
        1034    -7.13154    -7.22382   0.0105878
        1035    -7.12983    -7.22372    0.010578
        1036    -7.12955    -7.22363   0.0105681
        1037    -7.12844    -7.22354   0.0105584
        1038    -7.12747    -7.22345   0.0105486
        1039    -7.12697    -7.22336   0.0105388
        1040    -7.12533    -7.22326   0.0105291
        1041    -7.12482    -7.22317   0.0105194
        1042    -7.12414    -7.22307   0.0105098
        1043    -7.12363    -7.22298   0.0105001
        1044    -7.12393    -7.22288   0.0104905
        1045     -7.1244    -7.22279   0.0104809
        1046    -7.12503     -7.2227   0.0104713
        1047    -7.12583     -7.2226   0.0104617
        1048    -7.12648    -7.22251   0.0104521
        1049     -7.1273    -7.22242   0.0104425
        1050    -7.12828    -7.22233    0.010433
        1051    -7.12976    -7.22224   0.0104234
        1052    -7.13108    -7.22216   0.0104139
        1053    -7.13224    -7.22207   0.0104043
        1054    -7.13453    -7.22199   0.0103948
        1055    -7.13601    -7.22191   0.0103853
        1056    -7.13829    -7.22183   0.0103757
        1057    -7.14008    -7.22175   0.0103662
        1058    -7.14233    -7.22167   0.0103567
        1059    -7.14506     -7.2216   0.0103472
        1060    -7.14695    -7.22153   0.0103376
        1061    -7.14963    -7.22146   0.0103281
        1062    -7.15242     -7.2214   0.0103186
        1063    -7.15534    -7.22134   0.0103091
        1064    -7.15838    -7.22128   0.0102995
        1065    -7.16184    -7.22122     0.01029
        1066    -7.16573    -7.22117   0.0102805
        1067    -7.16907    -7.22112    0.010271
        1068    -7.17283    -7.22108   0.0102615
        1069    -7.17634    -7.22103    0.010252
        1070     -7.1796    -7.22099   0.0102424
        1071     -7.1839    -7.22096   0.0102329
        1072    -7.18827    -7.22093   0.0102234
        1073    -7.19107     -7.2209    0.010214
        1074    -7.19555    -7.22088   0.0102045
        1075    -7.19974    -7.22086    0.010195
        1076    -7.20364    -7.22084   0.0101855
        1077    -7.20757    -7.22083   0.0101761
        1078    -7.21185    -7.22082   0.0101666
        1079    -7.21647    -7.22082   0.0101572
        1080    -7.21981    -7.22082   0.0101478
        1081    -7.22315    -7.22082   0.0101384
        1082    -7.22682    -7.22082   0.0101291
        1083     -7.2308    -7.22083   0.0101197
        1084    -7.23445    -7.22085   0.0101104
        1085     -7.2384    -7.22086   0.0101011
        1086    -7.24266    -7.22088   0.0100918
        1087    -7.24657    -7.22091   0.0100825
        1088    -7.24981    -7.22093   0.0100733
        1089    -7.25365    -7.22096   0.0100641
        1090    -7.25681      -7.221   0.0100549
        1091    -7.26058    -7.22103   0.0100458
        1092    -7.26463    -7.22107   0.0100367
        1093    -7.26863    -7.22112   0.0100276
        1094    -7.27226    -7.22116   0.0100185
        1095    -7.27551    -7.22121   0.0100095
        1096    -7.27967    -7.22127   0.0100005
        1097    -7.28312    -7.22132  0.00999154
        1098    -7.28652    -7.22138  0.00998262
        1099    -7.28984    -7.22144  0.00997373
        1100    -7.29246    -7.22151  0.00996487
        1101    -7.29533    -7.22157  0.00995604
        1102    -7.29781    -7.22164  0.00994725
        1103    -7.30086    -7.22172  0.00993849
        1104    -7.30384    -7.22179  0.00992977
        1105    -7.30739    -7.22187  0.00992108
        1106    -7.31055    -7.22195  0.00991244
        1107    -7.31329    -7.22203  0.00990383
        1108    -7.31596    -7.22212  0.00989525
        1109    -7.31758     -7.2222   0.0098867
        1110    -7.31976    -7.22229  0.00987819
        1111    -7.32218    -7.22238   0.0098697
        1112    -7.32451    -7.22247  0.00986126
        1113    -7.32644    -7.22256  0.00985284
        1114    -7.32859    -7.22266  0.00984445
        1115    -7.33034    -7.22276   0.0098361
        1116    -7.33134    -7.22285  0.00982777
        1117    -7.33323    -7.22295  0.00981946
        1118     -7.3347    -7.22305  0.00981119
        1119    -7.33704    -7.22315  0.00980295
        1120    -7.33863    -7.22326  0.00979474
        1121    -7.33948    -7.22336  0.00978655
        1122    -7.33991    -7.22346  0.00977838
        1123    -7.34152    -7.22357  0.00977024
        1124    -7.34303    -7.22368  0.00976212
        1125    -7.34411    -7.22378  0.00975403
        1126    -7.34509    -7.22389  0.00974597
        1127    -7.34627      -7.224  0.00973792
        1128    -7.34799    -7.22411  0.00972991
        1129     -7.3483    -7.22422  0.00972191
        1130    -7.34947    -7.22433  0.00971394
        1131     -7.3502    -7.22444  0.00970599
        1132    -7.35049    -7.22455  0.00969806
        1133    -7.35065    -7.22466  0.00969013
        1134    -7.35101    -7.22478  0.00968223
        1135    -7.35092    -7.22489  0.00967434
        1136    -7.35136      -7.225  0.00966646
        1137    -7.35102    -7.22511  0.00965859
        1138    -7.35055    -7.22522  0.00965074
        1139    -7.35059    -7.22533  0.00964289
        1140     -7.3505    -7.22544  0.00963506
        1141    -7.34996    -7.22555  0.00962723
        1142    -7.34895    -7.22566  0.00961941
        1143    -7.34781    -7.22576  0.00961159
        1144    -7.34653    -7.22587  0.00960376
        1145    -7.34478    -7.22597  0.00959594
        1146    -7.34354    -7.22608  0.00958811
        1147    -7.34184    -7.22618  0.00958028
        1148       -7.34    -7.22628  0.00957245
        1149    -7.33769    -7.22637  0.00956461
        1150    -7.33622    -7.22647  0.00955677
        1151    -7.33428    -7.22656  0.00954893
        1152    -7.33092    -7.22665  0.00954107
        1153    -7.32838    -7.22674   0.0095332
        1154    -7.32572    -7.22683  0.00952533
        1155    -7.32291    -7.22691  0.00951744
        1156    -7.32029    -7.22699  0.00950955
        1157    -7.31755    -7.22707  0.00950166
        1158    -7.31434    -7.22714  0.00949375
        1159    -7.31231    -7.22722  0.00948584
        1160    -7.30917    -7.22729  0.00947793
        1161    -7.30559    -7.22736     0.00947
        1162    -7.30189    -7.22742  0.00946207
        1163    -7.29774    -7.22748  0.00945413
        1164     -7.2951    -7.22754  0.00944619
        1165    -7.29072    -7.22759  0.00943823
        1166    -7.28689    -7.22764  0.00943027
        1167    -7.28295    -7.22769  0.00942231
        1168    -7.27729    -7.22773  0.00941434
        1169    -7.27283    -7.22777  0.00940637
        1170    -7.26764    -7.22781  0.00939839
        1171    -7.26268    -7.22784  0.00939041
        1172    -7.25861    -7.22786  0.00938244
        1173    -7.25447    -7.22788  0.00937446
        1174    -7.24961     -7.2279   0.0093665
        1175    -7.24437    -7.22792  0.00935854
        1176    -7.23906    -7.22793  0.00935058
        1177    -7.23371    -7.22793  0.00934264
        1178    -7.22896    -7.22793  0.00933471
        1179    -7.22321    -7.22793  0.00932679
        1180     -7.2184    -7.22792  0.00931889
        1181    -7.21259    -7.22791  0.00931101
        1182    -7.20839    -7.22789  0.00930315
        1183    -7.20354    -7.22787  0.00929531
        1184    -7.19902    -7.22785  0.00928749
        1185    -7.19386    -7.22782  0.00927969
        1186    -7.18872    -7.22778  0.00927193
        1187    -7.18394    -7.22775  0.00926419
        1188    -7.17886    -7.22771  0.00925648
        1189    -7.17449    -7.22766  0.00924881
        1190    -7.16984    -7.22761  0.00924116
        1191    -7.16461    -7.22756  0.00923355
        1192    -7.16011     -7.2275  0.00922598
        1193    -7.15536    -7.22744  0.00921845
        1194    -7.15038    -7.22738  0.00921095
        1195    -7.14648    -7.22731  0.00920349
        1196    -7.14203    -7.22724  0.00919607
        1197    -7.13739    -7.22716   0.0091887
        1198    -7.13254    -7.22708  0.00918137
        1199    -7.12849      -7.227  0.00917408
        1200    -7.12458    -7.22692  0.00916683
        1201    -7.12114    -7.22683  0.00915962
        1202    -7.11722    -7.22674  0.00915245
        1203    -7.11379    -7.22664  0.00914533
        1204    -7.11054    -7.22655  0.00913824
        1205    -7.10715    -7.22645  0.00913119
        1206    -7.10428    -7.22635  0.00912418
        1207    -7.10192    -7.22624  0.00911721
        1208    -7.09944    -7.22614  0.00911026
        1209    -7.09716    -7.22603  0.00910335
        1210    -7.09445    -7.22592  0.00909648
        1211    -7.09261    -7.22581  0.00908963
        1212    -7.09001     -7.2257  0.00908282
        1213    -7.08828    -7.22559  0.00907604
        1214    -7.08678    -7.22547  0.00906929
        1215    -7.08615    -7.22536  0.00906255
        1216    -7.08576    -7.22524  0.00905582
        1217    -7.08527    -7.22513  0.00904911
        1218    -7.08468    -7.22501  0.00904242
        1219    -7.08466     -7.2249  0.00903573
        1220    -7.08453    -7.22478  0.00902906
        1221    -7.08464    -7.22467  0.00902239
        1222     -7.0853    -7.22456  0.00901573
        1223    -7.08553    -7.22444  0.00900907
        1224    -7.08631    -7.22433  0.00900242
        1225    -7.08762    -7.22422  0.00899576
        1226    -7.08916    -7.22411   0.0089891
        1227     -7.0909      -7.224  0.00898243
        1228    -7.09349    -7.22389  0.00897574
        1229    -7.09596    -7.22379  0.00896904
        1230    -7.09863    -7.22369  0.00896233
        1231    -7.10116    -7.22359   0.0089556
        1232    -7.10323    -7.22349  0.00894887
        1233    -7.10612    -7.22339  0.00894211
        1234    -7.10885     -7.2233  0.00893535
        1235    -7.11142    -7.22321  0.00892857
        1236    -7.11446    -7.22312  0.00892178
        1237    -7.11798    -7.22304  0.00891498
        1238    -7.12163    -7.22296  0.00890815
        1239    -7.12574    -7.22288  0.00890131
        1240    -7.12965     -7.2228  0.00889445
        1241    -7.13431    -7.22273  0.00888756
        1242    -7.13843    -7.22266  0.00888067
        1243    -7.14265     -7.2226  0.00887376
        1244    -7.14695    -7.22254  0.00886683
        1245    -7.15004    -7.22248   0.0088599
        1246    -7.15417    -7.22242  0.00885296
        1247    -7.15868    -7.22237  0.00884601
        1248    -7.16357    -7.22233  0.00883905
        1249     -7.1685    -7.22228  0.00883207
        1250    -7.17347    -7.22224  0.00882509
        1251    -7.17846    -7.22221  0.00881811
        1252    -7.18348    -7.22218  0.00881112
        1253    -7.18753    -7.22215  0.00880413
        1254    -7.19288    -7.22213  0.00879714
        1255    -7.19726    -7.22211  0.00879015
        1256    -7.20129    -7.22209  0.00878317
        1257    -7.20596    -7.22208  0.00877619
        1258    -7.20995    -7.22207  0.00876922
        1259    -7.21424    -7.22206  0.00876226
        1260    -7.21849    -7.22206  0.00875531
        1261    -7.22333    -7.22206  0.00874836
        1262    -7.22781    -7.22206  0.00874143
        1263     -7.2319    -7.22207  0.00873451
        1264    -7.23658    -7.22208  0.00872761
        1265    -7.24022     -7.2221  0.00872072
        1266    -7.24444    -7.22212  0.00871385
        1267    -7.24825    -7.22214    0.008707
        1268     -7.2536    -7.22216  0.00870017
        1269     -7.2579    -7.22219  0.00869336
        1270    -7.26146    -7.22222  0.00868657
        1271    -7.26525    -7.22225   0.0086798
        1272    -7.26927    -7.22229  0.00867305
        1273    -7.27383    -7.22233  0.00866634
        1274    -7.27798    -7.22238  0.00865964
        1275    -7.28105    -7.22242  0.00865297
        1276    -7.28434    -7.22247  0.00864633
        1277    -7.28752    -7.22252  0.00863971
        1278    -7.29092    -7.22257  0.00863311
        1279    -7.29388    -7.22263  0.00862654
        1280    -7.29674    -7.22269     0.00862
        1281    -7.29851    -7.22275  0.00861347
        1282    -7.30146    -7.22281  0.00860697
        1283    -7.30334    -7.22287  0.00860049
        1284    -7.30542    -7.22294  0.00859404
        1285    -7.30804      -7.223   0.0085876
        1286    -7.30989    -7.22307  0.00858119
        1287    -7.31228    -7.22314   0.0085748
        1288    -7.31424    -7.22321  0.00856844
        1289    -7.31576    -7.22328  0.00856209
        1290    -7.31717    -7.22335  0.00855576
        1291    -7.31879    -7.22343  0.00854945
        1292    -7.31997     -7.2235  0.00854316
        1293    -7.32234    -7.22358   0.0085369
        1294    -7.32428    -7.22366  0.00853066
        1295    -7.32514    -7.22374  0.00852443
        1296    -7.32589    -7.22381  0.00851822
        1297    -7.32783    -7.22389  0.00851203
        1298    -7.32838    -7.22397  0.00850585
        1299    -7.32979    -7.22406  0.00849969
        1300    -7.33078    -7.22414  0.00849355
        1301    -7.33069    -7.22422  0.00848741
        1302    -7.33148     -7.2243   0.0084813
        1303    -7.33217    -7.22439  0.00847519
        1304    -7.33243    -7.22447   0.0084691
        1305    -7.33325    -7.22455  0.00846302
        1306    -7.33268    -7.22463  0.00845694
        1307    -7.33396    -7.22472  0.00845088
        1308    -7.33384     -7.2248  0.00844484
        1309    -7.33364    -7.22488  0.00843879
        1310    -7.33431    -7.22497  0.00843277
        1311    -7.33457    -7.22505  0.00842675
        1312    -7.33409    -7.22514  0.00842073
        1313    -7.33385    -7.22522  0.00841473
        1314    -7.33319     -7.2253  0.00840873
        1315    -7.33244    -7.22538  0.00840273
        1316    -7.33161    -7.22546  0.00839673
        1317    -7.33101    -7.22554  0.00839074
        1318    -7.32968    -7.22562  0.00838474
        1319    -7.32859     -7.2257  0.00837875
        1320    -7.32709    -7.22578  0.00837275
        1321    -7.32615    -7.22585  0.00836676
        1322    -7.32481    -7.22593  0.00836076
        1323     -7.3237      -7.226  0.00835477
        1324    -7.32219    -7.22607  0.00834878
        1325    -7.32028    -7.22614  0.00834278
        1326     -7.3186    -7.22621  0.00833678
        1327    -7.31749    -7.22628  0.00833078
        1328    -7.31533    -7.22635  0.00832478
        1329     -7.3131    -7.22642  0.00831877
        1330     -7.3111    -7.22648  0.00831276
        1331    -7.30774    -7.22654  0.00830674
        1332    -7.30527     -7.2266  0.00830071
        1333    -7.30304    -7.22666  0.00829468
        1334    -7.30074    -7.22671  0.00828865
        1335    -7.29902    -7.22677  0.00828262
        1336    -7.29592    -7.22682  0.00827658
        1337    -7.29308    -7.22687  0.00827054
        1338    -7.29048    -7.22692  0.00826449
        1339    -7.28749    -7.22696  0.00825844
        1340    -7.28507      -7.227   0.0082524
        1341    -7.28226    -7.22705  0.00824634
        1342    -7.27906    -7.22708  0.00824029
        1343    -7.27611    -7.22712  0.00823424
        1344    -7.27309    -7.22715  0.00822818
        1345    -7.27032    -7.22719  0.00822213
        1346    -7.26814    -7.22722  0.00821607
        1347    -7.26491    -7.22725  0.00821002
        1348    -7.26195    -7.22727  0.00820397
        1349    -7.25795    -7.22729  0.00819792
        1350    -7.25453    -7.22731  0.00819187
        1351    -7.25072    -7.22733  0.00818583
        1352    -7.24653    -7.22735  0.00817979
        1353    -7.24292    -7.22736  0.00817375
        1354    -7.23925    -7.22737  0.00816772
        1355    -7.23585    -7.22737  0.00816169
        1356    -7.23174    -7.22738  0.00815567
        1357     -7.2279    -7.22738  0.00814966
        1358    -7.22432    -7.22737  0.00814366
        1359    -7.22004    -7.22737  0.00813767
        1360    -7.21571    -7.22736  0.00813169
        1361    -7.21197    -7.22735  0.00812572
        1362    -7.20786    -7.22733  0.00811977
        1363    -7.20338    -7.22732  0.00811383
        1364    -7.19885     -7.2273  0.00810791
        1365    -7.19492    -7.22727  0.00810201
        1366     -7.1903    -7.22724  0.00809612
        1367    -7.18531    -7.22721  0.00809026
        1368    -7.18029    -7.22718  0.00808441
        1369    -7.17555    -7.22714   0.0080786
        1370     -7.1711     -7.2271   0.0080728
        1371    -7.16661    -7.22706  0.00806704
        1372     -7.1621    -7.22701   0.0080613
        1373    -7.15723    -7.22696  0.00805558
        1374    -7.15331     -7.2269   0.0080499
        1375    -7.14872    -7.22685  0.00804425
        1376    -7.14444    -7.22679  0.00803862
        1377    -7.13949    -7.22672  0.00803304
        1378    -7.13454    -7.22666  0.00802748
        1379    -7.12989    -7.22659  0.00802197
        1380    -7.12427    -7.22651   0.0080165
        1381    -7.11962    -7.22644  0.00801107
        1382    -7.11497    -7.22636  0.00800568
        1383    -7.11098    -7.22627  0.00800032
        1384    -7.10602    -7.22619  0.00799501
        1385     -7.1014     -7.2261  0.00798975
        1386    -7.09647      -7.226  0.00798453
        1387    -7.09156     -7.2259  0.00797936
        1388    -7.08733     -7.2258  0.00797424
        1389    -7.08248     -7.2257  0.00796917
        1390    -7.07831     -7.2256  0.00796414
        1391    -7.07386    -7.22549  0.00795916
        1392    -7.06913    -7.22537  0.00795423
        1393    -7.06607    -7.22526  0.00794935
        1394     -7.0621    -7.22514  0.00794451
        1395    -7.05754    -7.22502  0.00793972
        1396    -7.05337     -7.2249  0.00793498
        1397    -7.04959    -7.22477   0.0079303
        1398    -7.04589    -7.22465  0.00792566
        1399    -7.04292    -7.22452  0.00792106
        1400    -7.03907    -7.22438   0.0079165
        1401      -7.035    -7.22425  0.00791201
        1402    -7.03134    -7.22411  0.00790756
        1403     -7.0278    -7.22397  0.00790316
        1404    -7.02437    -7.22383  0.00789881
        1405    -7.02106    -7.22368  0.00789451
        1406    -7.01754    -7.22354  0.00789026
        1407    -7.01417    -7.22339  0.00788605
        1408    -7.01125    -7.22324  0.00788189
        1409    -7.00783    -7.22309  0.00787778
        1410    -7.00553    -7.22293   0.0078737
        1411    -7.00338    -7.22278  0.00786966
        1412    -7.00108    -7.22262  0.00786565
        1413    -6.99894    -7.22246  0.00786168
        1414    -6.99698     -7.2223  0.00785773
        1415    -6.99584    -7.22214  0.00785381
        1416    -6.99423    -7.22198  0.00784991
        1417    -6.99347    -7.22182  0.00784603
        1418    -6.99192    -7.22166  0.00784217
        1419    -6.99122    -7.22149  0.00783833
        1420    -6.99072    -7.22133  0.00783449
        1421    -6.98913    -7.22117  0.00783068
        1422    -6.98808      -7.221  0.00782689
        1423    -6.98821    -7.22084   0.0078231
        1424    -6.98758    -7.22068  0.00781932
        1425    -6.98749    -7.22051  0.00781555
        1426     -6.9873    -7.22035  0.00781178
        1427     -6.9883    -7.22019  0.00780799
        1428    -6.98854    -7.22002  0.00780421
        1429    -6.98966    -7.21986  0.00780041
        1430      -6.991     -7.2197   0.0077966
        1431    -6.99256    -7.21954  0.00779277
        1432    -6.99401    -7.21939  0.00778892
        1433    -6.99665    -7.21923  0.00778503
        1434    -6.99887    -7.21908  0.00778112
        1435    -7.00098    -7.21893  0.00777718
        1436    -7.00298    -7.21878  0.00777322
        1437    -7.00551    -7.21863  0.00776923
        1438    -7.00825    -7.21848   0.0077652
        1439    -7.01185    -7.21834  0.00776113
        1440    -7.01499     -7.2182  0.00775703
        1441    -7.01898    -7.21806  0.00775288
        1442    -7.02349    -7.21792  0.00774867
        1443    -7.02754    -7.21779  0.00774443
        1444    -7.03177    -7.21766  0.00774014
        1445    -7.03618    -7.21754   0.0077358
        1446    -7.04108    -7.21741  0.00773141
        1447    -7.04616     -7.2173  0.00772697
        1448    -7.05107    -7.21718  0.00772249
        1449    -7.05581    -7.21707  0.00771796
        1450    -7.06103    -7.21696  0.00771339
        1451     -7.0664    -7.21686  0.00770877
        1452    -7.07125    -7.21676  0.00770412
        1453    -7.07688    -7.21666  0.00769942
        1454    -7.08232    -7.21657  0.00769467
        1455     -7.0882    -7.21648  0.00768989
        1456    -7.09517     -7.2164  0.00768506
        1457    -7.10193    -7.21632  0.00768019
        1458    -7.10813    -7.21625  0.00767528
        1459    -7.11444    -7.21618  0.00767034
        1460    -7.12148    -7.21611  0.00766536
        1461    -7.12795    -7.21605  0.00766035
        1462    -7.13418    -7.21599  0.00765531
        1463    -7.14048    -7.21594  0.00765025
        1464    -7.14749     -7.2159  0.00764517
        1465    -7.15488    -7.21585  0.00764007
        1466    -7.16233    -7.21582  0.00763494
        1467    -7.16885    -7.21579   0.0076298
        1468    -7.17605    -7.21576  0.00762466
        1469    -7.18297    -7.21574   0.0076195
        1470    -7.18958    -7.21572  0.00761434
        1471    -7.19687    -7.21571  0.00760917
        1472    -7.20417     -7.2157    0.007604
        1473     -7.2118     -7.2157  0.00759884
        1474    -7.21814     -7.2157  0.00759369
        1475    -7.22481     -7.2157  0.00758854
        1476     -7.2321    -7.21571  0.00758341
        1477    -7.23939    -7.21573  0.00757829
        1478    -7.24632    -7.21575  0.00757319
        1479    -7.25323    -7.21578  0.00756811
        1480    -7.26011    -7.21581  0.00756306
        1481    -7.26727    -7.21584  0.00755803
        1482    -7.27374    -7.21588  0.00755303
        1483    -7.27983    -7.21592  0.00754806
        1484    -7.28619    -7.21597  0.00754313
        1485    -7.29281    -7.21602  0.00753822
        1486    -7.29969    -7.21608  0.00753336
        1487    -7.30649    -7.21614  0.00752854
        1488    -7.31354    -7.21621  0.00752377
        1489    -7.32019    -7.21628  0.00751904
        1490    -7.32675    -7.21635  0.00751436
        1491    -7.33322    -7.21643  0.00750973
        1492    -7.33993    -7.21651  0.00750515
        1493    -7.34523     -7.2166  0.00750062
        1494    -7.35043    -7.21669  0.00749613
        1495    -7.35584    -7.21678  0.00749169
        1496    -7.36113    -7.21688  0.00748731
        1497    -7.36696    -7.21698  0.00748298
        1498    -7.37298    -7.21708  0.00747871
        1499    -7.37855    -7.21719  0.00747449
        1500    -7.38335     -7.2173  0.00747033
        1501    -7.38833    -7.21741  0.00746622
        1502    -7.39284    -7.21753  0.00746217
        1503    -7.39722    -7.21765  0.00745816
        1504    -7.40177    -7.21777   0.0074542
        1505     -7.4065     -7.2179  0.00745031
        1506    -7.41075    -7.21802  0.00744646
        1507    -7.41516    -7.21816  0.00744267
        1508    -7.41909    -7.21829  0.00743892
        1509    -7.42254    -7.21842  0.00743523
        1510    -7.42615    -7.21856  0.00743157
        1511    -7.42958     -7.2187  0.00742797
        1512    -7.43285    -7.21884  0.00742441
        1513    -7.43627    -7.21899  0.00742089
        1514    -7.43952    -7.21913  0.00741742
        1515    -7.44259    -7.21928  0.00741399
        1516    -7.44484    -7.21943  0.00741059
        1517    -7.44755    -7.21958  0.00740723
        1518    -7.45009    -7.21973  0.00740391
        1519    -7.45179    -7.21988  0.00740061
        1520    -7.45363    -7.22004  0.00739734
        1521    -7.45497    -7.22019  0.00739409
        1522    -7.45645    -7.22035  0.00739086
        1523    -7.45871     -7.2205  0.00738766
        1524    -7.46014    -7.22066  0.00738449
        1525    -7.46073    -7.22082  0.00738132
        1526    -7.46244    -7.22098  0.00737818
        1527    -7.46298    -7.22114  0.00737505
        1528    -7.46301    -7.22129  0.00737193
        1529    -7.46318    -7.22145   0.0073688
        1530    -7.46187    -7.22161  0.00736566
        1531    -7.46135    -7.22177  0.00736251
        1532    -7.46063    -7.22192  0.00735936
        1533    -7.46006    -7.22208   0.0073562
        1534     -7.4593    -7.22223  0.00735303
        1535    -7.45869    -7.22239  0.00734985
        1536    -7.45757    -7.22254  0.00734666
        1537    -7.45594    -7.22269  0.00734345
        1538    -7.45445    -7.22284  0.00734022
        1539    -7.45279    -7.22299  0.00733697
        1540    -7.45062    -7.22314   0.0073337
        1541    -7.44893    -7.22328   0.0073304
        1542    -7.44674    -7.22343  0.00732708
        1543    -7.44406    -7.22357  0.00732373
        1544    -7.44088    -7.22371  0.00732034
        1545    -7.43722    -7.22385   0.0073169
        1546    -7.43437    -7.22399  0.00731344
        1547    -7.43104    -7.22412  0.00730993
        1548    -7.42787    -7.22425   0.0073064
        1549    -7.42454    -7.22438  0.00730282
        1550    -7.42074    -7.22451  0.00729921
        1551    -7.41679    -7.22463  0.00729556
        1552    -7.41303    -7.22475  0.00729187
        1553    -7.40847    -7.22487  0.00728813
        1554    -7.40475    -7.22499  0.00728436
        1555    -7.40058     -7.2251  0.00728055
        1556    -7.39628    -7.22521   0.0072767
        1557    -7.39217    -7.22532  0.00727282
        1558    -7.38763    -7.22542   0.0072689
        1559    -7.38297    -7.22552  0.00726494
        1560    -7.37852    -7.22562  0.00726094
        1561    -7.37332    -7.22572  0.00725691
        1562    -7.36867    -7.22581  0.00725284
        1563    -7.36328     -7.2259  0.00724873
        1564    -7.35877    -7.22598  0.00724459
        1565    -7.35386    -7.22606  0.00724043
        1566    -7.34886    -7.22614  0.00723623
        1567    -7.34316    -7.22622  0.00723199
        1568    -7.33738    -7.22629  0.00722773
        1569    -7.33252    -7.22635  0.00722344
        1570    -7.32664    -7.22642  0.00721912
        1571    -7.32071    -7.22648  0.00721478
        1572     -7.3154    -7.22654  0.00721041
        1573     -7.3094    -7.22659  0.00720602
        1574    -7.30338    -7.22664   0.0072016
        1575    -7.29735    -7.22668  0.00719717
        1576    -7.29163    -7.22672  0.00719272
        1577    -7.28591    -7.22676  0.00718826
        1578    -7.28051    -7.22679  0.00718378
        1579    -7.27481    -7.22682   0.0071793
        1580    -7.26913    -7.22685   0.0071748
        1581     -7.2638    -7.22687   0.0071703
        1582    -7.25884     -7.2269   0.0071658
        1583    -7.25262    -7.22691  0.00716129
        1584    -7.24678    -7.22692  0.00715678
        1585      -7.241    -7.22693  0.00715227
        1586    -7.23529    -7.22694  0.00714777
        1587    -7.22999    -7.22694  0.00714326
        1588    -7.22509    -7.22694  0.00713876
        1589    -7.21996    -7.22693  0.00713427
        1590    -7.21492    -7.22693  0.00712979
        1591    -7.21064    -7.22692  0.00712531
        1592    -7.20615     -7.2269  0.00712085
        1593    -7.20113    -7.22689   0.0071164
        1594    -7.19689    -7.22687  0.00711196
        1595    -7.19213    -7.22685  0.00710753
        1596    -7.18783    -7.22682  0.00710312
        1597    -7.18335     -7.2268  0.00709873
        1598     -7.1787    -7.22676  0.00709435
        1599     -7.1755    -7.22673  0.00708998
        1600    -7.17181     -7.2267  0.00708564
        1601    -7.16894    -7.22666   0.0070813
        1602    -7.16526    -7.22662  0.00707699
        1603    -7.16208    -7.22658  0.00707269
        1604    -7.15842    -7.22654   0.0070684
        1605    -7.15592     -7.2265  0.00706414
        1606    -7.15327    -7.22645  0.00705989
        1607    -7.15081     -7.2264  0.00705565
        1608    -7.14885    -7.22636  0.00705143
        1609    -7.14644    -7.22631  0.00704722
        1610    -7.14388    -7.22626  0.00704303
        1611    -7.14216     -7.2262  0.00703885
        1612    -7.14095    -7.22615  0.00703468
        1613     -7.1396     -7.2261  0.00703052
        1614    -7.13811    -7.22604  0.00702638
        1615    -7.13713    -7.22599  0.00702224
        1616    -7.13569    -7.22593  0.00701812
        1617    -7.13507    -7.22588  0.00701401
        1618    -7.13527    -7.22582   0.0070099
        1619    -7.13467    -7.22576  0.00700579
        1620     -7.1349    -7.22571  0.00700169
        1621    -7.13302    -7.22565  0.00699761
        1622     -7.1339    -7.22559  0.00699352
        1623    -7.13429    -7.22554  0.00698944
        1624    -7.13516    -7.22548  0.00698535
        1625    -7.13585    -7.22543  0.00698127
        1626    -7.13668    -7.22537  0.00697719
        1627    -7.13863    -7.22532  0.00697311
        1628    -7.13973    -7.22527  0.00696902
        1629    -7.14064    -7.22521  0.00696494
        1630    -7.14167    -7.22516  0.00696086
        1631    -7.14281    -7.22511  0.00695677
        1632    -7.14407    -7.22506  0.00695268
        1633    -7.14575    -7.22501   0.0069486
        1634    -7.14785    -7.22497   0.0069445
        1635     -7.1494    -7.22492  0.00694041
        1636    -7.15104    -7.22488  0.00693632
        1637    -7.15307    -7.22483  0.00693222
        1638    -7.15518    -7.22479  0.00692812
        1639    -7.15736    -7.22475  0.00692401
        1640    -7.15993    -7.22471   0.0069199
        1641    -7.16255    -7.22467  0.00691579
        1642    -7.16554    -7.22463  0.00691167
        1643    -7.16794     -7.2246  0.00690755
        1644    -7.17005    -7.22457  0.00690343
        1645     -7.1722    -7.22453   0.0068993
        1646    -7.17469     -7.2245  0.00689518
        1647    -7.17722    -7.22448  0.00689105
        1648    -7.18009    -7.22445  0.00688692
        1649    -7.18297    -7.22442  0.00688279
        1650    -7.18522     -7.2244  0.00687866
        1651    -7.18813    -7.22438  0.00687453
        1652    -7.19104    -7.22436   0.0068704
        1653     -7.1933    -7.22434  0.00686627
        1654    -7.19621    -7.22432  0.00686214
        1655    -7.19846    -7.22431  0.00685801
        1656     -7.2007    -7.22429  0.00685388
        1657     -7.2026    -7.22428  0.00684976
        1658    -7.20449    -7.22427  0.00684564
        1659    -7.20765    -7.22426  0.00684152
        1660    -7.21014    -7.22425   0.0068374
        1661    -7.21326    -7.22424  0.00683329
        1662    -7.21667    -7.22424  0.00682918
        1663    -7.21876    -7.22423  0.00682508
        1664    -7.22115    -7.22423  0.00682097
        1665    -7.22317    -7.22423  0.00681688
        1666    -7.22581    -7.22423  0.00681279
        1667    -7.22842    -7.22423   0.0068087
        1668    -7.23066    -7.22424  0.00680462
        1669    -7.23287    -7.22424  0.00680054
        1670    -7.23503    -7.22425  0.00679647
        1671    -7.23781    -7.22426  0.00679241
        1672    -7.23989    -7.22427  0.00678836
        1673    -7.24096    -7.22428  0.00678431
        1674    -7.24329    -7.22429  0.00678026
        1675    -7.24492     -7.2243  0.00677623
        1676     -7.2465    -7.22431   0.0067722
        1677    -7.24869    -7.22433  0.00676817
        1678    -7.25084    -7.22435  0.00676416
        1679    -7.25229    -7.22436  0.00676015
        1680    -7.25337    -7.22438  0.00675615
        1681    -7.25505     -7.2244  0.00675215
        1682    -7.25668    -7.22442  0.00674817
        1683    -7.25892    -7.22444  0.00674419
        1684    -7.26014    -7.22446  0.00674022
        1685    -7.26164    -7.22448  0.00673625
        1686    -7.26341     -7.2245   0.0067323
        1687    -7.26385    -7.22453  0.00672835
        1688    -7.26554    -7.22455   0.0067244
        1689    -7.26816    -7.22458  0.00672047
        1690    -7.26976     -7.2246  0.00671655
        1691    -7.27132    -7.22463  0.00671263
        1692    -7.27252    -7.22466  0.00670873
        1693    -7.27335    -7.22469  0.00670482
        1694    -7.27446    -7.22472  0.00670093
        1695    -7.27617    -7.22475  0.00669705
        1696     -7.2772    -7.22478  0.00669317
        1697    -7.27916    -7.22481   0.0066893
        1698    -7.28012    -7.22484  0.00668544
        1699    -7.28135    -7.22488  0.00668159
        1700    -7.28191    -7.22491  0.00667774
        1701    -7.28242    -7.22494   0.0066739
        1702    -7.28388    -7.22498  0.00667007
        1703    -7.28498    -7.22501  0.00666625
        1704     -7.2854    -7.22505  0.00666243
        1705    -7.28611    -7.22509  0.00665862
        1706    -7.28711    -7.22512  0.00665482
        1707    -7.28743    -7.22516  0.00665102
        1708     -7.2874    -7.22519  0.00664722
        1709    -7.28832    -7.22523  0.00664344
        1710    -7.28855    -7.22527  0.00663965
        1711    -7.28844    -7.22531  0.00663588
        1712    -7.28895    -7.22534   0.0066321
        1713    -7.28943    -7.22538  0.00662834
        1714    -7.28924    -7.22542  0.00662458
        1715    -7.28935    -7.22545  0.00662082
        1716    -7.28911    -7.22549  0.00661706
        1717     -7.2895    -7.22553  0.00661331
        1718    -7.28986    -7.22557  0.00660957
        1719     -7.2902     -7.2256  0.00660583
        1720    -7.29051    -7.22564   0.0066021
        1721     -7.2908    -7.22568  0.00659837
        1722    -7.29106    -7.22572  0.00659465
        1723    -7.29098    -7.22576  0.00659093
        1724    -7.29184    -7.22579  0.00658722
        1725    -7.29236    -7.22583  0.00658351
        1726    -7.29253    -7.22587  0.00657981
        1727    -7.29202    -7.22591  0.00657611
        1728    -7.29182    -7.22595  0.00657242
        1729    -7.29127    -7.22599  0.00656873
        1730    -7.29198    -7.22602  0.00656504
        1731     -7.2917    -7.22606  0.00656136
        1732    -7.29107     -7.2261  0.00655768
        1733    -7.29073    -7.22614    0.006554
        1734     -7.2907    -7.22617  0.00655032
        1735    -7.29095    -7.22621  0.00654666
        1736    -7.29054    -7.22625  0.00654299
        1737    -7.29041    -7.22628  0.00653933
        1738    -7.28928    -7.22632  0.00653566
        1739     -7.2891    -7.22636  0.00653201
        1740     -7.2892    -7.22639  0.00652835
        1741    -7.28895    -7.22643   0.0065247
        1742    -7.28899    -7.22646  0.00652105
        1743    -7.28802     -7.2265  0.00651741
        1744    -7.28735    -7.22654  0.00651377
        1745    -7.28696    -7.22657  0.00651012
        1746    -7.28685     -7.2266  0.00650649
        1747    -7.28607    -7.22664  0.00650285
        1748    -7.28525    -7.22667  0.00649922
        1749    -7.28471    -7.22671  0.00649559
        1750    -7.28382    -7.22674  0.00649196
        1751    -7.28321    -7.22677  0.00648833
        1752    -7.28321     -7.2268  0.00648471
        1753    -7.28188    -7.22683  0.00648108
        1754    -7.28084    -7.22686  0.00647746
        1755    -7.27976    -7.22689  0.00647384
        1756    -7.27929    -7.22692  0.00647022
        1757    -7.27847    -7.22695  0.00646661
        1758    -7.27728    -7.22698  0.00646299
        1759    -7.27639    -7.22701  0.00645938
        1760    -7.27546    -7.22704  0.00645577
        1761    -7.27483    -7.22707  0.00645216
        1762    -7.27383    -7.22709  0.00644855
        1763    -7.27281    -7.22712  0.00644495
        1764    -7.27177    -7.22714  0.00644134
        1765    -7.27069    -7.22717  0.00643774
        1766    -7.26991    -7.22719  0.00643414
        1767    -7.26911    -7.22722  0.00643054
        1768    -7.26797    -7.22724  0.00642695
        1769    -7.26746    -7.22726  0.00642335
        1770     -7.2666    -7.22728  0.00641976
        1771    -7.26508     -7.2273  0.00641617
        1772    -7.26356    -7.22733  0.00641258
        1773    -7.26234    -7.22735    0.006409
        1774    -7.26145    -7.22736  0.00640541
        1775    -7.26087    -7.22738  0.00640183
        1776    -7.25997     -7.2274  0.00639826
        1777    -7.25843    -7.22742  0.00639468
        1778    -7.25722    -7.22744   0.0063911
        1779    -7.25634    -7.22745  0.00638753
        1780    -7.25514    -7.22747  0.00638396
        1781    -7.25396    -7.22748   0.0063804
        1782    -7.25248     -7.2275  0.00637683
        1783    -7.25134    -7.22751  0.00637327
        1784    -7.24893    -7.22752  0.00636971
        1785    -7.24817    -7.22753  0.00636615
        1786    -7.24776    -7.22754  0.00636259
        1787    -7.24674    -7.22756  0.00635904
        1788     -7.2464    -7.22757   0.0063555
        1789    -7.24544    -7.22758  0.00635195
        1790     -7.2442    -7.22759  0.00634841
        1791    -7.24366    -7.22759  0.00634487
        1792    -7.24315     -7.2276  0.00634134
        1793    -7.24204    -7.22761   0.0063378
        1794     -7.2413    -7.22762  0.00633428
        1795    -7.24061    -7.22763  0.00633075
        1796    -7.23933    -7.22763  0.00632723
        1797    -7.23939    -7.22764  0.00632371
        1798     -7.2395    -7.22765   0.0063202
        1799    -7.23741    -7.22765  0.00631669
        1800    -7.23634    -7.22766  0.00631318
        1801    -7.23597    -7.22766  0.00630968
        1802    -7.23598    -7.22766  0.00630618
        1803    -7.23604    -7.22767  0.00630268
        1804    -7.23583    -7.22767  0.00629919
        1805      -7.236    -7.22768   0.0062957
        1806    -7.23589    -7.22768  0.00629222
        1807    -7.23519    -7.22769  0.00628874
        1808    -7.23518    -7.22769  0.00628526
        1809    -7.23522     -7.2277  0.00628179
        1810    -7.23465     -7.2277  0.00627832
        1811    -7.23445     -7.2277  0.00627485
        1812    -7.23494    -7.22771  0.00627139
        1813     -7.2345    -7.22771  0.00626793
        1814    -7.23409    -7.22771  0.00626448
        1815    -7.23501    -7.22772  0.00626103
        1816    -7.23564    -7.22772  0.00625758
        1817    -7.23694    -7.22773  0.00625414
        1818    -7.23761    -7.22773   0.0062507
        1819    -7.23863    -7.22774  0.00624727
        1820    -7.23934    -7.22775  0.00624384
        1821    -7.23942    -7.22775  0.00624041
        1822    -7.23983    -7.22776  0.00623699
        1823    -7.24025    -7.22777  0.00623357
        1824    -7.24067    -7.22777  0.00623016
        1825    -7.24076    -7.22778  0.00622675
        1826    -7.24117    -7.22779  0.00622334
        1827     -7.2419    -7.22779  0.00621994
        1828    -7.24229     -7.2278  0.00621654
        1829    -7.24267    -7.22781  0.00621315
        1830    -7.24303    -7.22782  0.00620976
        1831     -7.2437    -7.22783  0.00620638
        1832    -7.24369    -7.22784  0.00620299
        1833    -7.24398    -7.22785  0.00619962
        1834    -7.24456    -7.22785  0.00619624
        1835    -7.24543    -7.22786  0.00619287
        1836    -7.24562    -7.22787  0.00618951
        1837    -7.24577    -7.22788  0.00618615
        1838    -7.24589    -7.22789  0.00618279
        1839     -7.2466     -7.2279  0.00617944
        1840    -7.24597    -7.22791  0.00617608
        1841    -7.24595    -7.22792  0.00617274
        1842    -7.24587    -7.22793  0.00616939
        1843    -7.24542    -7.22794  0.00616605
        1844    -7.24557    -7.22795  0.00616272
        1845    -7.24598    -7.22796  0.00615938
        1846    -7.24602    -7.22797  0.00615606
        1847    -7.24567    -7.22798  0.00615273
        1848    -7.24559    -7.22799  0.00614941
        1849    -7.24511      -7.228  0.00614609
        1850    -7.24426    -7.22801  0.00614277
        1851    -7.24333    -7.22802  0.00613946
        1852    -7.24266    -7.22802  0.00613615
        1853    -7.24193    -7.22803  0.00613284
        1854    -7.24112    -7.22804  0.00612954
        1855    -7.24057    -7.22805  0.00612624
        1856     -7.2406    -7.22805  0.00612294
        1857    -7.23926    -7.22806  0.00611965
        1858    -7.23785    -7.22806  0.00611636
        1859    -7.23637    -7.22807  0.00611307
        1860    -7.23482    -7.22807  0.00610978
        1861     -7.2332    -7.22808   0.0061065
        1862    -7.23215    -7.22808  0.00610322
        1863    -7.23071    -7.22808  0.00609995
        1864    -7.22886    -7.22808  0.00609667
        1865    -7.22728    -7.22808   0.0060934
        1866    -7.22594    -7.22808  0.00609014
        1867    -7.22453    -7.22808  0.00608688
        1868    -7.22241    -7.22807  0.00608362
        1869    -7.22022    -7.22807  0.00608037
        1870    -7.21829    -7.22806  0.00607712
        1871    -7.21598    -7.22806  0.00607387
        1872    -7.21425    -7.22805  0.00607063
        1873    -7.21214    -7.22804   0.0060674
        1874     -7.2103    -7.22803  0.00606417
        1875    -7.20776    -7.22802  0.00606094
        1876    -7.20517    -7.22801  0.00605772
        1877    -7.20318      -7.228  0.00605451
        1878    -7.20083    -7.22798   0.0060513
        1879    -7.19844    -7.22796   0.0060481
        1880    -7.19634    -7.22795  0.00604491
        1881    -7.19421    -7.22793  0.00604172
        1882    -7.19173    -7.22791  0.00603854
        1883    -7.18891    -7.22789  0.00603537
        1884    -7.18639    -7.22787  0.00603221
        1885    -7.18484    -7.22785  0.00602905
        1886    -7.18264    -7.22782   0.0060259
        1887    -7.17947     -7.2278  0.00602276
        1888    -7.17694    -7.22777  0.00601963
        1889    -7.17443    -7.22774  0.00601651
        1890    -7.17291    -7.22771   0.0060134
        1891    -7.17043    -7.22768   0.0060103
        1892    -7.16765    -7.22765   0.0060072
        1893    -7.16523    -7.22762  0.00600412
        1894    -7.16284    -7.22758  0.00600105
        1895    -7.16049    -7.22755  0.00599799
        1896    -7.15753    -7.22751  0.00599494
        1897    -7.15559    -7.22747  0.00599189
        1898     -7.1537    -7.22743  0.00598886
        1899    -7.15122    -7.22739  0.00598584
        1900    -7.14944    -7.22735  0.00598283
        1901    -7.14772    -7.22731  0.00597983
        1902    -7.14606    -7.22727  0.00597684
        1903    -7.14447    -7.22722  0.00597386
        1904    -7.14261    -7.22718  0.00597089
        1905    -7.14083    -7.22713  0.00596793
        1906    -7.13911    -7.22709  0.00596497
        1907    -7.13778    -7.22704  0.00596203
        1908    -7.13619    -7.22699  0.00595909
        1909    -7.13468    -7.22695  0.00595617
        1910    -7.13323     -7.2269  0.00595325
        1911    -7.13152    -7.22685  0.00595035
        1912    -7.12956     -7.2268  0.00594745
        1913    -7.12831    -7.22674  0.00594457
        1914    -7.12745    -7.22669  0.00594169
        1915    -7.12535    -7.22664  0.00593882
        1916    -7.12461    -7.22659  0.00593596
        1917    -7.12394    -7.22653   0.0059331
        1918    -7.12299    -7.22648  0.00593026
        1919    -7.12275    -7.22642  0.00592741
        1920    -7.12224    -7.22637  0.00592457
        1921    -7.12146    -7.22632  0.00592174
        1922    -7.12008    -7.22626  0.00591892
        1923    -7.11907     -7.2262   0.0059161
        1924    -7.11778    -7.22615   0.0059133
        1925    -7.11816    -7.22609  0.00591049
        1926     -7.1176    -7.22604  0.00590769
        1927    -7.11709    -7.22598  0.00590489
        1928    -7.11564    -7.22592  0.00590211
        1929    -7.11521    -7.22586  0.00589933
        1930    -7.11481    -7.22581  0.00589655
        1931    -7.11445    -7.22575  0.00589378
        1932     -7.1151    -7.22569  0.00589101
        1933     -7.1148    -7.22563  0.00588824
        1934    -7.11487    -7.22558  0.00588547
        1935    -7.11464    -7.22552  0.00588271
        1936     -7.1138    -7.22546  0.00587996
        1937    -7.11364     -7.2254   0.0058772
        1938    -7.11319    -7.22535  0.00587446
        1939    -7.11309    -7.22529  0.00587171
        1940    -7.11335    -7.22523  0.00586897
        1941    -7.11299    -7.22517  0.00586623
        1942    -7.11364    -7.22512  0.00586349
        1943    -7.11368    -7.22506  0.00586075
        1944     -7.1144      -7.225  0.00585802
        1945    -7.11418    -7.22494  0.00585528
        1946      -7.114    -7.22489  0.00585255
        1947    -7.11483    -7.22483  0.00584982
        1948    -7.11538    -7.22477  0.00584708
        1949    -7.11596    -7.22472  0.00584435
        1950    -7.11625    -7.22466  0.00584162
        1951    -7.11658    -7.22461  0.00583889
        1952    -7.11696    -7.22455  0.00583615
        1953    -7.11704     -7.2245  0.00583343
        1954    -7.11749    -7.22444   0.0058307
        1955    -7.11766    -7.22439  0.00582797
        1956    -7.11851    -7.22433  0.00582524
        1957    -7.11908    -7.22428  0.00582251
        1958    -7.12001    -7.22423  0.00581978
        1959    -7.12033    -7.22417  0.00581706
        1960    -7.12069    -7.22412  0.00581433
        1961     -7.1214    -7.22407   0.0058116
        1962    -7.12216    -7.22402  0.00580887
        1963    -7.12263    -7.22397  0.00580614
        1964    -7.12345    -7.22391  0.00580341
        1965    -7.12431    -7.22386  0.00580068
        1966    -7.12521    -7.22381  0.00579794
        1967    -7.12614    -7.22376  0.00579521
        1968     -7.1271    -7.22371  0.00579247
        1969    -7.12841    -7.22367  0.00578973
        1970    -7.12976    -7.22362  0.00578699
        1971    -7.13081    -7.22357  0.00578424
        1972    -7.13318    -7.22353  0.00578149
        1973    -7.13525    -7.22348  0.00577874
        1974    -7.13671    -7.22344  0.00577598
        1975    -7.13754    -7.22339  0.00577321
        1976    -7.13839    -7.22335  0.00577045
        1977     -7.1412    -7.22331  0.00576768
        1978     -7.1421    -7.22327  0.00576491
        1979    -7.14398    -7.22323  0.00576214
        1980    -7.14523    -7.22319  0.00575936
        1981    -7.14618    -7.22315  0.00575659
        1982    -7.14616    -7.22311  0.00575382
        1983    -7.14778    -7.22307  0.00575104
        1984    -7.14844    -7.22304  0.00574826
        1985    -7.14912      -7.223  0.00574549
        1986    -7.14979    -7.22296  0.00574271
        1987    -7.15113    -7.22292  0.00573994
        1988    -7.15182    -7.22289  0.00573716
        1989    -7.15316    -7.22285  0.00573438
        1990     -7.1545    -7.22282   0.0057316
        1991    -7.15584    -7.22279  0.00572882
        1992    -7.15685    -7.22275  0.00572604
        1993    -7.15818    -7.22272  0.00572326
        1994     -7.1595    -7.22269  0.00572048
        1995    -7.16114    -7.22266   0.0057177
        1996     -7.1618    -7.22263  0.00571491
        1997    -7.16245     -7.2226  0.00571213
        1998    -7.16502    -7.22257  0.00570934
        1999    -7.16597    -7.22254  0.00570656
        2000    -7.16689    -7.22251  0.00570377
