#     BLOCK:   ACTUAL_P:     P_AVE:       ERROR:
           1    -2.89675    -2.89675           0
           2      -2.892    -2.89438  0.00168108
           3    -2.88408    -2.89095  0.00301734
           4    -2.87301    -2.88646  0.00449384
           5     -2.8588    -2.88093  0.00611703
           6    -2.84144    -2.87435  0.00787929
           7    -2.82095    -2.86672  0.00977186
           8    -2.79663    -2.85796   0.0118435
           9    -2.76921     -2.8481   0.0140453
          10    -2.73656    -2.83694   0.0164849
          11    -2.70013    -2.82451   0.0191107
          12    -2.66274    -2.81102   0.0217594
          13    -2.62086     -2.7964   0.0245144
          14    -2.57522     -2.7806   0.0273849
          15    -2.52582    -2.76361   0.0303733
          16    -2.47268    -2.74543   0.0334783
          17    -2.41581    -2.72604   0.0366968
          18    -2.35521    -2.70544   0.0400254
          19     -2.2909    -2.68362   0.0434603
          20    -2.22572    -2.66073    0.046932
          21    -2.15544    -2.63666   0.0504897
          22    -2.08782    -2.61172   0.0540075
          23    -2.01371    -2.58572   0.0575787
          24    -1.93594    -2.55864   0.0612147
          25    -1.85383    -2.53045   0.0649344
          26    -1.77022    -2.50121   0.0687055
          27    -1.68088    -2.47083   0.0725684
          28    -1.59431    -2.43952    0.076431
          29    -1.50557    -2.40732   0.0802944
          30    -1.41539    -2.37425   0.0841507
          31    -1.31956    -2.34023   0.0880456
          32    -1.22234     -2.3053   0.0919638
          33    -1.12164    -2.26943   0.0959171
          34    -1.01748    -2.23261   0.0999142
          35   -0.911308    -2.19486    0.103947
          36   -0.803153     -2.1562    0.108009
          37   -0.693752    -2.11667    0.112089
          38   -0.578906     -2.0762    0.116215
          39   -0.463597    -2.03486    0.120367
          40   -0.344336    -1.99259    0.124556
          41   -0.223283    -1.94944    0.128777
          42    -0.10119    -1.90543    0.133018
          43   0.0268344     -1.8605    0.137305
          44    0.154384     -1.8147    0.141615
          45    0.283524    -1.76808    0.145942
          46    0.414902    -1.72062    0.150287
          47    0.550573     -1.6723    0.154663
          48    0.688352    -1.62312    0.159068
          49    0.828877    -1.57308    0.163504
          50    0.969957    -1.52222    0.167958
          51     1.11293    -1.47055    0.172429
          52      1.2563    -1.41811    0.176908
          53      1.4007    -1.36492    0.181389
          54     1.54815    -1.31098    0.185878
          55     1.69573    -1.25631    0.190368
          56     1.84619    -1.20091    0.194863
          57     1.99658    -1.14481    0.199356
          58     2.14893    -1.08802    0.203847
          59     2.30382    -1.03053     0.20834
          60     2.45834   -0.972385    0.212828
          61     2.61376   -0.913596    0.217307
          62     2.77139   -0.854161    0.221781
          63     2.92756   -0.794134    0.226238
          64     3.08568   -0.733511    0.230683
          65     3.24492   -0.672305    0.235113
          66     3.40301   -0.610558    0.239522
          67     3.56054   -0.548302    0.243904
          68     3.71947   -0.485541     0.24826
          69     3.87684   -0.422318    0.252584
          70     4.03392   -0.358658    0.256873
          71     4.19127   -0.294574    0.261127
          72     4.34732   -0.230103    0.265339
          73     4.50193   -0.165281    0.269506
          74     4.65775   -0.100105    0.273632
          75     4.81112  -0.0346218    0.277708
          76      4.9626   0.0311311    0.281731
          77     5.11414   0.0971443    0.285701
          78     5.26419    0.163388    0.289616
          79     5.41189    0.229825    0.293472
          80     5.55852    0.296434    0.297266
          81      5.7025    0.363175    0.300995
          82     5.84582    0.430037     0.30466
          83     5.98764    0.496996     0.30826
          84     6.12569    0.564004    0.311788
          85     6.26057    0.631023    0.315241
          86     6.39284    0.698021    0.318615
          87     6.52309    0.764975    0.321911
          88     6.64979    0.831848    0.325125
          89     6.77354    0.898609    0.328254
          90     6.89424    0.965227    0.331298
          91     7.01177     1.03167    0.334254
          92     7.12818     1.09794    0.337126
          93     7.23914     1.16397    0.339906
          94     7.34668     1.22975    0.342595
          95     7.45074     1.29523     0.34519
          96     7.55196     1.36041    0.347693
          97     7.64816     1.42523    0.350099
          98     7.74212     1.48969     0.35241
          99     7.83167     1.55375    0.354625
         100     7.91749     1.61738    0.356743
         101     7.99955     1.68057    0.358764
         102     8.07783     1.74329    0.360687
         103      8.1516     1.80551    0.362511
         104     8.22299     1.86721     0.36424
         105     8.29057     1.92839    0.365872
         106     8.35436     1.98901    0.367408
         107     8.41365     2.04906    0.368848
         108     8.46919      2.1085    0.370192
         109     8.52239     2.16734    0.371443
         110     8.57047     2.22555      0.3726
         111     8.61489     2.28312    0.373663
         112     8.65639     2.34002    0.374634
         113     8.69431     2.39625    0.375515
         114     8.72941     2.45181    0.376308
         115     8.75963     2.50666    0.377012
         116     8.78715      2.5608     0.37763
         117     8.81063     2.61422    0.378162
         118     8.83014     2.66689    0.378608
         119     8.84715     2.71883    0.378972
         120     8.86035     2.77001    0.379254
         121     8.87121     2.82043    0.379457
         122     8.87912     2.87009    0.379582
         123     8.88345     2.91898    0.379631
         124     8.88572      2.9671    0.379607
         125      8.8853     3.01445    0.379511
         126     8.88229     3.06102    0.379346
         127     8.87607      3.1068    0.379112
         128     8.86744     3.15181    0.378812
         129     8.85722     3.19604    0.378449
         130     8.84409     3.23948    0.378023
         131     8.82954     3.28216    0.377538
         132     8.81158     3.32405    0.376995
         133     8.79383     3.36517    0.376397
         134     8.77355     3.40553    0.375746
         135     8.75156     3.44513    0.375043
         136     8.72796     3.48398    0.374292
         137     8.70426     3.52208    0.373494
         138     8.67773     3.55944    0.372652
         139      8.6513     3.59607    0.371767
         140     8.62223     3.63197    0.370841
         141     8.59203     3.66715    0.369876
         142      8.5615     3.70162    0.368873
         143     8.53003     3.73538    0.367836
         144      8.4977     3.76846    0.366765
         145     8.46249     3.80083    0.365662
         146     8.42872     3.83253    0.364528
         147     8.39435     3.86356    0.363367
         148     8.35947     3.89394    0.362179
         149     8.32415     3.92367    0.360967
         150     8.28776     3.95276    0.359731
         151     8.25109     3.98123    0.358473
         152     8.21492     4.00908    0.357196
         153      8.1786     4.03634    0.355899
         154      8.1415     4.06299    0.354585
         155      8.1058     4.08907    0.353255
         156     8.06803     4.11458     0.35191
         157     8.03108     4.13953    0.350552
         158     7.99358     4.16392    0.349181
         159     7.95842     4.18778    0.347799
         160      7.9214     4.21112    0.346408
         161     7.88541     4.23394    0.345007
         162     7.84978     4.25626    0.343598
         163     7.81456     4.27809    0.342183
         164     7.77907     4.29944    0.340762
         165     7.74476     4.32032    0.339336
         166     7.70886     4.34073    0.337905
         167     7.67562      4.3607    0.336471
         168     7.64154     4.38023    0.335035
         169     7.60947     4.39934    0.333597
         170     7.57803     4.41804    0.332158
         171     7.54723     4.43634    0.330719
         172     7.51711     4.45425    0.329281
         173     7.48766     4.47178    0.327844
         174     7.45892     4.48895    0.326409
         175     7.43089     4.50576    0.324977
         176     7.40358     4.52222    0.323547
         177      7.3777     4.53836    0.322121
         178     7.35256     4.55417    0.320699
         179     7.32816     4.56966    0.319282
         180     7.30449     4.58486    0.317869
         181     7.28086     4.59975    0.316462
         182     7.25727     4.61436     0.31506
         183     7.23512     4.62868    0.313663
         184      7.2137     4.64273    0.312273
         185     7.19231     4.65651    0.310889
         186     7.17375     4.67004    0.309512
         187     7.15237     4.68331    0.308142
         188     7.13381     4.69635    0.306778
         189     7.11664     4.70916    0.305422
         190     7.10084     4.72174    0.304074
         191      7.0857     4.73412    0.302734
         192     7.06978     4.74628    0.301401
         193     7.05379     4.75824    0.300077
         194     7.03841     4.76999     0.29876
         195     7.02502     4.78156    0.297452
         196     7.01221     4.79294    0.296152
         197     6.99923     4.80414     0.29486
         198     6.98678     4.81516    0.293577
         199     6.97414     4.82601    0.292302
         200     6.96339      4.8367    0.291036
         201     6.95169     4.84722    0.289778
         202     6.94114     4.85759    0.288529
         203     6.92959     4.86779    0.287288
         204     6.91914     4.87785    0.286056
         205     6.91259     4.88777    0.284832
         206     6.90356     4.89756    0.283618
         207     6.89485     4.90721    0.282412
         208     6.88645     4.91672    0.281214
         209     6.87904     4.92611    0.280025
         210     6.87187     4.93538    0.278845
         211     6.86424     4.94452    0.277673
         212     6.85682     4.95354     0.27651
         213     6.84888     4.96244    0.275355
         214     6.84112     4.97122    0.274208
         215     6.83492     4.97989     0.27307
         216     6.82673     4.98844    0.271939
         217     6.81794     4.99687    0.270817
         218     6.81066     5.00519    0.269702
         219     6.80275      5.0134    0.268596
         220      6.7956      5.0215    0.267497
         221     6.78991      5.0295    0.266406
         222     6.78354      5.0374    0.265323
         223     6.77788      5.0452    0.264248
         224     6.77082     5.05291    0.263181
         225     6.76444     5.06051    0.262121
         226     6.75803     5.06803    0.261069
         227     6.75229     5.07545    0.260024
         228     6.74508     5.08277    0.258987
         229      6.7371     5.08999    0.257957
         230     6.73046     5.09712    0.256934
         231     6.72444     5.10417    0.255918
         232      6.7169     5.11112    0.254909
         233     6.70927     5.11798    0.253908
         234     6.70151     5.12475    0.252913
         235     6.69434     5.13143    0.251925
         236     6.68703     5.13802    0.250943
         237     6.67888     5.14452    0.249969
         238     6.67057     5.15093    0.249001
         239     6.66281     5.15726    0.248039
         240     6.65418     5.16349    0.247084
         241     6.64608     5.16965    0.246135
         242     6.63779     5.17571    0.245193
         243     6.62789     5.18169    0.244257
         244     6.61921     5.18758    0.243327
         245     6.61032     5.19339    0.242403
         246     6.59981      5.1991    0.241485
         247     6.59048     5.20474    0.240573
         248     6.58093     5.21029    0.239667
         249     6.56972     5.21575    0.238767
         250      6.5604     5.22113    0.237872
         251     6.54941     5.22642    0.236983
         252     6.53887     5.23163      0.2361
         253     6.52878     5.23675    0.235222
         254     6.51771      5.2418     0.23435
         255     6.50497     5.24675    0.233484
         256     6.49337     5.25162    0.232623
         257     6.48149      5.2564    0.231767
         258     6.47004     5.26111    0.230916
         259      6.4569     5.26573    0.230071
         260     6.44418     5.27026     0.22923
         261     6.43048      5.2747    0.228395
         262      6.4165     5.27906    0.227565
         263     6.40153     5.28333     0.22674
         264     6.38841     5.28751     0.22592
         265      6.3743     5.29162    0.225104
         266     6.36062     5.29563    0.224294
         267     6.34456     5.29956    0.223488
         268     6.32893      5.3034    0.222687
         269     6.31375     5.30716    0.221891
         270     6.29831     5.31083      0.2211
         271     6.28122     5.31441    0.220313
         272      6.2653     5.31791    0.219531
         273     6.24986     5.32132    0.218753
         274     6.23419     5.32465     0.21798
         275     6.21759      5.3279    0.217211
         276     6.20009     5.33106    0.216447
         277     6.18239     5.33413    0.215688
         278     6.16521     5.33712    0.214933
         279     6.14715     5.34003    0.214182
         280     6.12893     5.34284    0.213436
         281     6.11056     5.34558    0.212694
         282     6.09276     5.34823    0.211956
         283     6.07343     5.35079    0.211222
         284      6.0554     5.35327    0.210493
         285     6.03868     5.35567    0.209768
         286     6.01975       5.358    0.209048
         287     6.00216     5.36024    0.208331
         288     5.98451     5.36241    0.207619
         289     5.96611      5.3645    0.206911
         290     5.94556      5.3665    0.206208
         291     5.92851     5.36843    0.205508
         292     5.91146     5.37029    0.204813
         293      5.8923     5.37207    0.204121
         294     5.87316     5.37378    0.203434
         295     5.85617     5.37541    0.202751
         296     5.83781     5.37698    0.202072
         297     5.81951     5.37847    0.201397
         298      5.8027     5.37989    0.200727
         299     5.78314     5.38124     0.20006
         300      5.7665     5.38252    0.199397
         301     5.74855     5.38374    0.198738
         302     5.73143     5.38489    0.198084
         303     5.71374     5.38597    0.197433
         304      5.6969       5.387    0.196786
         305     5.68162     5.38796    0.196143
         306      5.6651     5.38887    0.195504
         307     5.64734     5.38971    0.194869
         308     5.63119     5.39049    0.194238
         309     5.61382     5.39122    0.193611
         310     5.59736     5.39188    0.192987
         311     5.58113     5.39249    0.192368
         312     5.56442     5.39304    0.191752
         313     5.54935     5.39354     0.19114
         314     5.53453     5.39399    0.190532
         315     5.51996     5.39439    0.189927
         316     5.50566     5.39474    0.189327
         317     5.49163     5.39505     0.18873
         318     5.47506      5.3953    0.188136
         319     5.46089     5.39551    0.187547
         320     5.44631     5.39566    0.186961
         321     5.43275     5.39578    0.186378
         322     5.41879     5.39585      0.1858
         323     5.40585     5.39588    0.185224
         324     5.39324     5.39587    0.184653
         325     5.38025     5.39583    0.184084
         326       5.369     5.39574     0.18352
         327      5.3581     5.39563    0.182959
         328     5.34683     5.39548    0.182401
         329     5.33663      5.3953    0.181847
         330     5.32607     5.39509    0.181296
         331     5.31517     5.39485    0.180748
         332     5.30745     5.39459    0.180204
         333     5.29798      5.3943    0.179663
         334      5.2903     5.39398    0.179125
         335     5.28087     5.39365    0.178591
         336     5.27253     5.39329     0.17806
         337     5.26386      5.3929    0.177532
         338     5.25769      5.3925    0.177007
         339     5.25049     5.39208    0.176485
         340     5.24509     5.39165    0.175967
         341     5.24077     5.39121    0.175451
         342     5.23542     5.39075    0.174939
         343     5.22904     5.39028     0.17443
         344     5.22445      5.3898    0.173923
         345     5.22095     5.38931     0.17342
         346       5.215     5.38881    0.172919
         347     5.21084     5.38829    0.172422
         348     5.20775     5.38777    0.171927
         349     5.20221     5.38724    0.171435
         350     5.19844      5.3867    0.170946
         351     5.19716     5.38616     0.17046
         352     5.19271     5.38561    0.169977
         353     5.19143     5.38506    0.169496
         354     5.18911     5.38451    0.169018
         355     5.18713     5.38395    0.168543
         356      5.1862      5.3834     0.16807
         357     5.18561     5.38285    0.167601
         358     5.18536     5.38229    0.167133
         359     5.18473     5.38174    0.166669
         360     5.18653      5.3812    0.166207
         361     5.18653     5.38066    0.165747
         362     5.18755     5.38013     0.16529
         363     5.18816      5.3796    0.164836
         364     5.19048     5.37908    0.164383
         365     5.19238     5.37857    0.163934
         366     5.19526     5.37807    0.163487
         367     5.19771     5.37758    0.163042
         368     5.19972     5.37709      0.1626
         369     5.20269     5.37662     0.16216
         370     5.20662     5.37616    0.161722
         371      5.2101     5.37571    0.161287
         372     5.21451     5.37528    0.160854
         373     5.21846     5.37486    0.160423
         374     5.22262     5.37445    0.159995
         375     5.22629     5.37406    0.159569
         376     5.22876     5.37367    0.159145
         377     5.23426      5.3733    0.158723
         378     5.23995     5.37295    0.158303
         379     5.24513     5.37261    0.157886
         380      5.2526     5.37229    0.157471
         381     5.25743     5.37199    0.157058
         382     5.26384     5.37171    0.156647
         383      5.2697     5.37144    0.156238
         384     5.27713      5.3712    0.155832
         385     5.28258     5.37097    0.155427
         386     5.28889     5.37076    0.155024
         387     5.29534     5.37056    0.154624
         388     5.30192     5.37038    0.154226
         389     5.31145     5.37023    0.153829
         390     5.31827      5.3701    0.153435
         391      5.3238     5.36998    0.153042
         392     5.33226     5.36988    0.152652
         393      5.3387     5.36981    0.152264
         394     5.34524     5.36974    0.151877
         395     5.35328      5.3697    0.151493
         396        5.36     5.36968     0.15111
         397     5.36821     5.36967     0.15073
         398     5.37508     5.36969    0.150351
         399     5.38132     5.36972    0.149974
         400     5.39044     5.36977    0.149599
         401     5.39821     5.36984    0.149226
         402     5.40745     5.36993    0.148855
         403     5.41532     5.37004    0.148486
         404     5.42183     5.37017    0.148118
         405     5.42837     5.37032    0.147752
         406     5.43637     5.37048    0.147389
         407      5.4451     5.37066    0.147027
         408     5.45173     5.37086    0.146666
         409     5.45909     5.37108    0.146308
         410     5.46645     5.37131    0.145951
         411     5.47454     5.37156    0.145596
         412     5.48334     5.37183    0.145243
         413     5.49143     5.37212    0.144892
         414     5.49951     5.37243    0.144542
         415     5.50618     5.37275    0.144194
         416     5.51283     5.37309    0.143848
         417     5.52088     5.37344    0.143503
         418      5.5282     5.37381    0.143161
         419     5.53548      5.3742    0.142819
         420     5.54344      5.3746     0.14248
         421     5.55207     5.37502    0.142142
         422     5.56065     5.37546    0.141806
         423     5.56778     5.37592    0.141472
         424     5.57767     5.37639    0.141139
         425     5.58609     5.37689    0.140807
         426     5.59515      5.3774    0.140478
         427     5.60484     5.37793     0.14015
         428     5.61234     5.37848    0.139823
         429     5.62047     5.37904    0.139499
         430     5.62709     5.37962    0.139175
         431     5.63433     5.38021    0.138854
         432     5.64005     5.38081    0.138534
         433     5.64708     5.38143    0.138215
         434      5.6533     5.38205    0.137898
         435     5.66082      5.3827    0.137583
         436     5.66822     5.38335    0.137269
         437     5.67408     5.38402    0.136956
         438     5.68122     5.38469    0.136645
         439     5.68751     5.38538    0.136336
         440     5.69225     5.38608    0.136027
         441     5.69896     5.38679    0.135721
         442      5.7034     5.38751    0.135416
         443     5.70838     5.38823    0.135112
         444      5.7132     5.38896     0.13481
         445     5.71714      5.3897    0.134509
         446     5.72161     5.39044    0.134209
         447     5.72589      5.3912    0.133911
         448      5.7307     5.39195    0.133614
         449      5.7339     5.39271    0.133319
         450     5.74044     5.39349    0.133025
         451     5.74465     5.39427    0.132732
         452     5.74725     5.39505    0.132441
         453     5.75177     5.39583    0.132151
         454     5.75395     5.39662    0.131862
         455     5.75734     5.39742    0.131575
         456     5.76122     5.39821    0.131288
         457     5.76347     5.39901    0.131004
         458     5.76761     5.39982     0.13072
         459     5.76942     5.40062    0.130438
         460      5.7703     5.40143    0.130157
         461     5.77238     5.40223    0.129877
         462     5.77352     5.40304    0.129598
         463     5.77443     5.40384    0.129321
         464     5.77513     5.40464    0.129045
         465     5.77701     5.40544    0.128769
         466     5.77939     5.40624    0.128496
         467     5.77872     5.40704    0.128223
         468     5.78065     5.40784    0.127951
         469     5.78025     5.40863    0.127681
         470     5.78176     5.40942    0.127412
         471     5.78164     5.41021    0.127144
         472     5.78132       5.411    0.126877
         473     5.78222     5.41179    0.126611
         474     5.78081     5.41256    0.126346
         475     5.78062     5.41334    0.126083
         476     5.78025     5.41411     0.12582
         477     5.77969     5.41488    0.125559
         478     5.77826     5.41564    0.125298
         479     5.77595     5.41639    0.125039
         480     5.77489     5.41714    0.124781
         481     5.77368     5.41788    0.124524
         482      5.7709     5.41861    0.124267
         483      5.7701     5.41934    0.124012
         484     5.76704     5.42006    0.123758
         485     5.76384     5.42076    0.123505
         486     5.76122     5.42146    0.123253
         487     5.75918     5.42216    0.123002
         488     5.75632     5.42284    0.122752
         489     5.75334     5.42352    0.122502
         490     5.75026     5.42419    0.122254
         491     5.74778     5.42484    0.122007
         492     5.74307     5.42549    0.121761
         493     5.73968     5.42613    0.121515
         494     5.73689     5.42676    0.121271
         495     5.73402     5.42738    0.121028
         496     5.72964     5.42799    0.120785
         497     5.72728     5.42859    0.120544
         498     5.72343     5.42918    0.120303
         499     5.71807     5.42976    0.120063
         500     5.71474     5.43033    0.119825
         501      5.7092     5.43089    0.119587
         502     5.70498     5.43143     0.11935
         503     5.70066     5.43197    0.119114
         504     5.69485     5.43249    0.118878
         505     5.68964       5.433    0.118644
         506     5.68504      5.4335    0.118411
         507     5.68175     5.43399    0.118178
         508     5.67764     5.43447    0.117947
         509       5.672     5.43493    0.117716
         510     5.66696     5.43539    0.117486
         511     5.66179     5.43583    0.117257
         512      5.6565     5.43626    0.117029
         513     5.65177     5.43668    0.116801
         514     5.64691     5.43709    0.116575
         515     5.64119     5.43749    0.116349
         516     5.63674     5.43787    0.116124
         517     5.63071     5.43825      0.1159
         518     5.62593     5.43861    0.115677
         519     5.62028     5.43896    0.115455
         520     5.61304     5.43929    0.115233
         521     5.60492     5.43961    0.115012
         522     5.59732     5.43991    0.114792
         523     5.58953      5.4402    0.114573
         524     5.58226     5.44047    0.114355
         525     5.57621     5.44073    0.114137
         526     5.56927     5.44097    0.113921
         527     5.56142      5.4412    0.113705
         528     5.55479     5.44142     0.11349
         529     5.54726     5.44162    0.113275
         530     5.53953      5.4418    0.113062
         531      5.5302     5.44197    0.112849
         532     5.52067     5.44212    0.112637
         533     5.51095     5.44225    0.112426
         534     5.50246     5.44236    0.112215
         535     5.49238     5.44245    0.112005
         536     5.48212     5.44253    0.111796
         537      5.4724     5.44258    0.111588
         538     5.46252     5.44262    0.111381
         539     5.45178     5.44264    0.111174
         540     5.44161     5.44263    0.110968
         541     5.43202     5.44262    0.110763
         542     5.42442     5.44258    0.110559
         543     5.41459     5.44253    0.110355
         544     5.40326     5.44246    0.110152
         545     5.38972     5.44236     0.10995
         546     5.37964     5.44225    0.109749
         547     5.36809     5.44211    0.109548
         548     5.35791     5.44196    0.109349
         549       5.347     5.44178     0.10915
         550     5.33607     5.44159    0.108951
         551     5.32445     5.44138    0.108754
         552     5.31354     5.44115    0.108557
         553     5.30338      5.4409    0.108361
         554     5.29396     5.44063    0.108166
         555     5.28249     5.44035    0.107971
         556     5.27109     5.44004    0.107777
         557      5.2612     5.43972    0.107584
         558      5.2514     5.43939    0.107392
         559     5.24102     5.43903    0.107201
         560     5.23006     5.43866     0.10701
         561     5.21996     5.43827     0.10682
         562     5.20929     5.43786    0.106631
         563     5.20021     5.43744    0.106442
         564       5.192       5.437    0.106254
         565     5.18256     5.43655    0.106067
         566     5.17471     5.43609    0.105881
         567     5.16636     5.43561    0.105695
         568     5.15609     5.43512     0.10551
         569     5.14743     5.43462    0.105326
         570      5.1411      5.4341    0.105142
         571     5.13286     5.43357    0.104959
         572     5.12555     5.43304    0.104777
         573     5.11775     5.43249    0.104596
         574     5.10945     5.43192    0.104415
         575     5.09996     5.43135    0.104235
         576     5.09422     5.43076    0.104056
         577     5.08727     5.43016    0.103877
         578     5.07912     5.42956    0.103699
         579     5.07258     5.42894    0.103522
         580     5.06694     5.42832    0.103345
         581      5.0608     5.42768     0.10317
         582     5.05343     5.42704    0.102994
         583     5.04695     5.42639     0.10282
         584     5.04135     5.42573    0.102646
         585     5.03452     5.42506    0.102472
         586     5.02925     5.42439      0.1023
         587     5.02202      5.4237    0.102128
         588     5.01706     5.42301    0.101956
         589     5.01153     5.42231    0.101786
         590     5.00684     5.42161    0.101616
         591     5.00299      5.4209    0.101446
         592     4.99854     5.42018    0.101277
         593     4.99422     5.41947    0.101109
         594     4.99071     5.41874    0.100941
         595      4.9873     5.41802    0.100774
         596     4.98329     5.41729    0.100608
         597     4.97938     5.41656    0.100442
         598     4.97272     5.41581    0.100277
         599     4.96827     5.41507    0.100112
         600      4.9646     5.41432   0.0999482
         601     4.96101     5.41356   0.0997848
         602      4.9589     5.41281   0.0996219
         603     4.95334     5.41204   0.0994596
         604     4.95067     5.41128   0.0992979
         605     4.94737     5.41051   0.0991367
         606     4.94555     5.40975   0.0989761
         607     4.94168     5.40898    0.098816
         608        4.94      5.4082   0.0986565
         609     4.93627     5.40743   0.0984975
         610     4.93403     5.40665   0.0983391
         611     4.93044     5.40587   0.0981813
         612     4.92976      5.4051   0.0980239
         613     4.92773     5.40432   0.0978671
         614     4.92437     5.40353   0.0977108
         615      4.9225     5.40275   0.0975551
         616     4.91929     5.40197   0.0973999
         617     4.91687     5.40118   0.0972452
         618     4.91523      5.4004    0.097091
         619     4.91297     5.39961   0.0969374
         620     4.91149     5.39882   0.0967842
         621      4.9101     5.39803   0.0966316
         622     4.90737     5.39724   0.0964794
         623     4.90614     5.39646   0.0963278
         624     4.90358     5.39567   0.0961766
         625     4.90321     5.39488    0.096026
         626     4.90151     5.39409   0.0958758
         627     4.89989      5.3933   0.0957261
         628     4.89835     5.39251    0.095577
         629     4.89759     5.39173   0.0954283
         630      4.8962     5.39094     0.09528
         631     4.89629     5.39016   0.0951322
         632     4.89362     5.38937    0.094985
         633     4.89172     5.38859   0.0948382
         634     4.88988      5.3878   0.0946918
         635      4.8874     5.38701    0.094546
         636     4.88709     5.38622   0.0944006
         637     4.88895     5.38544   0.0942556
         638     4.88803     5.38466   0.0941111
         639     4.88788     5.38389   0.0939671
         640     4.88636     5.38311   0.0938235
         641     4.88559     5.38233   0.0936803
         642     4.88557     5.38156   0.0935376
         643     4.88559     5.38079   0.0933953
         644     4.88423     5.38002   0.0932534
         645     4.88362     5.37925    0.093112
         646     4.88304     5.37848   0.0929711
         647     4.88249     5.37771   0.0928305
         648     4.88128     5.37695   0.0926904
         649     4.88221     5.37618   0.0925507
         650     4.88034     5.37542   0.0924115
         651     4.88061     5.37466   0.0922727
         652     4.87879      5.3739   0.0921343
         653      4.8784     5.37314   0.0919963
         654     4.87804     5.37238   0.0918588
         655       4.877     5.37163   0.0917216
         656     4.87528     5.37087   0.0915849
         657     4.87428     5.37012   0.0914487
         658     4.87401     5.36936   0.0913128
         659     4.87518     5.36861   0.0911773
         660     4.87496     5.36786   0.0910422
         661     4.87477     5.36712   0.0909075
         662     4.87531     5.36638   0.0907733
         663     4.87234     5.36563   0.0906394
         664     4.87222     5.36489   0.0905059
         665     4.87282     5.36415   0.0903729
         666     4.87202     5.36341   0.0902402
         667     4.87337     5.36267   0.0901079
         668     4.87332     5.36194    0.089976
         669       4.874     5.36121   0.0898444
         670     4.87329     5.36048   0.0897133
         671     4.87332     5.35976   0.0895825
         672     4.87266     5.35903   0.0894522
         673     4.87273     5.35831   0.0893222
         674     4.87141     5.35759   0.0891926
         675      4.8701     5.35687   0.0890633
         676     4.86882     5.35614   0.0889345
         677     4.87037     5.35543   0.0888061
         678     4.86911     5.35471    0.088678
         679     4.86857     5.35399   0.0885503
         680     4.86945     5.35328   0.0884229
         681     4.86963     5.35257   0.0882959
         682     4.86981     5.35186   0.0881693
         683     4.87071     5.35116    0.088043
         684      4.8709     5.35046   0.0879171
         685     4.87038     5.34975   0.0877915
         686     4.86986     5.34905   0.0876663
         687     4.86934     5.34836   0.0875415
         688      4.8695     5.34766    0.087417
         689     4.86966     5.34697   0.0872929
         690     4.86981     5.34628   0.0871692
         691     4.86994     5.34559   0.0870457
         692     4.87005      5.3449   0.0869227
         693     4.87085     5.34421   0.0867999
         694     4.86951     5.34353   0.0866775
         695     4.87096     5.34285   0.0865555
         696     4.87028     5.34217   0.0864338
         697     4.87099      5.3415   0.0863124
         698     4.86884     5.34082   0.0861914
         699     4.86809     5.34014   0.0860708
         700     4.86942     5.33947   0.0859504
         701     4.86861      5.3388   0.0858305
         702     4.86919     5.33813   0.0857108
         703     4.86904     5.33746   0.0855915
         704     4.86745     5.33679   0.0854725
         705     4.86725     5.33613   0.0853539
         706     4.86704     5.33546   0.0852355
         707     4.86682      5.3348   0.0851176
         708     4.86729     5.33414   0.0849999
         709     4.86704     5.33348   0.0848826
         710     4.86609     5.33282   0.0847656
         711     4.86584     5.33217   0.0846489
         712     4.86772     5.33151   0.0845325
         713     4.86749     5.33086   0.0844165
         714     4.86728     5.33021   0.0843007
         715     4.86852     5.32957   0.0841853
         716     4.86908     5.32893   0.0840702
         717     4.87038     5.32829   0.0839554
         718     4.86962     5.32765   0.0838409
         719     4.86962     5.32701   0.0837267
         720     4.86899     5.32637   0.0836128
         721     4.86984     5.32574   0.0834992
         722     4.87007     5.32511    0.083386
         723      4.8704     5.32448    0.083273
         724     4.87082     5.32385   0.0831603
         725     4.87207     5.32323    0.083048
         726     4.87061     5.32261   0.0829359
         727     4.87281     5.32199   0.0828241
         728     4.87374     5.32137   0.0827127
         729     4.87482     5.32076   0.0826015
         730     4.87676     5.32015   0.0824906
         731     4.87817     5.31955   0.0823799
         732     4.87975     5.31895   0.0822696
         733     4.88153     5.31835   0.0821595
         734     4.88632     5.31776   0.0820497
         735     4.88849     5.31718   0.0819401
         736     4.89228      5.3166   0.0818308
         737     4.89558     5.31603   0.0817218
         738      4.8984     5.31546    0.081613
         739     4.90215      5.3149   0.0815045
         740     4.90543     5.31435   0.0813962
         741     4.91036     5.31381   0.0812882
         742     4.91482     5.31327   0.0811804
         743      4.9174     5.31273   0.0810729
         744     4.92164     5.31221   0.0809657
         745     4.92471     5.31169   0.0808587
         746     4.92943     5.31118   0.0807519
         747     4.93369     5.31067   0.0806454
         748      4.9396     5.31018   0.0805391
         749     4.94364     5.30969    0.080433
         750     4.95002     5.30921   0.0803272
         751     4.95452     5.30873   0.0802217
         752     4.96065     5.30827   0.0801163
         753      4.9663     5.30782   0.0800112
         754     4.97215     5.30737   0.0799063
         755     4.97679     5.30693   0.0798017
         756     4.98304     5.30651   0.0796973
         757     4.99018     5.30609   0.0795931
         758     4.99749     5.30568   0.0794891
         759     5.00497     5.30528   0.0793854
         760     5.01261      5.3049   0.0792819
         761     5.02109     5.30453   0.0791786
         762     5.02759     5.30416   0.0790755
         763     5.03562     5.30381   0.0789726
         764     5.04447     5.30347     0.07887
         765      5.0527     5.30314   0.0787676
         766     5.05961     5.30283   0.0786654
         767     5.06729     5.30252   0.0785634
         768     5.07572     5.30222   0.0784617
         769     5.08421     5.30194   0.0783602
         770     5.09342     5.30167   0.0782589
         771     5.10053     5.30141   0.0781578
         772     5.10905     5.30116    0.078057
         773     5.11826     5.30092   0.0779563
         774     5.12886      5.3007   0.0778559
         775     5.13729     5.30049   0.0777558
         776     5.14566     5.30029   0.0776558
         777     5.15326      5.3001   0.0775561
         778     5.16078     5.29992   0.0774566
         779      5.1689     5.29975   0.0773574
         780     5.17621     5.29959   0.0772584
         781      5.1841     5.29945   0.0771596
         782     5.19257     5.29931    0.077061
         783     5.20018     5.29918   0.0769627
         784     5.20762     5.29907   0.0768646
         785      5.2149     5.29896   0.0767668
         786     5.22198     5.29886   0.0766692
         787     5.22957     5.29877   0.0765718
         788     5.23554     5.29869   0.0764747
         789       5.242     5.29862   0.0763778
         790     5.24822     5.29856   0.0762812
         791      5.2542      5.2985   0.0761847
         792     5.25921     5.29845   0.0760886
         793     5.26395     5.29841   0.0759926
         794     5.26983     5.29837   0.0758969
         795       5.274     5.29834   0.0758015
         796     5.28068     5.29832   0.0757062
         797     5.28424      5.2983   0.0756112
         798     5.28958     5.29829   0.0755165
         799     5.29247     5.29828    0.075422
         800     5.29573     5.29828   0.0753277
         801     5.29792     5.29828   0.0752337
         802     5.30046     5.29828   0.0751399
         803     5.30192     5.29829   0.0750463
         804      5.3044     5.29829   0.0749529
         805     5.30438      5.2983   0.0748598
         806     5.30537     5.29831    0.074767
         807     5.30524     5.29832   0.0746743
         808     5.30611     5.29833   0.0745819
         809     5.30655     5.29834   0.0744897
         810     5.30728     5.29835   0.0743977
         811     5.30685     5.29836    0.074306
         812       5.306     5.29837   0.0742145
         813     5.30399     5.29838   0.0741232
         814     5.30294     5.29838   0.0740321
         815     5.29933     5.29838   0.0739413
         816     5.29596     5.29838   0.0738507
         817     5.29073     5.29837   0.0737603
         818     5.28576     5.29836   0.0736701
         819     5.28104     5.29834   0.0735802
         820     5.27586     5.29831   0.0734905
         821     5.27094     5.29827    0.073401
         822     5.26487     5.29823   0.0733117
         823     5.25906     5.29819   0.0732226
         824     5.25283     5.29813   0.0731338
         825     5.24617     5.29807   0.0730451
         826     5.23838       5.298   0.0729567
         827     5.22806     5.29791   0.0728686
         828     5.21876     5.29782   0.0727806
         829     5.20977     5.29771   0.0726929
         830     5.20041     5.29759   0.0726054
         831      5.1914     5.29746   0.0725182
         832     5.18133     5.29733   0.0724311
         833     5.17022     5.29717   0.0723444
         834     5.15879     5.29701   0.0722578
         835     5.14777     5.29683   0.0721715
         836     5.13857     5.29664   0.0720854
         837      5.1277     5.29644   0.0719996
         838     5.11517     5.29622    0.071914
         839     5.10383     5.29599   0.0718286
         840     5.09158     5.29575   0.0717435
         841     5.08055     5.29549   0.0716587
         842     5.06865     5.29522   0.0715741
         843     5.05591     5.29494   0.0714897
         844     5.04375     5.29464   0.0714057
         845      5.0315     5.29433   0.0713218
         846     5.01918       5.294   0.0712383
         847      5.0068     5.29367    0.071155
         848      4.9951     5.29331   0.0710719
         849      4.9834     5.29295   0.0709892
         850     4.96747     5.29257   0.0709067
         851     4.95512     5.29217   0.0708245
         852     4.94565     5.29176   0.0707425
         853     4.93133     5.29134   0.0706608
         854     4.91852      5.2909   0.0705794
         855     4.90585     5.29045   0.0704983
         856     4.89544     5.28999   0.0704175
         857     4.88308     5.28952   0.0703369
         858     4.87092     5.28903   0.0702566
         859     4.85897     5.28853   0.0701766
         860     4.84795     5.28802   0.0700969
         861     4.83648     5.28749   0.0700174
         862     4.82599     5.28696   0.0699383
         863     4.81577     5.28641   0.0698593
         864     4.80514     5.28585   0.0697807
         865       4.792     5.28528   0.0697024
         866       4.782      5.2847   0.0696243
         867     4.77304     5.28411   0.0695465
         868     4.76372     5.28351    0.069469
         869     4.75617      5.2829   0.0693917
         870     4.74756     5.28229   0.0693146
         871     4.73721     5.28166   0.0692379
         872     4.72934     5.28103   0.0691614
         873     4.72186     5.28039   0.0690851
         874     4.71476     5.27974   0.0690091
         875     4.70805     5.27909   0.0689333
         876     4.70032     5.27843   0.0688578
         877     4.69438     5.27776   0.0687825
         878     4.68813     5.27709   0.0687075
         879     4.68228     5.27641   0.0686326
         880     4.67751     5.27573    0.068558
         881     4.67455     5.27505   0.0684836
         882     4.66984     5.27436   0.0684094
         883     4.66692     5.27368   0.0683354
         884     4.66367     5.27299   0.0682615
         885     4.65937     5.27229   0.0681879
         886     4.65754      5.2716   0.0681145
         887     4.65536      5.2709   0.0680412
         888     4.65069     5.27021   0.0679682
         889     4.64918     5.26951   0.0678953
         890     4.64799     5.26881   0.0678226
         891     4.64783     5.26811   0.0677501
         892     4.64867     5.26742   0.0676777
         893     4.64981     5.26673   0.0676055
         894     4.64912     5.26604   0.0675334
         895      4.6487     5.26535   0.0674614
         896     4.65067     5.26466   0.0673896
         897     4.65289     5.26398    0.067318
         898     4.65253      5.2633   0.0672464
         899     4.65522     5.26262    0.067175
         900     4.65813     5.26195   0.0671038
         901     4.65843     5.26128   0.0670326
         902     4.66104     5.26061   0.0669616
         903     4.66525     5.25995   0.0668907
         904     4.66751      5.2593   0.0668199
         905     4.67065     5.25865   0.0667492
         906     4.67323       5.258   0.0666787
         907     4.67526     5.25736   0.0666083
         908     4.67742     5.25672    0.066538
         909     4.68112     5.25609   0.0664678
         910     4.68423     5.25546   0.0663977
         911     4.68603     5.25483   0.0663278
         912     4.69003     5.25421   0.0662579
         913     4.69413      5.2536   0.0661882
         914     4.69688     5.25299   0.0661186
         915     4.69969     5.25239   0.0660491
         916     4.70185     5.25179   0.0659797
         917     4.70547     5.25119   0.0659105
         918     4.70912      5.2506   0.0658413
         919      4.7128     5.25002   0.0657723
         920     4.71578     5.24943   0.0657033
         921     4.71807     5.24886   0.0656345
         922     4.72107     5.24828   0.0655659
         923     4.72546     5.24772   0.0654973
         924     4.73056     5.24716   0.0654288
         925     4.73422      5.2466   0.0653604
         926     4.73787     5.24605   0.0652921
         927      4.7415     5.24551   0.0652239
         928      4.7451     5.24497   0.0651559
         929     4.74867     5.24444   0.0650879
         930     4.75433     5.24391   0.0650201
         931     4.75785     5.24339   0.0649523
         932     4.76204     5.24287   0.0648847
         933      4.7655     5.24236   0.0648172
         934     4.76823     5.24185   0.0647498
         935     4.77093     5.24135   0.0646825
         936     4.77433     5.24085   0.0646153
         937     4.77701     5.24035   0.0645482
         938      4.7804     5.23986   0.0644813
         939     4.78308     5.23938   0.0644145
         940     4.78436     5.23889   0.0643477
         941     4.78848     5.23842   0.0642811
         942     4.79333     5.23794   0.0642146
         943     4.79751     5.23748   0.0641482
         944     4.80033     5.23701    0.064082
         945     4.80391     5.23655   0.0640158
         946     4.80756      5.2361   0.0639497
         947     4.81269     5.23565   0.0638838
         948      4.8165     5.23521   0.0638179
         949      4.8197     5.23477   0.0637522
         950     4.82372     5.23434   0.0636865
         951     4.82926     5.23391    0.063621
         952      4.8321     5.23349   0.0635555
         953     4.83789     5.23308   0.0634902
         954     4.84383     5.23267    0.063425
         955     4.84921     5.23227   0.0633598
         956     4.85475     5.23187   0.0632948
         957     4.85835     5.23148   0.0632298
         958     4.86424      5.2311    0.063165
         959      4.8696     5.23072   0.0631003
         960     4.87516     5.23035   0.0630356
         961     4.88021     5.22999   0.0629711
         962     4.88405     5.22963   0.0629066
         963     4.89021     5.22928   0.0628423
         964     4.89447     5.22893   0.0627781
         965     4.89965     5.22859    0.062714
         966     4.90787     5.22826   0.0626499
         967     4.91562     5.22793    0.062586
         968     4.92288     5.22762   0.0625221
         969     4.92897     5.22731   0.0624583
         970     4.93812     5.22701   0.0623947
         971     4.94679     5.22672   0.0623311
         972     4.95571     5.22644   0.0622676
         973     4.96487     5.22617   0.0622041
         974     4.97144     5.22591   0.0621408
         975     4.98249     5.22566   0.0620776
         976     4.99308     5.22542   0.0620145
         977     5.00178      5.2252   0.0619514
         978     5.01073     5.22498   0.0618884
         979     5.02134     5.22477   0.0618256
         980     5.03078     5.22457   0.0617628
         981     5.04116     5.22438   0.0617001
         982     5.05109     5.22421   0.0616376
         983     5.06266     5.22404   0.0615751
         984     5.07234     5.22389   0.0615127
         985     5.08367     5.22375   0.0614504
         986     5.09523     5.22362   0.0613882
         987     5.10703      5.2235   0.0613261
         988     5.11904     5.22339   0.0612642
         989     5.12987      5.2233   0.0612023
         990     5.14162     5.22322   0.0611405
         991     5.15569     5.22315   0.0610789
         992     5.16997     5.22309   0.0610173
         993     5.18374     5.22305   0.0609559
         994     5.19699     5.22303   0.0608946
         995     5.21044     5.22301   0.0608334
         996     5.22406     5.22302   0.0607723
         997     5.23785     5.22303   0.0607113
         998     5.25181     5.22306   0.0606505
         999     5.26733      5.2231   0.0605898
        1000     5.28158     5.22316   0.0605292
        1001     5.29597     5.22324   0.0604688
        1002     5.30976     5.22332   0.0604085
        1003     5.32367     5.22342   0.0603484
        1004     5.33766     5.22354   0.0602884
        1005     5.35245     5.22366   0.0602285
        1006       5.368     5.22381   0.0601688
        1007      5.3829     5.22397   0.0601093
        1008     5.39854     5.22414   0.0600499
        1009      5.4149     5.22433   0.0599907
        1010     5.42984     5.22453   0.0599316
        1011     5.44546     5.22475   0.0598728
        1012     5.45962     5.22498    0.059814
        1013     5.47443     5.22523   0.0597555
        1014     5.48915     5.22549   0.0596971
        1015     5.50376     5.22576    0.059639
        1016     5.51753     5.22605    0.059581
        1017     5.53113     5.22635   0.0595231
        1018     5.54526     5.22666   0.0594655
        1019     5.55917     5.22699    0.059408
        1020     5.57213     5.22733   0.0593507
        1021     5.58554     5.22768   0.0592936
        1022     5.59863     5.22804   0.0592367
        1023     5.60928     5.22841     0.05918
        1024     5.62168      5.2288   0.0591235
        1025     5.63369     5.22919   0.0590671
        1026     5.64455      5.2296   0.0590109
        1027     5.65497     5.23001   0.0589549
        1028     5.66489     5.23043   0.0588991
        1029       5.675     5.23087   0.0588434
        1030     5.68456     5.23131   0.0587879
        1031     5.69283     5.23176   0.0587326
        1032     5.70119     5.23221   0.0586775
        1033      5.7089     5.23267   0.0586225
        1034     5.71736     5.23314   0.0585677
        1035     5.72442     5.23361    0.058513
        1036     5.72792     5.23409   0.0584585
        1037     5.73279     5.23457   0.0584041
        1038     5.73689     5.23506   0.0583498
        1039      5.7395     5.23554   0.0582957
        1040     5.74411     5.23603   0.0582417
        1041     5.74578     5.23652   0.0581878
        1042      5.7473     5.23701    0.058134
        1043     5.74796      5.2375   0.0580803
        1044     5.74634     5.23799   0.0580267
        1045     5.74383     5.23847   0.0579732
        1046     5.74044     5.23895   0.0579198
        1047     5.73616     5.23943   0.0578664
        1048     5.73169      5.2399   0.0578131
        1049     5.72634     5.24036   0.0577599
        1050     5.72009     5.24082   0.0577067
        1051     5.71227     5.24127   0.0576535
        1052     5.70427     5.24171   0.0576004
        1053     5.69612     5.24214   0.0575473
        1054     5.68501     5.24256   0.0574942
        1055     5.67518     5.24297   0.0574412
        1056     5.66313     5.24337   0.0573882
        1057     5.65169     5.24375   0.0573352
        1058     5.63877     5.24413   0.0572822
        1059      5.6244     5.24448   0.0572292
        1060     5.61141     5.24483   0.0571763
        1061     5.59632     5.24516   0.0571234
        1062     5.58057     5.24548   0.0570704
        1063     5.56418     5.24578   0.0570175
        1064     5.54719     5.24606   0.0569647
        1065     5.52892     5.24633   0.0569118
        1066      5.5094     5.24657   0.0568589
        1067     5.49079      5.2468   0.0568061
        1068       5.471     5.24701   0.0567533
        1069     5.45148      5.2472   0.0567005
        1070     5.43226     5.24738   0.0566478
        1071     5.41056     5.24753   0.0565951
        1072     5.38852     5.24766   0.0565425
        1073     5.36972     5.24777   0.0564899
        1074     5.34712     5.24787   0.0564374
        1075       5.325     5.24794   0.0563849
        1076     5.30339     5.24799   0.0563325
        1077     5.28163     5.24802   0.0562802
        1078     5.25903     5.24803    0.056228
        1079     5.23562     5.24802   0.0561759
        1080     5.21498     5.24799   0.0561239
        1081      5.1943     5.24794    0.056072
        1082     5.17292     5.24787   0.0560202
        1083     5.15085     5.24778   0.0559686
        1084     5.12955     5.24767   0.0559171
        1085     5.10763     5.24754   0.0558657
        1086      5.0851     5.24739   0.0558144
        1087     5.06342     5.24722   0.0557633
        1088      5.0433     5.24704   0.0557124
        1089     5.02195     5.24683   0.0556616
        1090     5.00221     5.24661    0.055611
        1091     4.98128     5.24636   0.0555606
        1092     4.95988      5.2461   0.0555103
        1093     4.93875     5.24582   0.0554602
        1094     4.91859     5.24552   0.0554104
        1095     4.89944      5.2452   0.0553607
        1096     4.87848     5.24487   0.0553112
        1097     4.85925     5.24452   0.0552619
        1098     4.84037     5.24415   0.0552127
        1099     4.82184     5.24376   0.0551638
        1100     4.80509     5.24337   0.0551151
        1101     4.78802     5.24295   0.0550666
        1102     4.77204     5.24253   0.0550183
        1103     4.75504     5.24208   0.0549702
        1104     4.73845     5.24163   0.0549223
        1105     4.72088     5.24116   0.0548746
        1106     4.70445     5.24067   0.0548272
        1107     4.68917     5.24017   0.0547799
        1108     4.67434     5.23966   0.0547328
        1109     4.66209     5.23914    0.054686
        1110      4.6489     5.23861   0.0546393
        1111     4.63549     5.23807   0.0545928
        1112     4.62256     5.23751   0.0545465
        1113     4.61083     5.23695   0.0545004
        1114     4.59891     5.23638   0.0544545
        1115     4.58821      5.2358   0.0544088
        1116     4.57945     5.23521   0.0543632
        1117     4.56911     5.23461   0.0543178
        1118     4.56001     5.23401   0.0542726
        1119     4.54935      5.2334   0.0542275
        1120     4.54067     5.23278   0.0541826
        1121     4.53397     5.23215   0.0541379
        1122     4.52856     5.23153   0.0540932
        1123     4.52092     5.23089   0.0540488
        1124     4.51388     5.23026   0.0540045
        1125     4.50816     5.22961   0.0539603
        1126     4.50307     5.22897   0.0539162
        1127     4.49791     5.22832   0.0538723
        1128     4.49198     5.22767   0.0538285
        1129     4.48953     5.22701   0.0537847
        1130     4.48562     5.22636   0.0537412
        1131     4.48309      5.2257   0.0536977
        1132     4.48194     5.22504   0.0536542
        1133      4.4815     5.22439   0.0536109
        1134     4.48105     5.22373   0.0535676
        1135     4.48201     5.22308   0.0535244
        1136     4.48229     5.22243   0.0534813
        1137     4.48471     5.22178   0.0534382
        1138     4.48786     5.22113   0.0533951
        1139     4.49034     5.22049   0.0533521
        1140     4.49357     5.21985   0.0533091
        1141     4.49826     5.21922   0.0532661
        1142     4.50441     5.21859   0.0532232
        1143     4.51134     5.21798   0.0531802
        1144     4.51903     5.21736   0.0531372
        1145     4.52821     5.21676   0.0530942
        1146     4.53674     5.21617   0.0530512
        1147     4.54676     5.21559   0.0530082
        1148     4.55755     5.21501   0.0529651
        1149     4.56983     5.21445    0.052922
        1150     4.58075      5.2139   0.0528788
        1151     4.59315     5.21336   0.0528356
        1152     4.60912     5.21284   0.0527924
        1153     4.62374     5.21233    0.052749
        1154      4.6391     5.21183   0.0527057
        1155     4.65521     5.21135   0.0526622
        1156     4.67135     5.21088   0.0526188
        1157     4.68821     5.21043   0.0525752
        1158     4.70649     5.20999   0.0525316
        1159     4.72265     5.20957    0.052488
        1160     4.74161     5.20917   0.0524443
        1161     4.76196     5.20878   0.0524005
        1162     4.78296     5.20842   0.0523567
        1163     4.80531     5.20807   0.0523128
        1164     4.82474     5.20774   0.0522689
        1165     4.84831     5.20743    0.052225
        1166     4.87105     5.20714    0.052181
        1167     4.89434     5.20688    0.052137
        1168      4.9217     5.20663   0.0520929
        1169     4.94673     5.20641   0.0520488
        1170     4.97367     5.20621   0.0520047
        1171     5.00035     5.20604   0.0519606
        1172     5.02533     5.20588   0.0519165
        1173      5.0507     5.20575   0.0518724
        1174     5.07784     5.20564   0.0518283
        1175     5.10601     5.20555   0.0517843
        1176     5.13447     5.20549   0.0517403
        1177     5.16319     5.20546   0.0516963
        1178     5.19071     5.20545   0.0516524
        1179     5.22053     5.20546   0.0516086
        1180     5.24836      5.2055   0.0515649
        1181     5.27841     5.20556   0.0515213
        1182     5.30498     5.20564   0.0514778
        1183     5.33296     5.20575   0.0514344
        1184     5.36021     5.20588   0.0513911
        1185     5.38878     5.20603    0.051348
        1186     5.41723     5.20621    0.051305
        1187      5.4448     5.20641   0.0512621
        1188     5.47286     5.20664   0.0512195
        1189     5.49923     5.20688    0.051177
        1190     5.52599     5.20715   0.0511347
        1191     5.55379     5.20744   0.0510926
        1192     5.57977     5.20775   0.0510507
        1193       5.606     5.20809    0.051009
        1194     5.63241     5.20844   0.0509675
        1195     5.65615     5.20882   0.0509262
        1196     5.68068     5.20921   0.0508852
        1197     5.70527     5.20963   0.0508443
        1198     5.72987     5.21006   0.0508038
        1199      5.7523     5.21051   0.0507634
        1200     5.77394     5.21098   0.0507233
        1201     5.79405     5.21147   0.0506834
        1202     5.81468     5.21197   0.0506437
        1203      5.8337     5.21249   0.0506042
        1204     5.85176     5.21302    0.050565
        1205     5.86953     5.21356   0.0505259
        1206     5.88558     5.21412   0.0504871
        1207     5.89986     5.21469   0.0504485
        1208     5.91376     5.21527     0.05041
        1209     5.92655     5.21586   0.0503718
        1210     5.93961     5.21645   0.0503337
        1211      5.9501     5.21706   0.0502958
        1212     5.96153     5.21767    0.050258
        1213     5.97034     5.21829   0.0502204
        1214     5.97794     5.21892    0.050183
        1215      5.9829     5.21955   0.0501456
        1216     5.98664     5.22018   0.0501083
        1217     5.98983     5.22081   0.0500711
        1218     5.99249     5.22145    0.050034
        1219     5.99321     5.22208    0.049997
        1220     5.99339     5.22271     0.04996
        1221     5.99234     5.22334   0.0499231
        1222     5.98937     5.22397   0.0498862
        1223     5.98659     5.22459   0.0498493
        1224     5.98192     5.22521   0.0498124
        1225     5.97536     5.22582   0.0497755
        1226     5.96764     5.22643   0.0497386
        1227     5.95879     5.22702   0.0497016
        1228     5.94741     5.22761   0.0496646
        1229     5.93565     5.22819   0.0496275
        1230     5.92283     5.22875   0.0495904
        1231     5.90968     5.22931   0.0495532
        1232     5.89695     5.22985   0.0495159
        1233     5.88185     5.23038   0.0494786
        1234     5.86653     5.23089   0.0494412
        1235     5.85103     5.23139   0.0494037
        1236     5.83398     5.23188   0.0493661
        1237     5.81542     5.23235   0.0493285
        1238     5.79609     5.23281   0.0492907
        1239     5.77533     5.23325   0.0492529
        1240     5.75459     5.23367    0.049215
        1241      5.7318     5.23407    0.049177
        1242     5.70983     5.23445   0.0491389
        1243     5.68732     5.23482   0.0491007
        1244     5.66431     5.23516   0.0490624
        1245     5.64366     5.23549   0.0490241
        1246     5.62049      5.2358   0.0489857
        1247     5.59624     5.23609   0.0489473
        1248     5.57096     5.23636   0.0489088
        1249     5.54541      5.2366   0.0488703
        1250     5.51963     5.23683   0.0488317
        1251     5.49366     5.23703   0.0487931
        1252     5.46755     5.23722   0.0487545
        1253     5.44346     5.23738   0.0487159
        1254     5.41648     5.23753   0.0486772
        1255      5.3916     5.23765   0.0486386
        1256     5.36745     5.23775      0.0486
        1257     5.34195     5.23783   0.0485614
        1258     5.31796      5.2379   0.0485228
        1259     5.29339     5.23794   0.0484843
        1260     5.26899     5.23797   0.0484458
        1261     5.24339     5.23797   0.0484074
        1262     5.21872     5.23796    0.048369
        1263     5.19503     5.23792   0.0483308
        1264     5.17022     5.23787   0.0482926
        1265     5.14785      5.2378   0.0482544
        1266     5.12443     5.23771   0.0482164
        1267      5.1021      5.2376   0.0481785
        1268     5.07663     5.23747   0.0481406
        1269     5.05371     5.23733   0.0481029
        1270     5.03265     5.23717   0.0480653
        1271     5.01136     5.23699   0.0480278
        1272     4.98985      5.2368   0.0479905
        1273     4.96742     5.23658   0.0479532
        1274     4.94622     5.23636   0.0479161
        1275     4.92767     5.23611   0.0478792
        1276     4.90897     5.23586   0.0478423
        1277     4.89082     5.23559   0.0478056
        1278     4.87253      5.2353   0.0477691
        1279     4.85553     5.23501   0.0477326
        1280     4.83912      5.2347   0.0476963
        1281     4.82541     5.23438   0.0476602
        1282     4.80948     5.23405   0.0476242
        1283     4.79627     5.23371   0.0475883
        1284     4.78297     5.23335   0.0475525
        1285     4.76886     5.23299   0.0475169
        1286     4.75677     5.23262   0.0474814
        1287     4.74389     5.23224    0.047446
        1288     4.73233     5.23185   0.0474107
        1289     4.72209     5.23146   0.0473756
        1290     4.71246     5.23106   0.0473406
        1291     4.70275     5.23065   0.0473057
        1292     4.69435     5.23023   0.0472709
        1293     4.68373     5.22981   0.0472362
        1294     4.67443     5.22938   0.0472017
        1295     4.66785     5.22895   0.0471672
        1296     4.66186     5.22851   0.0471328
        1297     4.65365     5.22807   0.0470986
        1298     4.64885     5.22762   0.0470644
        1299     4.64252     5.22717   0.0470303
        1300     4.63747     5.22672   0.0469963
        1301     4.63512     5.22626   0.0469624
        1302     4.63122      5.2258   0.0469286
        1303     4.62788     5.22535   0.0468948
        1304     4.62582     5.22489   0.0468611
        1305      4.6229     5.22442   0.0468275
        1306     4.62336     5.22396   0.0467939
        1307     4.62012      5.2235   0.0467603
        1308     4.62026     5.22304   0.0467269
        1309     4.62093     5.22258   0.0466934
        1310     4.62002     5.22212   0.0466601
        1311     4.62035     5.22166   0.0466267
        1312     4.62262     5.22121   0.0465934
        1313      4.6247     5.22075   0.0465601
        1314     4.62801      5.2203   0.0465269
        1315     4.63183     5.21985   0.0464937
        1316     4.63616     5.21941   0.0464605
        1317      4.6403     5.21897   0.0464273
        1318     4.64634     5.21853   0.0463941
        1319     4.65218     5.21811   0.0463609
        1320     4.65922     5.21768   0.0463277
        1321     4.66534     5.21726   0.0462945
        1322     4.67265     5.21685   0.0462613
        1323     4.67974     5.21645   0.0462281
        1324     4.68801     5.21605   0.0461949
        1325     4.69747     5.21566   0.0461617
        1326     4.70669     5.21527   0.0461285
        1327     4.71498     5.21489   0.0460953
        1328     4.72584     5.21453   0.0460621
        1329     4.73715     5.21417   0.0460288
        1330     4.74822     5.21382   0.0459955
        1331     4.76256     5.21348   0.0459622
        1332     4.77523     5.21315   0.0459289
        1333     4.78763     5.21283   0.0458955
        1334     4.80047     5.21252   0.0458622
        1335     4.81232     5.21222   0.0458288
        1336     4.82743     5.21193   0.0457954
        1337     4.84226     5.21166    0.045762
        1338      4.8568     5.21139   0.0457286
        1339     4.87247     5.21114   0.0456951
        1340     4.88713      5.2109   0.0456616
        1341     4.90289     5.21067   0.0456282
        1342     4.91976     5.21045   0.0455947
        1343     4.93632     5.21025   0.0455612
        1344     4.95327     5.21005   0.0455277
        1345      4.9699     5.20988   0.0454942
        1346      4.9855     5.20971   0.0454607
        1347     5.00359     5.20956   0.0454272
        1348     5.02134     5.20942   0.0453937
        1349     5.04157     5.20929   0.0453602
        1350     5.06074     5.20918   0.0453268
        1351     5.08097     5.20909   0.0452933
        1352     5.10226     5.20901   0.0452599
        1353     5.12246     5.20894   0.0452265
        1354       5.143      5.2089   0.0451931
        1355     5.16315     5.20886   0.0451598
        1356     5.18503     5.20884   0.0451265
        1357     5.20652     5.20884   0.0450932
        1358     5.22761     5.20886     0.04506
        1359     5.25039     5.20889   0.0450269
        1360     5.27347     5.20893   0.0449938
        1361      5.2954       5.209   0.0449608
        1362      5.3183     5.20908   0.0449278
        1363     5.34216     5.20918    0.044895
        1364     5.36627     5.20929   0.0448622
        1365     5.38921     5.20942   0.0448295
        1366     5.41378     5.20957    0.044797
        1367     5.43927     5.20974   0.0447645
        1368     5.46496     5.20993   0.0447322
        1369     5.49013     5.21013      0.0447
        1370     5.51477     5.21035   0.0446679
        1371     5.53956     5.21059    0.044636
        1372     5.56451     5.21085   0.0446042
        1373     5.59029     5.21113   0.0445725
        1374     5.61407     5.21142   0.0445411
        1375     5.63935     5.21173   0.0445098
        1376     5.66401     5.21206   0.0444786
        1377     5.69014     5.21241   0.0444477
        1378     5.71632     5.21277   0.0444169
        1379     5.74182     5.21316   0.0443864
        1380     5.76944     5.21356    0.044356
        1381     5.79494     5.21398   0.0443259
        1382      5.8204     5.21442    0.044296
        1383      5.8444     5.21488   0.0442663
        1384     5.87044     5.21535   0.0442369
        1385     5.89568     5.21584   0.0442077
        1386     5.92151     5.21635   0.0441787
        1387      5.9472     5.21688     0.04415
        1388      5.9713     5.21742   0.0441215
        1389     5.99663     5.21798   0.0440933
        1390     6.02033     5.21856   0.0440654
        1391     6.04449     5.21915   0.0440377
        1392     6.06909     5.21976   0.0440103
        1393     6.08986     5.22039   0.0439832
        1394     6.11242     5.22103   0.0439563
        1395     6.13605     5.22168   0.0439296
        1396     6.15858     5.22236   0.0439033
        1397     6.18001     5.22304   0.0438772
        1398     6.20099     5.22374   0.0438514
        1399     6.22009     5.22445   0.0438258
        1400     6.24081     5.22518   0.0438006
        1401     6.26171     5.22592   0.0437755
        1402     6.28133     5.22667   0.0437508
        1403     6.30036     5.22744   0.0437263
        1404     6.31876     5.22821   0.0437021
        1405     6.33651       5.229   0.0436781
        1406     6.35428      5.2298   0.0436543
        1407     6.37133     5.23061   0.0436309
        1408     6.38692     5.23144   0.0436076
        1409     6.40313     5.23227   0.0435846
        1410     6.41642     5.23311   0.0435618
        1411     6.42886     5.23395   0.0435391
        1412     6.44114     5.23481   0.0435167
        1413     6.45251     5.23567   0.0434944
        1414     6.46295     5.23654   0.0434723
        1415     6.47102     5.23741   0.0434503
        1416     6.47952     5.23829   0.0434285
        1417     6.48559     5.23917   0.0434068
        1418     6.49275     5.24005   0.0433852
        1419     6.49745     5.24094   0.0433637
        1420     6.50106     5.24183   0.0433422
        1421     6.50641     5.24272   0.0433208
        1422     6.50993     5.24361   0.0432995
        1423     6.51021      5.2445   0.0432782
        1424     6.51146     5.24539    0.043257
        1425     6.51086     5.24628   0.0432358
        1426      6.5098     5.24716   0.0432145
        1427     6.50545     5.24804   0.0431932
        1428     6.50205     5.24892   0.0431719
        1429     6.49605     5.24979   0.0431505
        1430     6.48888     5.25066    0.043129
        1431     6.48053     5.25152   0.0431075
        1432     6.47172     5.25237   0.0430858
        1433     6.45962     5.25321   0.0430639
        1434     6.44778     5.25405    0.043042
        1435     6.43548     5.25487   0.0430199
        1436     6.42276     5.25568   0.0429976
        1437      6.4082     5.25649   0.0429751
        1438     6.39254     5.25728   0.0429525
        1439     6.37437     5.25805   0.0429297
        1440     6.35654     5.25882   0.0429066
        1441     6.33624     5.25956   0.0428834
        1442     6.31421     5.26029   0.0428599
        1443     6.29258     5.26101   0.0428361
        1444     6.26997     5.26171   0.0428122
        1445     6.24641     5.26239    0.042788
        1446      6.2212     5.26305   0.0427635
        1447      6.1951      5.2637   0.0427388
        1448     6.16883     5.26432   0.0427139
        1449     6.14242     5.26493   0.0426887
        1450     6.11449     5.26551   0.0426633
        1451     6.08578     5.26608   0.0426376
        1452     6.05773     5.26662   0.0426117
        1453     6.02754     5.26715   0.0425856
        1454     5.99737     5.26765   0.0425593
        1455     5.96585     5.26813   0.0425328
        1456     5.93157     5.26859    0.042506
        1457     5.89742     5.26902    0.042479
        1458     5.86412     5.26943   0.0424518
        1459      5.8303     5.26981   0.0424245
        1460     5.79458     5.27017   0.0423969
        1461     5.75981      5.2705   0.0423692
        1462     5.72533     5.27082   0.0423414
        1463     5.69046      5.2711   0.0423134
        1464     5.65382     5.27136   0.0422853
        1465     5.61615      5.2716   0.0422571
        1466      5.5782     5.27181   0.0422288
        1467     5.54211     5.27199   0.0422004
        1468      5.5044     5.27215    0.042172
        1469     5.46721     5.27228   0.0421435
        1470     5.43058     5.27239    0.042115
        1471     5.39241     5.27247   0.0420864
        1472     5.35416     5.27253   0.0420579
        1473     5.31516     5.27256   0.0420293
        1474     5.27895     5.27256   0.0420008
        1475     5.24206     5.27254   0.0419723
        1476     5.20381     5.27249   0.0419439
        1477     5.16564     5.27242   0.0419156
        1478     5.12829     5.27232   0.0418873
        1479     5.09109      5.2722   0.0418592
        1480     5.05407     5.27205   0.0418312
        1481     5.01656     5.27188   0.0418033
        1482      4.9807     5.27169   0.0417755
        1483     4.94582     5.27147   0.0417479
        1484     4.91054     5.27122   0.0417205
        1485     4.87489     5.27096   0.0416933
        1486      4.8389     5.27067   0.0416662
        1487     4.80331     5.27035   0.0416394
        1488     4.76743     5.27001   0.0416128
        1489      4.7327     5.26965   0.0415864
        1490     4.69845     5.26927   0.0415603
        1491      4.6647     5.26886   0.0415344
        1492     4.63077     5.26844   0.0415087
        1493     4.60023     5.26799   0.0414833
        1494     4.57027     5.26752   0.0414582
        1495     4.54021     5.26703   0.0414333
        1496     4.51079     5.26653   0.0414087
        1497     4.48062       5.266   0.0413844
        1498     4.45042     5.26546   0.0413603
        1499     4.42163      5.2649   0.0413366
        1500     4.39498     5.26432   0.0413131
        1501     4.36837     5.26372   0.0412899
        1502     4.34323     5.26311   0.0412669
        1503     4.31889     5.26248   0.0412443
        1504     4.29464     5.26184   0.0412219
        1505     4.27051     5.26118   0.0411997
        1506     4.24794      5.2605   0.0411779
        1507     4.22552     5.25982   0.0411563
        1508     4.20468     5.25912   0.0411349
        1509     4.18544     5.25841   0.0411138
        1510     4.16641     5.25768   0.0410929
        1511     4.14829     5.25695   0.0410723
        1512     4.13111      5.2562   0.0410519
        1513     4.11416     5.25545   0.0410317
        1514     4.09817     5.25468   0.0410117
        1515     4.08314     5.25391   0.0409919
        1516     4.07051     5.25313   0.0409723
        1517     4.05744     5.25234   0.0409529
        1518     4.04537     5.25155   0.0409336
        1519     4.03571     5.25075   0.0409145
        1520     4.02635     5.24994   0.0408955
        1521     4.01871     5.24913   0.0408767
        1522     4.01138     5.24832   0.0408579
        1523     4.00294      5.2475   0.0408392
        1524     3.99694     5.24668   0.0408207
        1525     3.99338     5.24586   0.0408022
        1526     3.98802     5.24503   0.0407838
        1527      3.9858     5.24421   0.0407654
        1528     3.98531     5.24339    0.040747
        1529     3.98514     5.24256   0.0407287
        1530     3.98882     5.24174   0.0407103
        1531     3.99139     5.24093   0.0406919
        1532     3.99498     5.24011   0.0406735
        1533     3.99887      5.2393    0.040655
        1534     4.00377      5.2385   0.0406365
        1535     4.00895      5.2377   0.0406179
        1536     4.01583      5.2369   0.0405993
        1537     4.02441     5.23611   0.0405805
        1538     4.03325     5.23533   0.0405617
        1539     4.04306     5.23456   0.0405427
        1540     4.05453     5.23379   0.0405236
        1541     4.06554     5.23303   0.0405044
        1542     4.07818     5.23228   0.0404851
        1543     4.09244     5.23154   0.0404656
        1544     4.10831     5.23082   0.0404459
        1545     4.12577      5.2301    0.040426
        1546     4.14199      5.2294    0.040406
        1547     4.15976     5.22871   0.0403858
        1548     4.17767     5.22803   0.0403654
        1549      4.1964     5.22736   0.0403449
        1550     4.21664     5.22671   0.0403241
        1551     4.23767     5.22607   0.0403032
        1552     4.25874     5.22545    0.040282
        1553     4.28197     5.22484   0.0402606
        1554      4.3038     5.22425   0.0402391
        1555     4.32702     5.22367   0.0402174
        1556     4.35091     5.22311   0.0401954
        1557     4.37475     5.22257   0.0401733
        1558     4.39991     5.22204    0.040151
        1559     4.42567     5.22153   0.0401285
        1560     4.45128     5.22103   0.0401058
        1561     4.47884     5.22056   0.0400829
        1562     4.50549      5.2201   0.0400599
        1563     4.53403     5.21966   0.0400367
        1564      4.5609     5.21924   0.0400133
        1565     4.58889     5.21884   0.0399897
        1566     4.61725     5.21845    0.039966
        1567     4.64738     5.21809   0.0399422
        1568     4.67782     5.21774   0.0399182
        1569     4.70642     5.21742   0.0398941
        1570     4.73737     5.21711   0.0398699
        1571     4.76854     5.21683   0.0398455
        1572     4.79846     5.21656    0.039821
        1573     4.82992     5.21631   0.0397965
        1574     4.86148     5.21609   0.0397718
        1575     4.89308     5.21588   0.0397471
        1576       4.924      5.2157   0.0397223
        1577     4.95488     5.21553   0.0396975
        1578       4.985     5.21539   0.0396726
        1579     5.01571     5.21526   0.0396477
        1580     5.04627     5.21515   0.0396227
        1581     5.07594     5.21507   0.0395978
        1582     5.10467       5.215   0.0395728
        1583     5.13594     5.21495   0.0395478
        1584      5.1662     5.21491   0.0395229
        1585      5.1961      5.2149   0.0394979
        1586      5.2256     5.21491    0.039473
        1587     5.25396     5.21493   0.0394482
        1588     5.28114     5.21498   0.0394233
        1589      5.3085     5.21504   0.0393986
        1590     5.33531     5.21511   0.0393739
        1591     5.36012      5.2152   0.0393492
        1592     5.38501     5.21531   0.0393247
        1593     5.41065     5.21543   0.0393002
        1594     5.43418     5.21557   0.0392757
        1595     5.45839     5.21572   0.0392514
        1596     5.48114     5.21589   0.0392272
        1597      5.5038     5.21607    0.039203
        1598     5.52634     5.21626    0.039179
        1599     5.54522     5.21647    0.039155
        1600     5.56463     5.21668   0.0391311
        1601     5.58174     5.21691   0.0391074
        1602     5.60006     5.21715   0.0390837
        1603     5.61673      5.2174   0.0390601
        1604     5.63386     5.21766   0.0390366
        1605      5.6479     5.21793   0.0390132
        1606     5.66168     5.21821   0.0389899
        1607     5.67447     5.21849   0.0389667
        1608     5.68556     5.21878   0.0389435
        1609     5.69706     5.21908   0.0389205
        1610     5.70827     5.21938   0.0388975
        1611     5.71706     5.21969   0.0388745
        1612     5.72414        5.22   0.0388517
        1613     5.73093     5.22032   0.0388289
        1614     5.73743     5.22064   0.0388062
        1615     5.74224     5.22096   0.0387835
        1616     5.74749     5.22129   0.0387608
        1617     5.75037     5.22162   0.0387383
        1618     5.75089     5.22194   0.0387157
        1619      5.7526     5.22227   0.0386932
        1620     5.75198      5.2226   0.0386707
        1621      5.7554     5.22293   0.0386482
        1622     5.75231     5.22325   0.0386258
        1623     5.74977     5.22358   0.0386033
        1624     5.74572      5.2239   0.0385809
        1625     5.74157     5.22422   0.0385585
        1626     5.73665     5.22453    0.038536
        1627     5.72887     5.22484   0.0385136
        1628      5.7225     5.22515   0.0384911
        1629     5.71614     5.22545   0.0384687
        1630     5.70913     5.22575   0.0384462
        1631      5.7015     5.22604   0.0384238
        1632     5.69328     5.22632   0.0384013
        1633     5.68379      5.2266   0.0383788
        1634     5.67307     5.22688   0.0383563
        1635     5.66327     5.22714   0.0383338
        1636       5.653      5.2274   0.0383112
        1637     5.64159     5.22766   0.0382886
        1638     5.62979      5.2279   0.0382661
        1639     5.61761     5.22814   0.0382435
        1640      5.6044     5.22837   0.0382208
        1641     5.59087     5.22859   0.0381982
        1642     5.57636      5.2288   0.0381755
        1643     5.56302     5.22901   0.0381528
        1644     5.55016      5.2292   0.0381301
        1645     5.53711     5.22939   0.0381074
        1646      5.5232     5.22957   0.0380846
        1647     5.50914     5.22974   0.0380619
        1648     5.49427      5.2299   0.0380391
        1649     5.47932     5.23005   0.0380164
        1650     5.46571     5.23019   0.0379936
        1651     5.45066     5.23033   0.0379708
        1652     5.43558     5.23045    0.037948
        1653     5.42192     5.23057   0.0379253
        1654     5.40688     5.23067   0.0379025
        1655     5.39329     5.23077   0.0378797
        1656     5.37977     5.23086   0.0378569
        1657     5.36703     5.23094   0.0378342
        1658     5.35439     5.23102   0.0378114
        1659     5.33904     5.23108   0.0377887
        1660     5.32523     5.23114    0.037766
        1661     5.31015     5.23119   0.0377433
        1662     5.29452     5.23122   0.0377206
        1663     5.28187     5.23125   0.0376979
        1664     5.26871     5.23128   0.0376753
        1665     5.25644     5.23129   0.0376526
        1666     5.24295      5.2313     0.03763
        1667     5.22968      5.2313   0.0376075
        1668     5.21733     5.23129   0.0375849
        1669     5.20521     5.23127   0.0375624
        1670     5.19331     5.23125   0.0375399
        1671     5.18024     5.23122   0.0375175
        1672     5.16883     5.23118    0.037495
        1673     5.15979     5.23114   0.0374727
        1674     5.14817     5.23109   0.0374503
        1675     5.13823     5.23104    0.037428
        1676     5.12854     5.23098   0.0374057
        1677     5.11771     5.23091   0.0373835
        1678     5.10715     5.23083   0.0373612
        1679     5.09826     5.23075   0.0373391
        1680     5.09035     5.23067   0.0373169
        1681     5.08131     5.23058   0.0372949
        1682     5.07253     5.23049   0.0372728
        1683     5.06261     5.23039   0.0372508
        1684     5.05507     5.23028   0.0372288
        1685      5.0471     5.23018   0.0372069
        1686     5.03869     5.23006    0.037185
        1687     5.03336     5.22995   0.0371631
        1688     5.02547     5.22982   0.0371413
        1689     5.01572      5.2297   0.0371195
        1690     5.00834     5.22957   0.0370978
        1691     5.00121     5.22943   0.0370761
        1692     4.99504     5.22929   0.0370545
        1693     4.98982     5.22915   0.0370328
        1694     4.98414     5.22901   0.0370113
        1695     4.97728     5.22886   0.0369897
        1696     4.97207     5.22871   0.0369682
        1697     4.96497     5.22855   0.0369468
        1698     4.96021     5.22839   0.0369253
        1699     4.95496     5.22823    0.036904
        1700     4.95134     5.22807   0.0368826
        1701     4.94792     5.22791   0.0368613
        1702     4.94258     5.22774     0.03684
        1703     4.93814     5.22757   0.0368188
        1704     4.93531      5.2274   0.0367976
        1705     4.93196     5.22722   0.0367764
        1706     4.92808     5.22705   0.0367553
        1707     4.92579     5.22687   0.0367341
        1708     4.92437     5.22669   0.0367131
        1709     4.92099     5.22651    0.036692
        1710     4.91919     5.22634    0.036671
        1711     4.91825     5.22616     0.03665
        1712     4.91604     5.22597   0.0366291
        1713     4.91399     5.22579   0.0366081
        1714     4.91348     5.22561   0.0365872
        1715     4.91241     5.22543   0.0365663
        1716     4.91217     5.22524   0.0365455
        1717     4.91065     5.22506   0.0365247
        1718     4.90927     5.22488   0.0365039
        1719     4.90801     5.22469   0.0364831
        1720     4.90688     5.22451   0.0364624
        1721     4.90588     5.22432   0.0364416
        1722       4.905     5.22414   0.0364209
        1723     4.90495     5.22395   0.0364003
        1724     4.90291     5.22377   0.0363796
        1725     4.90168     5.22358    0.036359
        1726     4.90129     5.22339   0.0363384
        1727     4.90243     5.22321   0.0363179
        1728     4.90299     5.22302   0.0362973
        1729     4.90438     5.22284   0.0362768
        1730     4.90307     5.22265   0.0362563
        1731     4.90401     5.22247   0.0362358
        1732     4.90578     5.22229   0.0362154
        1733     4.90697      5.2221   0.0361949
        1734     4.90759     5.22192   0.0361745
        1735     4.90764     5.22174   0.0361541
        1736     4.90924     5.22156   0.0361337
        1737     4.91027     5.22138   0.0361134
        1738     4.91357      5.2212    0.036093
        1739      4.9149     5.22103   0.0360727
        1740     4.91567     5.22085   0.0360524
        1741      4.9173     5.22068   0.0360321
        1742     4.91838     5.22051   0.0360119
        1743     4.92173     5.22033   0.0359916
        1744     4.92455     5.22016   0.0359714
        1745     4.92682        5.22   0.0359511
        1746     4.92855     5.21983   0.0359309
        1747     4.93186     5.21966   0.0359107
        1748     4.93534      5.2195   0.0358906
        1749     4.93828     5.21934   0.0358704
        1750      4.9421     5.21918   0.0358503
        1751     4.94539     5.21903   0.0358301
        1752     4.94743     5.21887     0.03581
        1753     4.95247     5.21872   0.0357899
        1754     4.95696     5.21857   0.0357698
        1755     4.96163     5.21842   0.0357497
        1756     4.96504     5.21828   0.0357297
        1757     4.96932     5.21814   0.0357096
        1758     4.97447       5.218   0.0356896
        1759     4.97906     5.21786   0.0356695
        1760     4.98381     5.21773   0.0356495
        1761       4.988      5.2176   0.0356295
        1762     4.99303     5.21747   0.0356095
        1763     4.99819     5.21735   0.0355895
        1764     5.00348     5.21723   0.0355696
        1765     5.00888     5.21711   0.0355496
        1766     5.01369     5.21699   0.0355297
        1767      5.0186     5.21688   0.0355097
        1768      5.0243     5.21677   0.0354898
        1769     5.02867     5.21667   0.0354699
        1770     5.03381     5.21656     0.03545
        1771     5.04042     5.21646   0.0354302
        1772     5.04708     5.21637   0.0354103
        1773     5.05305     5.21628   0.0353904
        1774     5.05834     5.21619   0.0353706
        1775     5.06293      5.2161   0.0353508
        1776     5.06822     5.21602    0.035331
        1777     5.07489     5.21594   0.0353112
        1778     5.08082     5.21586   0.0352914
        1779     5.08599     5.21579   0.0352716
        1780      5.0918     5.21572   0.0352519
        1781     5.09753     5.21565   0.0352322
        1782     5.10386     5.21559   0.0352124
        1783     5.10938     5.21553   0.0351927
        1784     5.11759     5.21548   0.0351731
        1785     5.12213     5.21542   0.0351534
        1786     5.12582     5.21537   0.0351337
        1787     5.13075     5.21533   0.0351141
        1788      5.1341     5.21528   0.0350945
        1789     5.13867     5.21524   0.0350749
        1790     5.14374      5.2152   0.0350553
        1791     5.14719     5.21516   0.0350358
        1792     5.15043     5.21512   0.0350163
        1793     5.15484     5.21509   0.0349967
        1794     5.15831     5.21506   0.0349773
        1795     5.16154     5.21503   0.0349578
        1796     5.16593       5.215   0.0349383
        1797     5.16724     5.21497   0.0349189
        1798     5.16828     5.21495   0.0348995
        1799       5.174     5.21493   0.0348801
        1800     5.17733      5.2149   0.0348607
        1801     5.17898     5.21488   0.0348414
        1802     5.17965     5.21486    0.034822
        1803     5.18007     5.21485   0.0348027
        1804     5.18093     5.21483   0.0347834
        1805     5.18083     5.21481   0.0347642
        1806     5.18119     5.21479   0.0347449
        1807     5.18271     5.21477   0.0347257
        1808     5.18258     5.21475   0.0347065
        1809     5.18222     5.21474   0.0346873
        1810     5.18306     5.21472   0.0346682
        1811     5.18298      5.2147    0.034649
        1812      5.1813     5.21468   0.0346299
        1813     5.18154     5.21466   0.0346108
        1814     5.18162     5.21465   0.0345917
        1815     5.17872     5.21463   0.0345727
        1816     5.17638     5.21461   0.0345537
        1817      5.1725     5.21458   0.0345346
        1818     5.16993     5.21456   0.0345157
        1819     5.16655     5.21453   0.0344967
        1820     5.16381      5.2145   0.0344778
        1821     5.16242     5.21447   0.0344588
        1822     5.16028     5.21444   0.0344399
        1823     5.15812     5.21441   0.0344211
        1824     5.15596     5.21438   0.0344022
        1825     5.15452     5.21435   0.0343834
        1826      5.1524     5.21431   0.0343645
        1827     5.14962     5.21428   0.0343458
        1828     5.14761     5.21424    0.034327
        1829     5.14569     5.21421   0.0343082
        1830     5.14386     5.21417   0.0342895
        1831     5.14143     5.21413   0.0342708
        1832     5.14055     5.21409   0.0342521
        1833     5.13912     5.21405   0.0342335
        1834     5.13714       5.214   0.0342148
        1835     5.13463     5.21396   0.0341962
        1836     5.13372     5.21392   0.0341776
        1837     5.13301     5.21387    0.034159
        1838     5.13253     5.21383   0.0341405
        1839     5.13086     5.21378   0.0341219
        1840     5.13226     5.21374   0.0341034
        1841      5.1325      5.2137   0.0340849
        1842       5.133     5.21365   0.0340665
        1843     5.13448     5.21361    0.034048
        1844     5.13483     5.21357   0.0340296
        1845     5.13477     5.21352   0.0340111
        1846     5.13571     5.21348   0.0339927
        1847     5.13767     5.21344   0.0339744
        1848     5.13924      5.2134    0.033956
        1849     5.14185     5.21336   0.0339377
        1850     5.14551     5.21332   0.0339193
        1851      5.1495     5.21329    0.033901
        1852     5.15314     5.21326   0.0338827
        1853     5.15714     5.21323   0.0338645
        1854     5.16149      5.2132   0.0338462
        1855      5.1655     5.21317    0.033828
        1856     5.16847     5.21315   0.0338098
        1857     5.17462     5.21313   0.0337916
        1858     5.18115     5.21311   0.0337734
        1859     5.18805      5.2131   0.0337552
        1860     5.19533     5.21309   0.0337371
        1861     5.20298     5.21308   0.0337189
        1862     5.20959     5.21308   0.0337008
        1863     5.21729     5.21308   0.0336827
        1864     5.22606     5.21309   0.0336647
        1865     5.23449      5.2131   0.0336466
        1866     5.24259     5.21312   0.0336286
        1867     5.25104     5.21314   0.0336106
        1868     5.26126     5.21316   0.0335926
        1869     5.27182      5.2132   0.0335746
        1870       5.282     5.21323   0.0335567
        1871     5.29322     5.21327   0.0335388
        1872     5.30333     5.21332   0.0335209
        1873     5.31444     5.21338   0.0335031
        1874     5.32514     5.21344   0.0334852
        1875     5.33751      5.2135   0.0334674
        1876     5.35014     5.21358   0.0334497
        1877     5.36159     5.21365    0.033432
        1878     5.37395     5.21374   0.0334143
        1879     5.38651     5.21383   0.0333966
        1880     5.39854     5.21393    0.033379
        1881     5.41072     5.21403   0.0333614
        1882     5.42374     5.21415   0.0333439
        1883     5.43757     5.21426   0.0333264
        1884     5.45077     5.21439   0.0333089
        1885     5.46191     5.21452   0.0332915
        1886     5.47449     5.21466   0.0332741
        1887     5.48919     5.21481   0.0332568
        1888     5.50245     5.21496   0.0332396
        1889     5.51568     5.21512   0.0332223
        1890     5.52671     5.21528   0.0332052
        1891     5.53977     5.21545   0.0331881
        1892     5.55341     5.21563    0.033171
        1893     5.56621     5.21582    0.033154
        1894     5.57884     5.21601    0.033137
        1895     5.59129     5.21621   0.0331201
        1896     5.60494     5.21641   0.0331033
        1897     5.61624     5.21662   0.0330865
        1898     5.62729     5.21684   0.0330698
        1899      5.6395     5.21706   0.0330531
        1900     5.65001     5.21729   0.0330365
        1901     5.66023     5.21752     0.03302
        1902     5.67015     5.21776   0.0330035
        1903     5.67975       5.218    0.032987
        1904     5.68973     5.21825   0.0329706
        1905     5.69938      5.2185   0.0329543
        1906     5.70869     5.21876    0.032938
        1907     5.71696     5.21902   0.0329218
        1908      5.7256     5.21929   0.0329056
        1909     5.73389     5.21956   0.0328895
        1910     5.74183     5.21983   0.0328734
        1911     5.75015     5.22011   0.0328573
        1912     5.75883     5.22039   0.0328414
        1913     5.76576     5.22067   0.0328254
        1914     5.77167     5.22096   0.0328095
        1915     5.78007     5.22125   0.0327937
        1916     5.78533     5.22155   0.0327779
        1917     5.79029     5.22185   0.0327622
        1918     5.79566     5.22214   0.0327464
        1919     5.79932     5.22245   0.0327308
        1920     5.80341     5.22275   0.0327151
        1921     5.80793     5.22305   0.0326995
        1922      5.8136     5.22336   0.0326839
        1923     5.81831     5.22367   0.0326684
        1924     5.82349     5.22398   0.0326529
        1925      5.8249     5.22429   0.0326374
        1926     5.82819     5.22461    0.032622
        1927     5.83128     5.22492   0.0326066
        1928     5.83626     5.22524   0.0325912
        1929     5.83892     5.22556   0.0325759
        1930     5.84137     5.22588   0.0325606
        1931     5.84362      5.2262   0.0325453
        1932     5.84356     5.22652     0.03253
        1933     5.84543     5.22684   0.0325147
        1934      5.8464     5.22716   0.0324995
        1935     5.84789     5.22748   0.0324843
        1936     5.85061      5.2278   0.0324691
        1937     5.85174     5.22812   0.0324539
        1938     5.85339     5.22844   0.0324388
        1939     5.85414     5.22877   0.0324237
        1940     5.85401     5.22909   0.0324086
        1941      5.8551     5.22941   0.0323935
        1942     5.85388     5.22973   0.0323784
        1943     5.85387     5.23005   0.0323633
        1944     5.85226     5.23037   0.0323482
        1945     5.85256     5.23069   0.0323332
        1946     5.85267     5.23101   0.0323182
        1947     5.85045     5.23133   0.0323031
        1948     5.84872     5.23165   0.0322881
        1949     5.84678     5.23196   0.0322731
        1950     5.84534     5.23228   0.0322581
        1951     5.84368     5.23259    0.032243
        1952     5.84181      5.2329    0.032228
        1953     5.84042     5.23321    0.032213
        1954     5.83811     5.23352    0.032198
        1955     5.83629     5.23383    0.032183
        1956     5.83284     5.23414   0.0321681
        1957     5.82987     5.23444   0.0321531
        1958     5.82599     5.23475   0.0321381
        1959      5.8233     5.23505   0.0321231
        1960      5.8204     5.23534   0.0321081
        1961     5.81658     5.23564    0.032093
        1962     5.81256     5.23594    0.032078
        1963     5.80904     5.23623    0.032063
        1964      5.8046     5.23652    0.032048
        1965     5.79998      5.2368    0.032033
        1966     5.79515     5.23709   0.0320179
        1967     5.79014     5.23737   0.0320029
        1968     5.78495     5.23765   0.0319878
        1969     5.77887     5.23792   0.0319728
        1970     5.77262     5.23819   0.0319577
        1971     5.76691     5.23846   0.0319426
        1972     5.75821     5.23872   0.0319275
        1973     5.75006     5.23898   0.0319124
        1974     5.74318     5.23924   0.0318972
        1975     5.73755     5.23949   0.0318821
        1976      5.7318     5.23974   0.0318669
        1977     5.72168     5.23998   0.0318517
        1978     5.71566     5.24022   0.0318365
        1979     5.70742     5.24046   0.0318213
        1980     5.70048     5.24069   0.0318061
        1981     5.69414     5.24092   0.0317909
        1982     5.68982     5.24115   0.0317756
        1983     5.68189     5.24137   0.0317604
        1984     5.67599     5.24159   0.0317451
        1985     5.67002     5.24181   0.0317299
        1986     5.66399     5.24202   0.0317146
        1987     5.65649     5.24223   0.0316993
        1988     5.65035     5.24243   0.0316841
        1989     5.64277     5.24263   0.0316688
        1990     5.63516     5.24283   0.0316535
        1991     5.62753     5.24302   0.0316382
        1992      5.6206     5.24321   0.0316228
        1993     5.61297      5.2434   0.0316075
        1994     5.60535     5.24358   0.0315922
        1995     5.59705     5.24376   0.0315769
        1996     5.59089     5.24393   0.0315615
        1997     5.58476      5.2441   0.0315462
        1998     5.57445     5.24427   0.0315308
        1999     5.56772     5.24443   0.0315155
        2000     5.56106     5.24459   0.0315001
