#     BLOCK:   ACTUAL_T:     T_AVE:       ERROR:
           1     1.49993     1.49993           0
           2     1.26287      1.3814    0.083815
           3    0.861959     1.20825    0.152016
           4    0.522273     1.03676    0.187234
           5    0.438303    0.917067    0.184112
           6    0.525484    0.851804    0.164588
           7    0.614074    0.817842    0.144537
           8    0.652279    0.797147    0.127943
           9     0.67365    0.783425     0.11446
          10    0.709128    0.775995    0.103255
          11    0.759871    0.774529   0.0938786
          12    0.803498    0.776943   0.0860864
          13    0.819802     0.78024   0.0795275
          14    0.807939    0.782219   0.0738715
          15    0.778066    0.781942   0.0689473
          16     0.74355    0.779542   0.0646798
          17    0.724375    0.776297   0.0609565
          18    0.734513    0.773976   0.0576142
          19    0.771268    0.773833    0.054582
          20    0.805648    0.775424   0.0518761
          21    0.819151    0.777506   0.0494476
          22    0.828693    0.779833   0.0472547
          23    0.845143    0.782673   0.0452854
          24    0.854124     0.78565   0.0434962
          25    0.841407     0.78788   0.0418135
          26    0.814754    0.788914   0.0402181
          27    0.797981    0.789249   0.0387299
          28    0.803091    0.789744   0.0373499
          29    0.819096    0.790756   0.0360757
          30    0.826338    0.791942   0.0348926
          31    0.806097    0.792399     0.03377
          32    0.782807    0.792099   0.0327161
          33    0.790132    0.792039   0.0317247
          34    0.799499    0.792259   0.0307924
          35     0.77357    0.791725   0.0299172
          36    0.752116    0.790624   0.0291064
          37    0.785277     0.79048   0.0283201
          38    0.835582    0.791667   0.0275997
          39    0.844044     0.79301   0.0269247
          40    0.801852    0.793231   0.0262525
          41    0.752341    0.792234   0.0256311
          42    0.752074    0.791277   0.0250387
          43     0.80953    0.791702     0.02446
          44    0.868181     0.79344   0.0239658
          45     0.89159    0.795621   0.0235322
          46     0.87447    0.797335    0.023083
          47    0.813269    0.797674   0.0225944
          48    0.722957    0.796118   0.0221772
          49    0.675251    0.793651   0.0218613
          50    0.725471    0.792287   0.0214666
          51    0.824993    0.792929   0.0210553
          52    0.888217    0.794761   0.0207299
          53    0.872503    0.796228   0.0203906
          54    0.806253    0.796414   0.0200139
          55    0.759711    0.795746   0.0196611
          56    0.769587    0.795279   0.0193156
          57     0.80479    0.795446   0.0189774
          58    0.831179    0.796062   0.0186602
          59    0.843987    0.796874   0.0183616
          60    0.828507    0.797402   0.0180632
          61    0.783389    0.797172   0.0177685
          62     0.74924    0.796399   0.0174987
          63    0.760208    0.795824   0.0172304
          64    0.794174    0.795799   0.0169612
          65    0.807221    0.795974   0.0167012
          66     0.79599    0.795974   0.0164481
          67    0.782608    0.795775   0.0162038
          68    0.777516    0.795506   0.0159678
          69    0.784141    0.795342   0.0157372
          70    0.806428      0.7955   0.0155132
          71    0.850582    0.796276   0.0153141
          72    0.884498    0.797501   0.0151503
          73    0.868225     0.79847   0.0149737
          74    0.815485      0.7987   0.0147731
          75    0.761319    0.798202   0.0145846
          76    0.755368    0.797638   0.0144035
          77    0.798283    0.797646   0.0142165
          78    0.830913    0.798073   0.0140406
          79      0.8247     0.79841   0.0138669
          80    0.790608    0.798312   0.0136939
          81    0.758371    0.797819   0.0135338
          82    0.740062    0.797115    0.013387
          83    0.745162    0.796489   0.0132404
          84    0.777187    0.796259   0.0130847
          85    0.824232    0.796588   0.0129349
          86    0.857948    0.797302   0.0128042
          87    0.851848    0.797929   0.0126724
          88    0.797187     0.79792   0.0125284
          89    0.729985    0.797157   0.0124108
          90    0.727998    0.796389   0.0122967
          91    0.796262    0.796387   0.0121616
          92    0.858806    0.797066   0.0120483
          93    0.854034    0.797678   0.0119343
          94     0.80167    0.797721   0.0118074
          95    0.762758    0.797353   0.0116889
          96    0.783763    0.797211    0.011568
          97    0.839319    0.797645   0.0114568
          98    0.834045    0.798017   0.0113459
          99    0.770315    0.797737   0.0112348
         100    0.742729    0.797187   0.0111359
         101    0.793438     0.79715   0.0110257
         102    0.838864    0.797559   0.0109252
         103    0.823576    0.797811    0.010822
         104    0.805941    0.797889   0.0107183
         105    0.825979    0.798157   0.0106195
         106    0.866072    0.798798   0.0105387
         107     0.88259    0.799581   0.0104692
         108    0.854909    0.800093   0.0103848
         109    0.793142    0.800029   0.0102897
         110    0.728899    0.799383   0.0102165
         111      0.7042    0.798525   0.0101604
         112    0.726224    0.797879   0.0100901
         113    0.769282    0.797626    0.010004
         114    0.801529    0.797661  0.00991632
         115    0.805172    0.797726  0.00983031
         116    0.782214    0.797592  0.00974647
         117    0.762469    0.797292  0.00966779
         118    0.776582    0.797117  0.00958745
         119    0.803295    0.797168  0.00950703
         120    0.824232    0.797394  0.00943048
         121    0.841138    0.797756  0.00935947
         122    0.837929    0.798085  0.00928854
         123    0.834901    0.798384  0.00921784
         124    0.850249    0.798802  0.00915299
         125    0.862429    0.799311  0.00909391
         126    0.833524    0.799583  0.00902579
         127    0.783569    0.799457   0.0089556
         128    0.754742    0.799108  0.00889245
         129    0.732856    0.798594  0.00883833
         130    0.732117    0.798083  0.00878512
         131    0.749197    0.797709  0.00872598
         132    0.779485    0.797571  0.00866097
         133    0.830041    0.797815  0.00859929
         134    0.852332    0.798222  0.00854473
         135    0.817192    0.798363  0.00848259
         136    0.765011    0.798118  0.00842377
         137    0.759039    0.797832  0.00836711
         138    0.798741    0.797839  0.00830648
         139    0.827627    0.798053  0.00824948
         140    0.810613    0.798143  0.00819105
         141    0.777418    0.797996  0.00813427
         142    0.778528    0.797859  0.00807815
         143    0.812152    0.797959  0.00802227
         144    0.850933    0.798327  0.00797499
         145    0.873778    0.798847  0.00793695
         146    0.880399    0.799406  0.00790222
         147    0.875506    0.799923   0.0078654
         148    0.840735    0.800199  0.00781709
         149    0.764854    0.799962  0.00776822
         150    0.708944    0.799355   0.0077401
         151    0.726317    0.798871  0.00770394
         152    0.779383    0.798743  0.00765432
         153    0.810927    0.798823  0.00760471
         154    0.806318    0.798871  0.00755548
         155    0.786536    0.798792  0.00750716
         156    0.775579    0.798643  0.00746051
         157    0.776929    0.798505  0.00741427
         158    0.775823    0.798361  0.00736873
         159    0.775802    0.798219  0.00732376
         160    0.804069    0.798256  0.00727807
         161    0.853712      0.7986  0.00724101
         162     0.87775    0.799089  0.00721278
         163    0.855781    0.799437  0.00717691
         164    0.806004    0.799477  0.00713326
         165    0.764307    0.799264  0.00709321
         166    0.763735     0.79905  0.00705371
         167    0.793679    0.799017  0.00701155
         168    0.819375    0.799139  0.00697086
         169    0.825499    0.799295  0.00693136
         170    0.801904     0.79931   0.0068906
         171    0.761907    0.799091  0.00685378
         172    0.746129    0.798783  0.00682084
         173    0.758769    0.798552  0.00678533
         174    0.787086    0.798486  0.00674666
         175    0.829471    0.798663  0.00671043
         176    0.870973    0.799074  0.00668487
         177    0.875215    0.799504  0.00666093
         178    0.828958     0.79967  0.00662556
         179    0.767174    0.799488  0.00659103
         180    0.734961     0.79913  0.00656416
         181    0.743632    0.798823  0.00653505
         182    0.780299    0.798721  0.00649993
         183    0.824369    0.798861  0.00646593
         184    0.846803    0.799122  0.00643603
         185     0.82622    0.799268  0.00640291
         186    0.779578    0.799163  0.00636936
         187    0.753107    0.798916  0.00634006
         188    0.767929    0.798751  0.00630848
         189    0.805327    0.798786   0.0062752
         190     0.83395    0.798971   0.0062449
         191    0.838334    0.799177   0.0062156
         192    0.832041    0.799349  0.00618558
         193    0.814802    0.799429  0.00615405
         194    0.784119     0.79935  0.00612284
         195    0.786022    0.799281  0.00609182
         196    0.839194    0.799485  0.00606414
         197    0.878537    0.799886  0.00604662
         198    0.854285    0.800161  0.00602232
         199     0.78425    0.800081  0.00599259
         200    0.709351    0.799627  0.00597977
         201    0.674464    0.799005  0.00598236
         202    0.714757    0.798588  0.00596726
         203    0.791741    0.798554  0.00593796
         204    0.835685    0.798736  0.00591164
         205    0.836563     0.79892  0.00588569
         206    0.825542     0.79905  0.00585853
         207    0.827268    0.799186  0.00583182
         208    0.844107    0.799402  0.00580778
         209    0.838989    0.799591  0.00578308
         210    0.803707    0.799611  0.00575557
         211    0.777268    0.799505  0.00572927
         212    0.776875    0.799398  0.00570324
         213     0.79356    0.799371  0.00567653
         214     0.80301    0.799388  0.00565003
         215    0.799742     0.79939  0.00562375
         216    0.795758    0.799373  0.00559774
         217    0.797168    0.799363  0.00557195
         218    0.799979    0.799365  0.00554639
         219    0.791962    0.799332  0.00552117
         220    0.774923    0.799221  0.00549719
         221    0.771158    0.799094  0.00547378
         222    0.774033    0.798981  0.00545029
         223    0.766185    0.798834  0.00542783
         224    0.763283    0.798675  0.00540592
         225    0.801142    0.798686   0.0053819
         226    0.844325    0.798888  0.00536188
         227    0.835307    0.799048  0.00534065
         228    0.791024    0.799013  0.00531735
         229    0.740641    0.798758  0.00530023
         230    0.726236    0.798443  0.00528656
         231     0.76468    0.798297  0.00526569
         232    0.820763    0.798394  0.00524389
         233     0.85858    0.798652  0.00522774
         234    0.865171    0.798936  0.00521312
         235    0.842214     0.79912  0.00519419
         236    0.806735    0.799153  0.00517228
         237    0.792427    0.799124  0.00515054
         238    0.803857    0.799144  0.00512893
         239    0.831762    0.799281  0.00510929
         240    0.863061    0.799546  0.00509491
         241    0.853478     0.79977  0.00507868
         242    0.787783    0.799721  0.00505793
         243    0.710861    0.799355  0.00505032
         244    0.691102    0.798911  0.00504907
         245    0.747922    0.798703  0.00503275
         246     0.81982    0.798789  0.00501302
         247    0.844061    0.798972  0.00499608
         248    0.830581      0.7991  0.00497756
         249    0.817286    0.799173   0.0049581
         250    0.811119    0.799221   0.0049385
         251    0.817554    0.799294  0.00491937
         252      0.8207    0.799379  0.00490058
         253    0.798212    0.799374  0.00488121
         254    0.774096    0.799274  0.00486301
         255     0.78352    0.799213  0.00484433
         256    0.822257    0.799303  0.00482624
         257    0.838877    0.799457  0.00480992
         258    0.815372    0.799518  0.00479167
         259    0.781963    0.799451  0.00477365
         260    0.772204    0.799346  0.00475644
         261    0.792347    0.799319  0.00473829
         262    0.820023    0.799398  0.00472087
         263    0.820952     0.79948  0.00470363
         264    0.789603    0.799443  0.00468596
         265    0.754535    0.799273  0.00467134
         266    0.745138     0.79907  0.00465821
         267    0.780936    0.799002  0.00464126
         268    0.845384    0.799175  0.00462717
         269    0.881663    0.799481  0.00462011
         270    0.858199    0.799699  0.00460812
         271    0.796636    0.799688  0.00459113
         272    0.765852    0.799563  0.00457593
         273    0.789028    0.799525  0.00455933
         274     0.81535    0.799582  0.00454306
         275    0.821819    0.799663  0.00452726
         276    0.811579    0.799706  0.00451106
         277    0.797047    0.799697  0.00449479
         278     0.78744    0.799653  0.00447884
         279    0.770101    0.799547  0.00446403
         280    0.749273    0.799367   0.0044517
         281    0.754603    0.799208  0.00443871
         282    0.794369    0.799191    0.004423
         283    0.834616    0.799316  0.00440914
         284    0.826121     0.79941  0.00439463
         285    0.782968    0.799353  0.00437959
         286     0.75556    0.799199  0.00436695
         287    0.767123    0.799088  0.00435316
         288    0.798925    0.799087  0.00433805
         289    0.813459    0.799137  0.00432332
         290    0.802792    0.799149  0.00430843
         291    0.784721      0.7991  0.00429391
         292    0.766338    0.798988  0.00428067
         293    0.744386    0.798801  0.00427012
         294    0.732525    0.798576  0.00426154
         295    0.765506    0.798464  0.00424857
         296    0.831451    0.798575  0.00423568
         297    0.872992    0.798826  0.00422882
         298    0.873462    0.799076  0.00422204
         299    0.844798    0.799229  0.00421069
         300    0.795079    0.799215  0.00419667
         301    0.757878    0.799078  0.00418498
         302    0.771165    0.798986  0.00417214
         303    0.811211    0.799026  0.00415857
         304    0.830803     0.79913   0.0041462
         305     0.81875    0.799195  0.00413311
         306    0.817044    0.799253  0.00412001
         307    0.822367    0.799328  0.00410728
         308    0.825409    0.799413  0.00409482
         309    0.835505     0.79953  0.00408323
         310    0.814425    0.799578  0.00407034
         311    0.782385    0.799523  0.00405763
         312    0.790165    0.799493  0.00404473
         313    0.799526    0.799493  0.00403181
         314    0.786748    0.799452  0.00401918
         315    0.783062      0.7994  0.00400675
         316    0.794079    0.799383  0.00399411
         317    0.807312    0.799408  0.00398159
         318    0.829889    0.799504  0.00397022
         319    0.837285    0.799623  0.00395954
         320    0.796264    0.799612  0.00394718
         321    0.754335    0.799471   0.0039374
         322    0.766857     0.79937  0.00392648
         323    0.805384    0.799388  0.00391437
         324    0.819568    0.799451  0.00390278
         325    0.808937     0.79948  0.00389088
         326    0.799697    0.799481  0.00387895
         327    0.801488    0.799487  0.00386709
         328    0.821867    0.799555   0.0038559
         329    0.848042    0.799702    0.003847
         330    0.843556    0.799835  0.00383763
         331    0.804511    0.799849  0.00382606
         332    0.769811    0.799759  0.00381561
         333    0.780733    0.799702  0.00380458
         334    0.811964    0.799738  0.00379337
         335    0.812515    0.799777  0.00378223
         336    0.805663    0.799794  0.00377102
         337    0.805966    0.799812  0.00375987
         338    0.772473    0.799731  0.00374962
         339    0.718974    0.799493  0.00374612
         340    0.697688    0.799194  0.00374705
         341    0.733102       0.799  0.00374107
         342    0.791343    0.798978   0.0037302
         343    0.822028    0.799045  0.00371993
         344    0.822745    0.799114  0.00370975
         345    0.821773    0.799179  0.00369958
         346    0.833801    0.799279  0.00369024
         347    0.848998    0.799423  0.00368238
         348    0.848632    0.799564  0.00367452
         349    0.813552    0.799604  0.00366421
         350    0.748317    0.799458  0.00365667
         351    0.703062    0.799183  0.00365655
         352     0.72188    0.798963  0.00365275
         353    0.793842    0.798949  0.00364243
         354     0.85432    0.799105   0.0036355
         355     0.86712    0.799297   0.0036303
         356    0.843677    0.799422  0.00362224
         357    0.805566    0.799439  0.00361214
         358    0.788142    0.799407  0.00360219
         359    0.799515    0.799408  0.00359215
         360    0.795295    0.799396  0.00358219
         361    0.762215    0.799293  0.00357375
         362    0.732781    0.799109   0.0035686
         363    0.719125    0.798889  0.00356556
         364     0.71241    0.798651  0.00356367
         365    0.726942    0.798455  0.00355932
         366    0.773232    0.798386  0.00355026
         367    0.832888     0.79848  0.00354183
         368    0.880284    0.798702  0.00353918
         369    0.902016    0.798982  0.00354064
         370    0.890722     0.79923  0.00353975
         371    0.852982    0.799375  0.00353317
         372    0.817062    0.799423  0.00352399
         373    0.794738     0.79941  0.00351457
         374    0.791926     0.79939  0.00350523
         375    0.793037    0.799373  0.00349592
         376    0.781798    0.799327  0.00348693
         377     0.76322    0.799231    0.003479
         378    0.745227    0.799088  0.00347273
         379     0.72129    0.798883  0.00346963
         380    0.729713    0.798701  0.00346527
         381     0.80993     0.79873   0.0034563
         382    0.887605    0.798963  0.00345507
         383    0.882071     0.79918  0.00345286
         384    0.826413    0.799251  0.00344459
         385     0.79716    0.799245  0.00343565
         386    0.814848    0.799286  0.00342699
         387    0.848757    0.799413  0.00342052
         388    0.837871    0.799513  0.00341314
         389    0.788847    0.799485  0.00340447
         390     0.77219    0.799415  0.00339646
         391    0.799977    0.799417  0.00338778
         392     0.82413     0.79948  0.00337972
         393    0.798879    0.799478  0.00337112
         394    0.730733    0.799304  0.00336708
         395    0.683732    0.799011  0.00337124
         396    0.717058    0.798804  0.00336907
         397     0.79947    0.798806  0.00336059
         398    0.853817    0.798944  0.00335499
         399    0.864594    0.799109  0.00335061
         400    0.833777    0.799195  0.00334335
         401    0.787063    0.799165  0.00333515
         402    0.766235    0.799083  0.00332786
         403    0.768483    0.799007  0.00332047
         404    0.785612    0.798974  0.00331242
         405    0.819869    0.799026  0.00330464
         406    0.845468     0.79914  0.00329848
         407    0.844865    0.799252  0.00329229
         408    0.825164    0.799316  0.00328483
         409    0.791166    0.799296  0.00327686
         410     0.77322    0.799232  0.00326949
         411    0.794016     0.79922  0.00326156
         412    0.827103    0.799287  0.00325434
         413    0.837585     0.79938  0.00324778
         414    0.838967    0.799476  0.00324134
         415    0.862075    0.799626  0.00323704
         416    0.876182     0.79981  0.00323449
         417    0.854273    0.799941  0.00322937
         418    0.804057    0.799951  0.00322166
         419    0.754183    0.799842  0.00321582
         420    0.737064    0.799692  0.00321163
         421    0.749801    0.799574  0.00320619
         422    0.759204    0.799478  0.00320002
         423    0.748794    0.799358   0.0031947
         424    0.737747    0.799213  0.00319047
         425    0.752273    0.799102  0.00318487
         426     0.78685    0.799074  0.00317752
         427    0.811433    0.799103  0.00317021
         428    0.819866    0.799151  0.00316318
         429    0.805765    0.799167  0.00315584
         430    0.775523    0.799112  0.00314898
         431     0.76835     0.79904  0.00314248
         432    0.790321     0.79902  0.00313527
         433    0.802489    0.799028  0.00312804
         434    0.801456    0.799034  0.00312084
         435    0.817068    0.799075  0.00311394
         436    0.853798    0.799201  0.00310933
         437    0.874171    0.799372  0.00310694
         438    0.847902    0.799483  0.00310182
         439    0.785667    0.799451  0.00309492
         440    0.740705    0.799318  0.00309076
         441    0.756441    0.799221  0.00308528
         442    0.796627    0.799215  0.00307831
         443    0.816188    0.799253   0.0030716
         444    0.809192    0.799276  0.00306476
         445    0.783456     0.79924  0.00305808
         446    0.749813    0.799129  0.00305323
         447    0.719698    0.798952  0.00305157
         448    0.728322    0.798794  0.00304883
         449    0.798368    0.798793  0.00304204
         450    0.891272    0.798998  0.00304221
         451    0.936677    0.799304  0.00305074
         452     0.90632     0.79954  0.00305317
         453    0.827166    0.799601  0.00304704
         454    0.762429     0.79952  0.00304142
         455    0.746443    0.799403  0.00303698
         456    0.750254    0.799295  0.00303223
         457     0.76169    0.799213  0.00302671
         458    0.796353    0.799207  0.00302011
         459    0.819132     0.79925  0.00301384
         460    0.809726    0.799273  0.00300737
         461    0.803967    0.799283  0.00300087
         462    0.821478    0.799331  0.00299476
         463    0.827384    0.799392   0.0029889
         464    0.810253    0.799415  0.00298255
         465    0.800753    0.799418  0.00297614
         466    0.801521    0.799422  0.00296976
         467    0.794895    0.799413  0.00296341
         468    0.784197     0.79938  0.00295726
         469    0.778649    0.799336  0.00295128
         470    0.775643    0.799286  0.00294543
         471     0.77219    0.799228  0.00293974
         472    0.760198    0.799145  0.00293468
         473    0.739446    0.799019  0.00293119
         474    0.746613    0.798909  0.00292709
         475     0.79194    0.798894  0.00292096
         476    0.841193    0.798983  0.00291618
         477    0.875116    0.799142  0.00291443
         478       0.888    0.799328  0.00291425
         479    0.876532    0.799489  0.00291262
         480    0.846964    0.799588  0.00290823
         481    0.806817    0.799603  0.00290222
         482    0.755522    0.799512  0.00289764
         483    0.728446    0.799365  0.00289538
         484    0.752728    0.799268    0.002891
         485    0.795707    0.799261  0.00288505
         486    0.814733    0.799293  0.00287929
         487    0.811312    0.799318  0.00287348
         488    0.815235     0.79935  0.00286778
         489    0.813052    0.799378  0.00286205
         490    0.797491    0.799374  0.00285621
         491    0.786194    0.799348  0.00285052
         492    0.780433    0.799309  0.00284499
         493    0.781993    0.799274  0.00283943
         494    0.798751    0.799273  0.00283368
         495    0.810078    0.799295  0.00282804
         496    0.809085    0.799314  0.00282241
         497    0.816439    0.799349  0.00281694
         498    0.828869    0.799408  0.00281191
         499    0.824925    0.799459  0.00280674
         500    0.808031    0.799476  0.00280118
