#     BLOCK:   ACTUAL_T:     T_AVE:       ERROR:
           1    0.970004    0.970004           0
           2     0.97003    0.970017 9.22377e-06
           3    0.970083    0.970039 1.88795e-05
           4    0.970162     0.97007 3.01191e-05
           5    0.970268    0.970109 4.28554e-05
           6    0.970402    0.970158 5.70459e-05
           7    0.970564    0.970216 7.26533e-05
           8    0.970757    0.970284 8.96628e-05
           9    0.970981    0.970361 0.000108094
          10    0.971237    0.970449 0.000127953
          11    0.971528    0.970547  0.00014924
          12    0.971853    0.970656 0.000171976
          13    0.972216    0.970776   0.0001962
          14    0.972618    0.970907 0.000221966
          15    0.973062    0.971051 0.000249336
          16     0.97355    0.971207 0.000278398
          17    0.974086    0.971376 0.000309252
          18    0.974672     0.97156 0.000342008
          19    0.975314    0.971757 0.000376783
          20    0.976014     0.97197 0.000413713
          21    0.976778    0.972199 0.000452954
          22    0.977611    0.972445 0.000494673
          23    0.978518    0.972709 0.000539054
          24    0.979506    0.972992 0.000586289
          25    0.980581    0.973296 0.000636589
          26    0.981751    0.973621 0.000690183
          27    0.983023    0.973969 0.000747325
          28    0.984408    0.974342 0.000808291
          29    0.985914    0.974741 0.000873386
          30    0.987556    0.975168 0.000942963
          31    0.989346    0.975626  0.00101743
          32    0.991305    0.976116  0.00109729
          33    0.993452    0.976641  0.00118313
          34    0.995814    0.977205  0.00127566
          35    0.998422    0.977811  0.00137573
          36     1.00131    0.978464  0.00148437
          37     1.00453    0.979168  0.00160276
          38     1.00812     0.97993  0.00173221
          39     1.01211    0.980755    0.001874
          40      1.0165    0.981649  0.00202905
          41     1.02122    0.982614  0.00219711
          42     1.02597    0.983646  0.00237498
          43     1.03005    0.984725  0.00255318
          44     1.03202      0.9858  0.00271201
          45     1.03024    0.986788  0.00282584
          46     1.02597     0.98764  0.00288992
          47      1.0256    0.988447  0.00293913
          48     1.03166    0.989348  0.00301264
          49     1.03953    0.990372  0.00312037
          50     1.04725    0.991509  0.00325875
          51     1.05529     0.99276  0.00342642
          52     1.06287    0.994108  0.00361607
          53     1.06812    0.995505  0.00380797
          54     1.06968    0.996878  0.00397746
          55     1.06759    0.998164  0.00410768
          56     1.06341    0.999329   0.0041963
          57     1.06049      1.0004  0.00425768
          58     1.06392      1.0015  0.00432281
          59     1.07368     1.00272  0.00441927
          60     1.08319     1.00406  0.00454459
          61     1.08844     1.00545  0.00467584
          62     1.08962      1.0068  0.00479347
          63     1.08921     1.00811   0.0048926
          64     1.08914     1.00938  0.00497727
          65      1.0893     1.01061   0.0050503
          66     1.09118     1.01183   0.0051192
          67      1.0973      1.0131  0.00519931
          68     1.10617     1.01447  0.00529994
          69     1.11374     1.01591  0.00541488
          70     1.11744     1.01736  0.00552838
          71     1.11641     1.01876  0.00562376
          72     1.11071     1.02003  0.00568884
          73     1.10301     1.02117  0.00572335
          74     1.09951     1.02223  0.00574307
          75     1.10346     1.02331  0.00576774
          76     1.11076     1.02446  0.00580549
          77      1.1165     1.02566  0.00585186
          78     1.11876     1.02685   0.0058973
          79     1.11687     1.02799  0.00593172
          80     1.11072     1.02902  0.00594704
          81     1.10282     1.02994  0.00594299
          82     1.09884     1.03078  0.00592961
          83     1.10146     1.03163  0.00591902
          84     1.10782     1.03253  0.00591765
          85     1.11441      1.0335   0.0059259
          86     1.11933      1.0345  0.00594044
          87     1.12234     1.03551  0.00595736
          88     1.12436     1.03652   0.0059746
          89     1.12642     1.03753  0.00599226
          90     1.12901     1.03854  0.00601128
          91     1.13203     1.03957  0.00603237
          92     1.13514     1.04061  0.00605559
          93     1.13814     1.04166  0.00608061
          94     1.14087     1.04271  0.00610684
          95     1.14305     1.04377  0.00613321
          96     1.14401     1.04481  0.00615757
          97     1.14288     1.04582  0.00617653
          98      1.1394     1.04678  0.00618687
          99     1.13488     1.04767  0.00618805
         100     1.13077      1.0485  0.00618171
         101     1.12604     1.04927    0.006168
         102     1.12253     1.04999   0.0061492
         103     1.12757     1.05074  0.00613546
         104     1.14034      1.0516  0.00613665
         105     1.15248     1.05256  0.00615296
         106     1.15882     1.05356  0.00617603
         107     1.15556     1.05452  0.00619143
         108     1.14219     1.05533  0.00618709
         109     1.13501     1.05606  0.00617336
         110     1.14271     1.05685  0.00616729
         111     1.14652     1.05765  0.00616442
         112     1.14464     1.05843  0.00615811
         113     1.14597     1.05921  0.00615214
         114     1.15028     1.06001  0.00614982
         115     1.15556     1.06084  0.00615223
         116     1.16005     1.06169  0.00615835
         117     1.16068     1.06254  0.00616356
         118     1.15651     1.06333  0.00616257
         119     1.14935     1.06406  0.00615303
         120     1.14177      1.0647  0.00613574
         121      1.1372      1.0653  0.00611421
         122     1.13925     1.06591  0.00609406
         123     1.14602     1.06656  0.00607922
         124     1.15238     1.06725  0.00606947
         125     1.15683     1.06797  0.00606307
         126     1.16017      1.0687  0.00605895
         127     1.16255     1.06944  0.00605614
         128     1.16358     1.07018  0.00605332
         129     1.16325      1.0709  0.00604923
         130     1.16222      1.0716  0.00604336
         131     1.16162     1.07229  0.00603617
         132     1.16203     1.07297  0.00602861
         133     1.16261     1.07364  0.00602083
         134      1.1614      1.0743  0.00601142
         135     1.15803     1.07492   0.0059988
         136     1.15694     1.07552  0.00598493
         137     1.16127     1.07614  0.00597389
         138     1.16509     1.07679  0.00596528
         139     1.16426     1.07742  0.00595546
         140     1.16394     1.07804   0.0059449
         141     1.16772     1.07867  0.00593667
         142     1.17254     1.07933  0.00593155
         143     1.17685     1.08002  0.00592914
         144     1.18118     1.08072  0.00592944
         145     1.18556     1.08144  0.00593247
         146     1.18977     1.08218  0.00593806
         147     1.19383     1.08294  0.00594603
         148     1.19776     1.08372  0.00595625
         149     1.20126     1.08451  0.00596829
         150     1.20339      1.0853  0.00598089
         151     1.20174     1.08607  0.00599079
         152     1.19108     1.08676  0.00599108
         153     1.17012     1.08731  0.00597665
         154     1.16478     1.08781  0.00595898
         155     1.18457     1.08843  0.00595314
         156     1.20044     1.08915  0.00595811
         157     1.20763     1.08991  0.00596777
         158     1.21074     1.09067   0.0059788
         159     1.21088     1.09143  0.00598881
         160     1.20954     1.09217   0.0059967
         161     1.21045      1.0929  0.00600429
         162     1.21562     1.09366  0.00601482
         163     1.22256     1.09445  0.00602968
         164     1.22799     1.09526  0.00604765
         165     1.23008     1.09608  0.00606594
         166     1.22757     1.09687  0.00608089
         167     1.21959     1.09761  0.00608872
         168     1.20702     1.09826  0.00608721
         169      1.1955     1.09883  0.00607832
         170     1.19392     1.09939  0.00606825
         171     1.20534     1.10001  0.00606431
         172     1.22004     1.10071  0.00606907
         173     1.22511     1.10143  0.00607643
         174      1.2198     1.10211  0.00607947
         175     1.21464     1.10275  0.00607864
         176     1.21591      1.1034  0.00607801
         177     1.21893     1.10405  0.00607862
         178     1.21939      1.1047  0.00607892
         179     1.21596     1.10532  0.00607665
         180     1.20819     1.10589  0.00606971
         181     1.19758      1.1064  0.00605727
         182     1.18928     1.10685  0.00604109
         183      1.1873     1.10729  0.00602405
         184     1.18874     1.10773  0.00600755
         185     1.18967     1.10818  0.00599138
         186     1.18992     1.10862  0.00597527
         187      1.1905     1.10905  0.00595934
         188     1.19138     1.10949  0.00594371
         189      1.1914     1.10993  0.00592804
         190     1.18892     1.11034   0.0059114
         191     1.18275     1.11072  0.00589259
         192     1.17447     1.11105  0.00587125
         193     1.17039     1.11136  0.00584887
         194     1.17401     1.11168  0.00582763
         195     1.17991     1.11203  0.00580824
         196     1.18308      1.1124  0.00578991
         197     1.18333     1.11276   0.0057717
         198     1.18211     1.11311  0.00575317
         199     1.18062     1.11344  0.00573425
         200     1.17926     1.11377  0.00571502
         201     1.17766     1.11409  0.00569541
         202     1.17518     1.11439  0.00567524
         203     1.17194     1.11468  0.00565436
         204     1.16935     1.11495  0.00563299
         205     1.16929     1.11521  0.00561175
         206      1.1722     1.11549  0.00559132
         207     1.17693     1.11578  0.00557218
         208     1.18217      1.1161  0.00555453
         209     1.18727     1.11644  0.00553838
         210     1.19151      1.1168  0.00552353
         211     1.19348     1.11716  0.00550929
         212     1.19108     1.11751  0.00549432
         213     1.18223     1.11782  0.00547692
         214     1.16784     1.11805  0.00545632
         215     1.15691     1.11823  0.00543393
         216     1.15964     1.11842  0.00541216
         217     1.17105     1.11867  0.00539265
         218     1.18164     1.11895  0.00537564
         219     1.18971     1.11928  0.00536079
         220     1.19615     1.11963   0.0053478
         221     1.20046     1.11999   0.0053361
         222     1.20204     1.12036  0.00532484
         223      1.2014     1.12073  0.00531335
         224     1.19944     1.12108  0.00530124
         225     1.19621     1.12141  0.00528818
         226     1.19176     1.12172  0.00527394
         227     1.18818     1.12202  0.00525882
         228     1.18731      1.1223  0.00524355
         229     1.18791     1.12259  0.00522847
         230     1.19083     1.12288  0.00521415
         231     1.19592      1.1232  0.00520116
         232     1.19786     1.12352  0.00518869
         233     1.19412     1.12383  0.00517526
         234     1.18802      1.1241  0.00516041
         235     1.18567     1.12436  0.00514509
         236     1.18891     1.12464  0.00513056
         237     1.19408     1.12493  0.00511727
         238     1.19794     1.12524  0.00510495
         239     1.19799     1.12554  0.00509266
         240     1.19199     1.12582  0.00507896
         241     1.18218     1.12605  0.00506327
         242     1.17515     1.12625  0.00504641
         243     1.17238     1.12644  0.00502921
         244     1.17541     1.12664   0.0050126
         245     1.18668     1.12689  0.00499813
         246      1.1979     1.12718  0.00498614
         247     1.20521     1.12749  0.00497595
         248     1.21068     1.12783  0.00496718
         249     1.21472     1.12818  0.00495947
         250     1.21646     1.12853  0.00495219
         251      1.2154     1.12888  0.00494454
         252     1.21168     1.12921  0.00493582
         253     1.20631     1.12951  0.00492572
         254     1.20124     1.12979  0.00491441
         255     1.19826     1.13006  0.00490247
         256     1.19725     1.13032  0.00489034
         257     1.19702     1.13058  0.00487819
         258     1.19866     1.13085  0.00486641
         259     1.20335     1.13113  0.00485567
         260     1.20804     1.13142    0.004846
         261     1.20997     1.13172  0.00483676
         262     1.20884     1.13202  0.00482725
         263     1.20473     1.13229  0.00481681
         264     1.19934     1.13255  0.00480525
         265     1.19613     1.13279   0.0047931
         266     1.19722     1.13303   0.0047812
         267     1.20385      1.1333  0.00477065
         268     1.21461      1.1336  0.00476248
         269     1.22449     1.13394  0.00475675
         270     1.23005     1.13429  0.00475243
         271      1.2309     1.13465  0.00474825
         272     1.22757     1.13499  0.00474306
         273     1.22046      1.1353  0.00473601
         274     1.21112     1.13558   0.0047268
         275      1.2041     1.13583  0.00471618
         276      1.2037     1.13608   0.0047055
         277     1.20792     1.13634  0.00469565
         278     1.21204     1.13661  0.00468665
         279     1.21392     1.13689  0.00467804
         280     1.21356     1.13716  0.00466934
         281     1.21172     1.13742  0.00466025
         282     1.20962     1.13768  0.00465076
         283     1.20788     1.13793  0.00464093
         284     1.20518     1.13817  0.00463063
         285     1.20085     1.13839   0.0046196
         286     1.19823     1.13859  0.00460819
         287     1.20016     1.13881  0.00459712
         288     1.20448     1.13904  0.00458681
         289     1.20764     1.13927  0.00457708
         290     1.20758     1.13951  0.00456735
         291     1.20442     1.13973   0.0045571
         292      1.1999     1.13994  0.00454615
         293     1.19631     1.14013   0.0045347
         294     1.19577     1.14032  0.00452322
         295     1.19887     1.14052  0.00451224
         296      1.2036     1.14073  0.00450203
         297     1.20712     1.14096  0.00449242
         298     1.20774     1.14118  0.00448293
         299     1.20474     1.14139  0.00447297
         300     1.19892     1.14158  0.00446217
         301     1.19379     1.14176  0.00445071
         302     1.19221     1.14192  0.00443911
         303     1.19275     1.14209  0.00442763
         304     1.19356     1.14226   0.0044163
         305     1.19295     1.14243  0.00440495
         306     1.18885     1.14258  0.00439316
         307     1.18129     1.14271  0.00438066
         308     1.17647     1.14282  0.00436781
         309     1.18363     1.14295  0.00435567
         310     1.19641     1.14312  0.00434503
         311     1.20411     1.14332  0.00433549
         312     1.20545     1.14352  0.00432616
         313     1.20159      1.1437  0.00431632
         314      1.1949     1.14386  0.00430565
         315     1.19179     1.14402  0.00429467
         316     1.19484     1.14418  0.00428409
         317     1.19852     1.14435    0.004274
         318     1.19972     1.14452  0.00426411
         319      1.1989     1.14469  0.00425415
         320     1.19466     1.14485  0.00424372
         321     1.18393     1.14497  0.00423224
         322     1.16761     1.14504  0.00421968
         323     1.15763     1.14508   0.0042068
         324     1.16504     1.14514  0.00419426
         325     1.18014     1.14525  0.00418274
         326     1.19249     1.14539  0.00417242
         327     1.20076     1.14556   0.0041631
         328     1.20565     1.14575  0.00415443
         329     1.20765     1.14593  0.00414606
         330     1.20718     1.14612  0.00413765
         331     1.20458      1.1463  0.00412892
         332     1.20011     1.14646  0.00411966
         333      1.1938      1.1466  0.00410974
         334     1.18633     1.14672  0.00409916
         335     1.18071     1.14682  0.00408818
         336     1.18099     1.14692  0.00407727
         337     1.18678     1.14704  0.00406689
         338     1.19327     1.14718  0.00405716
         339     1.19547     1.14732  0.00404769
         340     1.19082     1.14745  0.00403781
         341     1.18431     1.14756  0.00402741
         342     1.18632     1.14767  0.00401723
         343     1.19465     1.14781  0.00400785
         344     1.20146     1.14796  0.00399924
         345     1.20618     1.14813   0.0039912
         346     1.20902     1.14831  0.00398355
         347     1.20722     1.14848  0.00397568
         348     1.19796     1.14862   0.0039668
         349     1.18458     1.14872  0.00395677
         350     1.17959     1.14881  0.00394645
         351     1.18853     1.14892  0.00393683
         352     1.20044     1.14907  0.00392836
         353     1.20573     1.14923  0.00392051
         354     1.20523     1.14939  0.00391263
         355      1.2037     1.14954   0.0039046
         356      1.2018     1.14969  0.00389639
         357     1.20199     1.14984  0.00388822
         358      1.2047     1.14999  0.00388038
         359      1.2062     1.15015  0.00387273
         360     1.20551      1.1503  0.00386503
         361     1.20344     1.15045  0.00385712
         362     1.20247     1.15059  0.00384914
         363     1.20765     1.15075  0.00384175
         364       1.219     1.15093  0.00383577
         365     1.22951     1.15115  0.00383129
         366     1.23279     1.15137  0.00382731
         367     1.22393     1.15157  0.00382199
         368     1.19865      1.1517  0.00381374
         369     1.17219     1.15175  0.00380381
         370     1.18137     1.15183  0.00379437
         371     1.20217     1.15197  0.00378657
         372     1.20497     1.15211  0.00377907
         373     1.19593     1.15223  0.00377076
         374     1.18312     1.15231  0.00376159
         375     1.17177     1.15236  0.00375191
         376     1.17534     1.15243  0.00374243
         377     1.19285     1.15253  0.00373404
         378     1.20397     1.15267  0.00372664
         379     1.20193      1.1528  0.00371907
         380     1.18984      1.1529  0.00371056
         381     1.17623     1.15296  0.00370133
         382     1.17269     1.15301    0.003692
         383     1.17848     1.15308  0.00368296
         384     1.18432     1.15316  0.00367427
         385     1.18605     1.15324  0.00366572
         386     1.18243     1.15332    0.003657
         387     1.17383     1.15337  0.00364794
         388     1.16471      1.1534  0.00363865
         389     1.16104     1.15342  0.00362935
         390     1.16172     1.15344  0.00362011
         391     1.16207     1.15346  0.00361091
         392     1.16138     1.15348  0.00360176
         393     1.16114      1.1535  0.00359265
         394     1.16197     1.15352  0.00358359
         395     1.16329     1.15355  0.00357461
         396      1.1641     1.15358  0.00356568
         397     1.16361      1.1536  0.00355679
         398     1.16161     1.15362  0.00354791
         399     1.15868     1.15363  0.00353904
         400     1.15561     1.15364  0.00353019
         401     1.15261     1.15364  0.00352139
         402     1.14965     1.15363  0.00351264
         403     1.14716     1.15361  0.00350397
         404     1.14579     1.15359  0.00349535
         405     1.14518     1.15357  0.00348678
         406     1.14375     1.15355  0.00347827
         407     1.14208     1.15352  0.00346984
         408     1.14427      1.1535  0.00346141
         409     1.15094     1.15349  0.00345295
         410     1.15612      1.1535  0.00344454
         411     1.15396      1.1535  0.00343616
         412     1.14049     1.15346  0.00342796
         413     1.12355     1.15339  0.00342043
         414     1.13644     1.15335  0.00341241
         415     1.16161     1.15337  0.00340424
         416     1.17155     1.15341  0.00339634
         417     1.17313     1.15346  0.00338853
         418     1.17404     1.15351  0.00338078
         419     1.17537     1.15356  0.00337311
         420     1.17661     1.15362  0.00336553
         421     1.17753     1.15368  0.00335801
         422     1.17546     1.15373  0.00335045
         423     1.16641     1.15376  0.00334266
         424     1.15352     1.15376  0.00333478
         425     1.15091     1.15375  0.00332694
         426     1.16192     1.15377  0.00331919
         427     1.17265     1.15381  0.00331171
         428      1.1771     1.15387  0.00330442
         429     1.17595     1.15392  0.00329712
         430     1.16866     1.15395  0.00328963
         431     1.15831     1.15396  0.00328201
         432     1.15532     1.15397  0.00327441
         433     1.16168     1.15398   0.0032669
         434     1.16652     1.15401   0.0032595
         435     1.16432     1.15404  0.00325209
         436     1.15854     1.15405  0.00324465
         437     1.15527     1.15405  0.00323723
         438     1.15527     1.15405  0.00322984
         439     1.15541     1.15406  0.00322248
         440     1.15422     1.15406  0.00321516
         441     1.15217     1.15405  0.00320787
         442     1.15096     1.15405  0.00320062
         443      1.1515     1.15404   0.0031934
         444     1.15224     1.15404  0.00318621
         445     1.15145     1.15403  0.00317906
         446     1.14926     1.15402  0.00317195
         447     1.14693       1.154  0.00316489
         448      1.1457     1.15398  0.00315788
         449     1.14579     1.15397   0.0031509
         450     1.14626     1.15395  0.00314394
         451      1.1464     1.15393  0.00313702
         452     1.14688     1.15392  0.00313011
         453     1.14756      1.1539  0.00312324
         454     1.14578     1.15388  0.00311641
         455     1.13902     1.15385  0.00310973
         456     1.12882      1.1538   0.0031034
         457     1.12379     1.15373   0.0030973
         458     1.12931     1.15368    0.003091
         459      1.1374     1.15364  0.00308446
         460      1.1431     1.15362  0.00307784
         461     1.14834     1.15361  0.00307119
         462     1.15366     1.15361  0.00306454
         463     1.15617     1.15361  0.00305793
         464     1.15267     1.15361  0.00305134
         465     1.14372     1.15359  0.00304485
         466     1.13787     1.15356   0.0030385
         467     1.14298     1.15353  0.00303208
         468     1.15179     1.15353   0.0030256
         469     1.15583     1.15354  0.00301916
         470     1.15482     1.15354  0.00301274
         471     1.15125     1.15353  0.00300634
         472     1.14748     1.15352       0.003
         473     1.14523      1.1535  0.00299371
         474     1.14563     1.15349  0.00298744
         475     1.14932     1.15348  0.00298116
         476     1.15551     1.15348   0.0029749
         477     1.16136      1.1535  0.00296871
         478     1.16393     1.15352  0.00296258
         479     1.16236     1.15354  0.00295645
         480     1.15895     1.15355  0.00295032
         481     1.15812     1.15356   0.0029442
         482     1.16092     1.15357  0.00293813
         483     1.16352      1.1536  0.00293212
         484     1.16248     1.15361  0.00292612
         485     1.15855     1.15362   0.0029201
         486     1.15767     1.15363  0.00291411
         487     1.16385     1.15365   0.0029082
         488     1.17151     1.15369  0.00290247
         489     1.17319     1.15373  0.00289681
         490     1.16839     1.15376  0.00289105
         491     1.16512     1.15378  0.00288525
         492     1.17084     1.15382   0.0028796
         493     1.18106     1.15387  0.00287429
         494     1.18729     1.15394  0.00286927
         495     1.18734     1.15401  0.00286426
         496     1.18417     1.15407  0.00285913
         497     1.18256     1.15413  0.00285395
         498     1.18436     1.15419  0.00284887
         499     1.18571     1.15425  0.00284386
         500     1.18031      1.1543  0.00283865
         501      1.1674     1.15433   0.0028331
         502     1.16211     1.15434   0.0028275
         503     1.16847     1.15437  0.00282202
         504     1.16914      1.1544  0.00281657
         505      1.1607     1.15441  0.00281102
         506      1.1545     1.15441  0.00280547
         507     1.15972     1.15442  0.00279996
         508     1.17094     1.15446  0.00279463
         509     1.17998     1.15451  0.00278959
         510     1.18315     1.15456  0.00278469
         511      1.1805     1.15461   0.0027797
         512     1.17583     1.15466  0.00277458
         513     1.17415     1.15469  0.00276943
         514      1.1756     1.15473  0.00276434
         515     1.17653     1.15478   0.0027593
         516     1.17496     1.15482  0.00275423
         517     1.17161     1.15485  0.00274909
         518     1.16951     1.15488  0.00274393
         519     1.17154     1.15491  0.00273883
         520     1.17681     1.15495  0.00273389
         521     1.18245       1.155  0.00272915
         522     1.18713     1.15506  0.00272462
         523     1.19101     1.15513  0.00272027
         524     1.19439     1.15521  0.00271611
         525     1.19723     1.15529  0.00271212
         526     1.19912     1.15537  0.00270824
         527      1.1995     1.15546   0.0027044
         528       1.198     1.15554  0.00270048
         529     1.19477     1.15561  0.00269639
         530     1.19033     1.15568   0.0026921
         531     1.18498     1.15573  0.00268759
         532     1.18065     1.15578  0.00268295
         533      1.1817     1.15583  0.00267836
         534     1.18759     1.15589    0.002674
         535     1.19347     1.15596  0.00266993
         536     1.19796     1.15603   0.0026661
         537     1.20179     1.15612  0.00266249
         538     1.20432     1.15621  0.00265905
         539     1.20396      1.1563  0.00265559
         540      1.1995     1.15638  0.00265188
         541     1.19167     1.15644  0.00264778
         542      1.1849      1.1565  0.00264341
         543     1.18461     1.15655  0.00263905
         544     1.19078     1.15661  0.00263495
         545     1.19896     1.15669  0.00263126
         546     1.20748     1.15678  0.00262809
         547     1.21694     1.15689  0.00262558
         548     1.22283     1.15701  0.00262355
         549     1.21778     1.15712   0.0026211
         550      1.2031     1.15721  0.00261767
         551      1.1934     1.15727  0.00261374
         552     1.19385     1.15734  0.00260985
         553     1.19177      1.1574  0.00260587
         554     1.18909     1.15746   0.0026018
         555     1.19267     1.15752  0.00259788
         556     1.19853     1.15759  0.00259426
         557     1.20234     1.15767  0.00259084
         558     1.20335     1.15776  0.00258749
         559     1.20242     1.15784   0.0025841
         560     1.20078     1.15791  0.00258062
         561     1.19935     1.15799  0.00257708
         562     1.19844     1.15806   0.0025735
         563     1.19741     1.15813  0.00256987
         564     1.19475     1.15819  0.00256614
         565     1.18899     1.15825  0.00256217
         566     1.18102     1.15829  0.00255796
         567     1.17775     1.15832  0.00255368
         568     1.18435     1.15837   0.0025496
         569     1.19388     1.15843  0.00254588
         570      1.1999      1.1585  0.00254245
         571     1.20263     1.15858  0.00253917
         572     1.20345     1.15866  0.00253595
         573     1.20175     1.15873  0.00253264
         574     1.19484      1.1588    0.002529
         575      1.1808     1.15884   0.0025249
         576     1.16387     1.15884  0.00252053
         577     1.15702     1.15884  0.00251616
         578     1.16678     1.15885  0.00251184
         579     1.17495     1.15888  0.00250766
         580     1.17275     1.15891  0.00250345
         581       1.167     1.15892  0.00249918
         582     1.16419     1.15893   0.0024949
         583      1.1658     1.15894  0.00249065
         584     1.17035     1.15896  0.00248646
         585     1.17673     1.15899   0.0024824
         586     1.18432     1.15903  0.00247854
         587     1.19023     1.15909  0.00247489
         588     1.18945     1.15914  0.00247122
         589     1.18448     1.15918  0.00246739
         590     1.18709     1.15923  0.00246367
         591     1.19481     1.15929  0.00246023
         592     1.19644     1.15935  0.00245688
         593      1.1916     1.15941  0.00245334
         594     1.18599     1.15945  0.00244961
         595     1.18406     1.15949  0.00244585
         596     1.18594     1.15954  0.00244214
         597     1.18912     1.15959  0.00243856
         598     1.19166     1.15964  0.00243507
         599     1.19268      1.1597  0.00243163
         600     1.19042     1.15975  0.00242811
         601     1.18302     1.15979  0.00242438
         602     1.17255     1.15981  0.00242045
         603      1.1673     1.15982  0.00241647
         604     1.17444     1.15984  0.00241259
         605     1.18916     1.15989  0.00240909
         606     1.20162     1.15996  0.00240609
         607     1.20792     1.16004  0.00240343
         608     1.20901     1.16012  0.00240082
         609     1.20707      1.1602  0.00239812
         610     1.20375     1.16027  0.00239525
         611     1.20001     1.16033  0.00239221
         612     1.19656     1.16039  0.00238904
         613     1.19364     1.16045  0.00238575
         614      1.1913      1.1605   0.0023824
         615     1.19061     1.16055  0.00237903
         616     1.19288      1.1606  0.00237574
         617     1.19758     1.16066  0.00237265
         618     1.20197     1.16073  0.00236975
         619     1.20204     1.16079  0.00236686
         620     1.19557     1.16085  0.00236371
         621     1.18733     1.16089  0.00236029
         622      1.1844     1.16093   0.0023568
         623      1.1833     1.16097  0.00235329
         624     1.18062       1.161  0.00234973
         625     1.18554     1.16104   0.0023463
         626      1.2008      1.1611  0.00234341
         627     1.21505     1.16119  0.00234125
         628     1.22266     1.16128  0.00233957
         629     1.22537     1.16139  0.00233807
         630     1.22606     1.16149  0.00233661
         631     1.22554     1.16159  0.00233511
         632     1.22205     1.16169  0.00233337
         633     1.21494     1.16177   0.0023312
         634     1.20688     1.16184  0.00232861
         635     1.20367     1.16191  0.00232587
         636     1.20857     1.16198  0.00232337
         637     1.21234     1.16206  0.00232107
         638     1.21051     1.16213  0.00231868
         639     1.20369      1.1622  0.00231596
         640      1.1978     1.16226  0.00231301
         641     1.20035     1.16231  0.00231016
         642     1.20124     1.16238  0.00230736
         643     1.20048     1.16243  0.00230453
         644     1.19818     1.16249  0.00230162
         645     1.19445     1.16254  0.00229859
         646     1.19581     1.16259  0.00229561
         647     1.20379     1.16265  0.00229294
         648     1.21373     1.16273  0.00229076
         649     1.22176     1.16282  0.00228903
         650     1.22697     1.16292  0.00228764
         651     1.22951     1.16303  0.00228641
         652     1.22947     1.16313  0.00228517
         653     1.22757     1.16323   0.0022838
         654     1.22574     1.16332  0.00228231
         655     1.22589     1.16342  0.00228082
         656     1.22763     1.16352  0.00227944
         657     1.22857     1.16361  0.00227812
         658     1.22672     1.16371  0.00227668
         659     1.22228      1.1638  0.00227496
         660     1.21785     1.16388  0.00227299
         661     1.21539     1.16396  0.00227088
         662     1.21259     1.16403  0.00226864
         663     1.20581      1.1641  0.00226609
         664     1.19717     1.16415  0.00226323
         665     1.19345     1.16419  0.00226025
         666     1.19626     1.16424  0.00225737
         667     1.20419      1.1643  0.00225478
         668     1.21487     1.16437  0.00225268
         669     1.22371     1.16446  0.00225106
         670     1.22782     1.16456  0.00224968
         671      1.2279     1.16465  0.00224831
         672     1.22658     1.16474  0.00224685
         673     1.22544     1.16483  0.00224532
         674     1.22253     1.16492  0.00224362
         675     1.21275     1.16499  0.00224142
         676     1.19763     1.16504  0.00223862
         677     1.19577     1.16508  0.00223577
         678     1.20862     1.16515   0.0022334
         679     1.21699     1.16522  0.00223141
         680     1.21656      1.1653  0.00222941
         681     1.21041     1.16537  0.00222712
         682     1.20095     1.16542  0.00222446
         683      1.1906     1.16545  0.00222151
         684     1.18296     1.16548  0.00221841
         685     1.17891      1.1655  0.00221526
         686      1.1754     1.16551  0.00221208
         687      1.1742     1.16553  0.00220889
         688     1.17796     1.16554  0.00220576
         689      1.1821     1.16557  0.00220269
         690     1.18309     1.16559  0.00219964
         691     1.18178     1.16562  0.00219658
         692     1.18016     1.16564  0.00219351
         693     1.17934     1.16566  0.00219043
         694      1.1789     1.16568  0.00218736
         695     1.17733     1.16569  0.00218428
         696     1.17358     1.16571  0.00218117
         697     1.16876     1.16571  0.00217804
         698     1.16633     1.16571  0.00217492
         699     1.16858     1.16571  0.00217181
         700       1.173     1.16573  0.00216874
         701     1.17458     1.16574  0.00216568
         702     1.17149     1.16575  0.00216261
         703     1.16806     1.16575  0.00215954
         704     1.16915     1.16575  0.00215647
         705     1.17099     1.16576  0.00215343
         706      1.1671     1.16576  0.00215038
         707     1.15752     1.16575  0.00214737
         708     1.15013     1.16573  0.00214445
         709     1.15205     1.16571  0.00214151
         710      1.1615      1.1657   0.0021385
         711     1.17309     1.16571  0.00213552
         712     1.18193     1.16574  0.00213264
         713     1.18521     1.16577  0.00212983
         714     1.18277     1.16579  0.00212698
         715     1.17786     1.16581  0.00212407
         716     1.17729     1.16582  0.00212116
         717      1.1823     1.16584  0.00211833
         718     1.18344     1.16587  0.00211552
         719     1.17646     1.16588  0.00211263
         720     1.17802      1.1659  0.00210976
         721     1.19421     1.16594   0.0021072
         722     1.20647       1.166  0.00210503
         723     1.20954     1.16606  0.00210298
         724     1.20776     1.16611  0.00210087
         725     1.20529     1.16617  0.00209866
         726     1.20411     1.16622  0.00209642
         727      1.2027     1.16627  0.00209414
         728     1.19831     1.16631  0.00209172
         729     1.19137     1.16635  0.00208914
         730     1.18595     1.16638  0.00208645
         731     1.18501      1.1664  0.00208375
         732     1.18756     1.16643   0.0020811
         733     1.19157     1.16646  0.00207855
         734     1.19554      1.1665  0.00207609
         735     1.19802     1.16655  0.00207371
         736     1.19841     1.16659  0.00207135
         737     1.19743     1.16663  0.00206896
         738     1.19596     1.16667  0.00206654
         739     1.19442     1.16671  0.00206408
         740     1.19294     1.16674   0.0020616
         741     1.19137     1.16678  0.00205908
         742     1.18942     1.16681  0.00205653
         743     1.18698     1.16684  0.00205394
         744     1.18418     1.16686  0.00205131
         745     1.18109     1.16688  0.00204865
         746     1.17763     1.16689  0.00204595
         747     1.17378      1.1669  0.00204324
         748      1.1698     1.16691  0.00204051
         749     1.16644      1.1669  0.00203778
         750     1.16517      1.1669  0.00203507
         751     1.16688      1.1669  0.00203236
         752     1.17034     1.16691  0.00202966
         753      1.1732     1.16692  0.00202698
         754     1.17376     1.16692  0.00202432
         755     1.17187     1.16693  0.00202164
         756     1.16959     1.16693  0.00201897
         757     1.16994     1.16694  0.00201631
         758     1.17239     1.16695  0.00201366
         759     1.17302     1.16695  0.00201103
         760     1.17272     1.16696  0.00200839
         761     1.17744     1.16698   0.0020058
         762     1.18366       1.167  0.00200329
         763     1.18209     1.16702  0.00200076
         764       1.172     1.16702  0.00199815
         765      1.1628     1.16702  0.00199555
         766     1.16651     1.16702  0.00199294
         767     1.18322     1.16704  0.00199046
         768     1.20108     1.16708  0.00198836
         769     1.21167     1.16714  0.00198662
         770     1.21462      1.1672    0.001985
         771     1.21409     1.16726  0.00198335
         772     1.21523     1.16733  0.00198176
         773     1.21995     1.16739  0.00198036
         774     1.22576     1.16747  0.00197924
         775     1.22888     1.16755  0.00197827
         776     1.22622     1.16762  0.00197716
         777     1.21474     1.16768  0.00197555
         778     1.19846     1.16772  0.00197341
         779     1.19679     1.16776  0.00197123
         780     1.20715     1.16781  0.00196935
         781     1.20841     1.16786  0.00196751
         782     1.20145     1.16791  0.00196546
         783     1.19925     1.16795  0.00196336
         784     1.20413     1.16799   0.0019614
         785      1.2113     1.16805  0.00195968
         786     1.21887     1.16811  0.00195825
         787     1.22546     1.16819  0.00195712
         788     1.22924     1.16826  0.00195617
         789     1.22929     1.16834  0.00195522
         790     1.22549     1.16841  0.00195408
         791     1.21777     1.16848   0.0019526
         792     1.20638     1.16852  0.00195072
         793     1.19484     1.16856  0.00194855
         794     1.19217     1.16859  0.00194632
         795     1.20181     1.16863  0.00194432
         796     1.21426     1.16868  0.00194272
         797     1.22216     1.16875  0.00194144
         798     1.22547     1.16882  0.00194031
         799     1.22637      1.1689  0.00193922
         800     1.22681     1.16897  0.00193815
         801     1.22843     1.16904  0.00193715
         802      1.2318     1.16912  0.00193631
         803      1.2345      1.1692  0.00193561
         804     1.23101     1.16928  0.00193473
         805     1.21794     1.16934  0.00193327
         806     1.20322     1.16938  0.00193133
         807     1.19487     1.16941  0.00192919
         808     1.19262     1.16944  0.00192702
         809     1.21153     1.16949  0.00192534
         810     1.22894     1.16957  0.00192436
         811     1.23075     1.16964  0.00192347
         812     1.22796     1.16971  0.00192244
         813     1.22662     1.16978  0.00192135
         814      1.2255     1.16985  0.00192021
         815     1.22319     1.16992  0.00191896
         816     1.22121     1.16998  0.00191764
         817     1.22163     1.17004  0.00191634
         818     1.22482     1.17011  0.00191516
         819       1.229     1.17018  0.00191417
         820     1.23125     1.17026  0.00191329
         821     1.23006     1.17033  0.00191234
         822     1.22644      1.1704  0.00191123
         823     1.22265     1.17046  0.00190997
         824     1.22021     1.17052   0.0019086
         825     1.21883     1.17058  0.00190719
         826      1.2171     1.17064  0.00190571
         827     1.21401     1.17069  0.00190413
         828     1.20974     1.17074  0.00190241
         829     1.20539     1.17078  0.00190058
         830     1.20229     1.17082  0.00189867
         831     1.20186     1.17085  0.00189675
         832     1.20345     1.17089  0.00189487
         833     1.20297     1.17093  0.00189299
         834     1.19753     1.17096  0.00189099
         835     1.19224     1.17099   0.0018889
         836     1.19638     1.17102  0.00188688
         837     1.20636     1.17106   0.0018851
         838     1.21319     1.17111  0.00188352
         839     1.21622     1.17117  0.00188204
         840     1.21845     1.17122  0.00188064
         841     1.22105     1.17128  0.00187934
         842     1.22351     1.17134  0.00187813
         843     1.22633     1.17141  0.00187703
         844     1.23113     1.17148  0.00187614
         845     1.23811     1.17156  0.00187558
         846      1.2447     1.17164  0.00187535
         847     1.24692     1.17173  0.00187525
         848     1.24141     1.17182  0.00187483
         849      1.2264     1.17188  0.00187373
         850      1.2038     1.17192   0.0018719
         851     1.18447     1.17193  0.00186976
         852     1.18447     1.17195  0.00186762
         853     1.20347     1.17198   0.0018658
         854     1.22595     1.17205  0.00186468
         855     1.24236     1.17213  0.00186431
         856     1.25013     1.17222  0.00186436
         857     1.24968     1.17231  0.00186438
         858     1.24422     1.17239  0.00186409
         859     1.23834     1.17247   0.0018635
         860     1.23421     1.17254  0.00186271
         861     1.22844     1.17261  0.00186168
         862     1.21667     1.17266  0.00186022
         863     1.20525      1.1727  0.00185845
         864     1.20465     1.17273  0.00185667
         865     1.21095     1.17278  0.00185504
         866     1.21801     1.17283  0.00185364
         867     1.22628     1.17289  0.00185252
         868     1.23191     1.17296  0.00185164
         869     1.23072     1.17303   0.0018507
         870     1.22564     1.17309  0.00184956
         871     1.21937     1.17314   0.0018482
         872     1.21141     1.17318   0.0018466
         873     1.20544     1.17322  0.00184486
         874     1.20663     1.17326  0.00184314
         875     1.21247      1.1733  0.00184158
         876     1.21611     1.17335  0.00184013
         877      1.2127      1.1734  0.00183857
         878      1.2036     1.17343   0.0018368
         879     1.19744     1.17346  0.00183492
         880     1.20024     1.17349  0.00183308
         881     1.20633     1.17353  0.00183138
         882     1.20957     1.17357  0.00182976
         883     1.21077     1.17361  0.00182817
         884     1.21297     1.17365  0.00182665
         885     1.21681      1.1737  0.00182523
         886     1.22071     1.17376  0.00182394
         887     1.22273     1.17381  0.00182272
         888     1.22165     1.17387  0.00182147
         889     1.21727     1.17391  0.00182007
         890     1.21189     1.17396  0.00181853
         891     1.21038       1.174  0.00181695
         892     1.21234     1.17404  0.00181542
         893     1.21304     1.17408  0.00181391
         894     1.21394     1.17413  0.00181243
         895     1.21765     1.17418  0.00181106
         896      1.2209     1.17423  0.00180978
         897     1.22333     1.17428  0.00180859
         898     1.22969     1.17435  0.00180763
         899     1.23802     1.17442  0.00180701
         900     1.24205     1.17449  0.00180656
         901     1.23996     1.17456  0.00180602
         902     1.23424     1.17463  0.00180523
         903     1.23159     1.17469  0.00180433
         904     1.23611     1.17476  0.00180361
         905     1.24294     1.17484  0.00180319
         906     1.24867     1.17492  0.00180304
         907     1.25289       1.175   0.0018031
         908     1.25576     1.17509  0.00180331
         909     1.25868     1.17519  0.00180367
         910     1.26226     1.17528  0.00180422
         911     1.26498     1.17538  0.00180493
         912     1.26494     1.17548  0.00180562
         913     1.26146     1.17557  0.00180609
         914     1.25592     1.17566  0.00180626
         915     1.25109     1.17574  0.00180616
         916     1.24735     1.17582  0.00180588
         917     1.24447      1.1759  0.00180546
         918     1.24563     1.17597  0.00180509
         919     1.25135     1.17605  0.00180499
         920     1.25784     1.17614  0.00180522
         921     1.26289     1.17624  0.00180571
         922     1.26606     1.17633  0.00180638
         923     1.26589     1.17643  0.00180703
         924     1.25916     1.17652  0.00180729
         925     1.24483     1.17659  0.00180684
         926      1.2308     1.17665  0.00180584
         927     1.22804     1.17671  0.00180474
         928     1.23428     1.17677  0.00180386
         929     1.23855     1.17684  0.00180315
         930     1.23863      1.1769  0.00180243
         931     1.23919     1.17697  0.00180174
         932     1.24137     1.17704  0.00180113
         933     1.24267     1.17711  0.00180057
         934     1.24093     1.17718  0.00179994
         935     1.23533     1.17724  0.00179909
         936     1.22693     1.17729  0.00179795
         937     1.21972     1.17734   0.0017966
         938      1.2184     1.17738  0.00179522
         939     1.22254     1.17743  0.00179395
         940     1.22621     1.17748  0.00179279
         941     1.22429     1.17753  0.00179158
         942     1.21664     1.17757  0.00179016
         943     1.20958     1.17761  0.00178858
         944     1.20941     1.17764    0.001787
         945     1.21424     1.17768  0.00178553
         946     1.22035     1.17772  0.00178421
         947     1.22655     1.17778  0.00178307
         948     1.23077     1.17783  0.00178207
         949     1.22906     1.17789  0.00178101
         950     1.21754     1.17793  0.00177962
         951         1.2     1.17795   0.0017779
         952     1.19553     1.17797  0.00177613
         953     1.21244     1.17801  0.00177464
         954     1.23452     1.17807  0.00177376
         955     1.24516     1.17814   0.0017733
         956     1.24102      1.1782  0.00177266
         957      1.2285     1.17825  0.00177159
         958     1.21894      1.1783  0.00177025
         959     1.21994     1.17834  0.00176894
         960     1.22892     1.17839  0.00176788
         961     1.23889     1.17846  0.00176716
         962     1.24544     1.17853  0.00176669
         963     1.24863      1.1786  0.00176636
         964     1.25159     1.17867  0.00176615
         965     1.25631     1.17875  0.00176615
         966     1.26056     1.17884  0.00176635
         967      1.2615     1.17892  0.00176659
         968     1.25874     1.17901  0.00176669
         969     1.25353     1.17908  0.00176654
         970      1.2481     1.17915  0.00176615
         971     1.24491     1.17922  0.00176563
         972       1.244     1.17929  0.00176507
         973     1.24321     1.17935  0.00176448
         974     1.23997     1.17942  0.00176376
         975     1.23255     1.17947   0.0017628
         976     1.22577     1.17952  0.00176163
         977     1.22753     1.17957  0.00176051
         978     1.23493     1.17962  0.00175962
         979     1.24146     1.17969  0.00175896
         980     1.24464     1.17975  0.00175841
         981     1.24424     1.17982  0.00175784
         982     1.24105     1.17988  0.00175716
         983      1.2365     1.17994  0.00175632
         984     1.23204     1.17999  0.00175533
         985      1.2284     1.18004  0.00175423
         986     1.22501     1.18009  0.00175305
         987     1.22042     1.18013  0.00175175
         988      1.2141     1.18016  0.00175031
         989     1.20832     1.18019  0.00174877
         990      1.2067     1.18022  0.00174721
         991     1.20941     1.18025   0.0017457
         992     1.21304     1.18028  0.00174425
         993      1.2149     1.18032  0.00174284
         994     1.21435     1.18035  0.00174143
         995     1.21125     1.18038  0.00173995
         996     1.20474     1.18041  0.00173838
         997     1.19396     1.18042  0.00173669
         998     1.18349     1.18042  0.00173495
         999      1.1835     1.18042  0.00173322
        1000     1.19216     1.18044  0.00173152
        1001     1.19961     1.18046   0.0017299
        1002     1.20415     1.18048  0.00172833
        1003     1.20818     1.18051  0.00172683
        1004      1.2127     1.18054  0.00172541
        1005     1.21697     1.18058  0.00172407
        1006     1.21958     1.18061   0.0017228
        1007     1.21922     1.18065  0.00172151
        1008     1.21562     1.18069  0.00172015
        1009     1.21053     1.18072   0.0017187
        1010     1.20588     1.18074  0.00171718
        1011     1.20273     1.18076  0.00171562
        1012      1.2046     1.18079  0.00171409
        1013     1.21284     1.18082  0.00171269
        1014     1.22287     1.18086   0.0017115
        1015     1.22934     1.18091  0.00171048
        1016     1.22993     1.18096  0.00170948
        1017     1.22703       1.181   0.0017084
        1018     1.22689     1.18105  0.00170731
        1019     1.23351      1.1811  0.00170641
        1020     1.24397     1.18116  0.00170585
        1021     1.25264     1.18123  0.00170562
        1022     1.25591      1.1813  0.00170551
        1023     1.25259     1.18137  0.00170527
        1024     1.24452     1.18143  0.00170472
        1025     1.23582     1.18149  0.00170388
        1026     1.22789     1.18153  0.00170282
        1027     1.22233     1.18157  0.00170163
        1028     1.22898     1.18162   0.0017006
        1029     1.24488     1.18168  0.00170005
        1030     1.25535     1.18175  0.00169991
        1031     1.25673     1.18182  0.00169981
        1032      1.2518     1.18189  0.00169952
        1033     1.24557     1.18195  0.00169899
        1034     1.24329     1.18201  0.00169838
        1035     1.24515     1.18207  0.00169784
        1036     1.24678     1.18214  0.00169735
        1037     1.24666      1.1822  0.00169685
        1038     1.24657     1.18226  0.00169635
        1039     1.24533     1.18232   0.0016958
        1040     1.24274     1.18238  0.00169517
        1041     1.24116     1.18244  0.00169448
        1042     1.23851     1.18249  0.00169371
        1043     1.23177     1.18254  0.00169274
        1044     1.22473     1.18258   0.0016916
        1045     1.22429     1.18262  0.00169045
        1046     1.23126     1.18266  0.00168948
        1047     1.23863     1.18272  0.00168871
        1048     1.23959     1.18277  0.00168797
        1049     1.23527     1.18282   0.0016871
        1050     1.23531     1.18287  0.00168624
        1051     1.24158     1.18293  0.00168556
        1052     1.24723     1.18299  0.00168506
        1053     1.25233     1.18305  0.00168475
        1054     1.25675     1.18312   0.0016846
        1055     1.25761     1.18319  0.00168448
        1056     1.25391     1.18326  0.00168422
        1057     1.24488     1.18332  0.00168363
        1058     1.22665     1.18336  0.00168254
        1059     1.19896     1.18338  0.00168102
        1060     1.18714     1.18338  0.00167943
        1061     1.20034      1.1834  0.00167793
        1062      1.2103     1.18342  0.00167654
        1063     1.20976     1.18345  0.00167514
        1064     1.20787     1.18347  0.00167373
        1065     1.21441      1.1835  0.00167241
        1066     1.22161     1.18353  0.00167122
        1067     1.21972     1.18357     0.00167
        1068     1.21201     1.18359  0.00166865
        1069      1.2092     1.18362  0.00166726
        1070     1.20991     1.18364  0.00166588
        1071     1.20306     1.18366  0.00166442
        1072     1.19047     1.18367  0.00166288
        1073     1.18756     1.18367  0.00166134
        1074     1.19833     1.18368  0.00165985
        1075     1.21131     1.18371   0.0016585
        1076     1.22059     1.18374  0.00165731
        1077     1.22631     1.18378  0.00165625
        1078     1.22843     1.18382  0.00165523
        1079     1.22593     1.18386  0.00165415
        1080     1.21829      1.1839  0.00165293
        1081     1.20732     1.18392  0.00165154
        1082     1.19746     1.18393  0.00165006
        1083     1.19237     1.18394  0.00164856
        1084     1.19228     1.18395  0.00164706
        1085     1.19612     1.18396  0.00164558
        1086     1.20286     1.18397  0.00164415
        1087     1.21106       1.184  0.00164283
        1088     1.21845     1.18403  0.00164162
        1089     1.22202     1.18407  0.00164049
        1090     1.22072      1.1841  0.00163933
        1091     1.21837     1.18413  0.00163812
        1092     1.21964     1.18416  0.00163695
        1093      1.2224      1.1842  0.00163582
        1094     1.22274     1.18423  0.00163471
        1095     1.22148     1.18427  0.00163357
        1096     1.22171      1.1843  0.00163243
        1097     1.22485     1.18434  0.00163137
        1098      1.2302     1.18438  0.00163041
        1099     1.23706     1.18443  0.00162964
        1100     1.24466     1.18448  0.00162907
        1101     1.25007     1.18454  0.00162868
        1102     1.24872      1.1846  0.00162825
        1103     1.23759     1.18465  0.00162748
        1104     1.22107     1.18468  0.00162634
        1105     1.21436     1.18471  0.00162509
        1106     1.22449     1.18474  0.00162402
        1107     1.23931     1.18479   0.0016233
        1108     1.24955     1.18485  0.00162288
        1109     1.25169     1.18491  0.00162254
        1110       1.247     1.18497  0.00162204
        1111     1.24282     1.18502  0.00162142
        1112     1.24419     1.18507  0.00162083
        1113     1.24729     1.18513  0.00162034
        1114     1.24779     1.18519  0.00161986
        1115     1.24548     1.18524  0.00161931
        1116      1.2422     1.18529  0.00161866
        1117     1.24015     1.18534  0.00161796
        1118      1.2405     1.18539  0.00161726
        1119     1.24234     1.18544  0.00161662
        1120     1.24355     1.18549  0.00161601
        1121      1.2421     1.18554  0.00161536
        1122     1.23737     1.18559  0.00161458
        1123     1.23201     1.18563  0.00161367
        1124      1.2305     1.18567  0.00161273
        1125     1.23241     1.18571  0.00161183
        1126     1.23237     1.18575  0.00161093
        1127     1.22718     1.18579  0.00160992
        1128     1.21944     1.18582  0.00160877
        1129     1.21676     1.18585  0.00160758
        1130      1.2217     1.18588  0.00160647
        1131     1.22707     1.18592  0.00160546
        1132     1.22783     1.18595  0.00160447
        1133     1.22747     1.18599  0.00160347
        1134     1.23068     1.18603  0.00160254
        1135     1.23383     1.18607  0.00160168
        1136     1.23143     1.18611  0.00160077
        1137     1.22412     1.18614  0.00159971
        1138     1.21667     1.18617  0.00159853
        1139     1.21239     1.18619  0.00159729
        1140     1.21101     1.18622  0.00159604
        1141     1.21188     1.18624   0.0015948
        1142     1.21466     1.18626   0.0015936
        1143     1.21735     1.18629  0.00159243
        1144     1.21939     1.18632   0.0015913
        1145     1.22322     1.18635  0.00159024
        1146     1.22836     1.18639  0.00158928
        1147     1.23068     1.18643  0.00158836
        1148     1.22829     1.18646  0.00158739
        1149     1.22267     1.18649  0.00158633
        1150     1.21637     1.18652  0.00158516
        1151     1.21063     1.18654  0.00158392
        1152     1.20531     1.18656  0.00158263
        1153     1.20491     1.18657  0.00158134
        1154     1.21412      1.1866  0.00158015
        1155     1.22691     1.18663  0.00157916
        1156     1.23239     1.18667  0.00157829
        1157     1.22558     1.18671  0.00157729
        1158     1.21137     1.18673  0.00157607
        1159      1.2014     1.18674  0.00157476
        1160      1.1997     1.18675  0.00157344
        1161     1.20211     1.18676  0.00157214
        1162     1.20916     1.18678  0.00157091
        1163     1.22042     1.18681  0.00156982
        1164     1.22965     1.18685  0.00156891
        1165     1.23192     1.18689  0.00156804
        1166     1.22841     1.18692   0.0015671
        1167     1.22485     1.18696  0.00156609
        1168     1.22346     1.18699  0.00156506
        1169     1.22173     1.18702    0.001564
        1170     1.21923     1.18704  0.00156291
        1171      1.2179     1.18707   0.0015618
        1172     1.21937      1.1871  0.00156071
        1173     1.22342     1.18713  0.00155968
        1174     1.22801     1.18716  0.00155875
        1175     1.23086      1.1872  0.00155786
        1176     1.23089     1.18724  0.00155698
        1177     1.22792     1.18727  0.00155604
        1178     1.22186      1.1873    0.001555
        1179     1.21282     1.18732  0.00155383
        1180     1.20418     1.18734  0.00155258
        1181      1.2037     1.18735  0.00155132
        1182     1.21348     1.18737  0.00155017
        1183     1.22592     1.18741   0.0015492
        1184     1.23496     1.18745  0.00154841
        1185     1.23991     1.18749  0.00154774
        1186     1.24191     1.18754  0.00154712
        1187     1.24154     1.18758  0.00154648
        1188     1.23817     1.18762  0.00154576
        1189     1.23074     1.18766  0.00154489
        1190     1.22138     1.18769  0.00154385
        1191     1.21709     1.18771  0.00154275
        1192     1.21999     1.18774   0.0015417
        1193     1.22507     1.18777  0.00154072
        1194     1.22915     1.18781  0.00153982
        1195     1.23106     1.18784  0.00153896
        1196     1.22956     1.18788  0.00153807
        1197      1.2236     1.18791  0.00153707
        1198     1.21431     1.18793  0.00153595
        1199     1.20629     1.18795  0.00153474
        1200     1.20319     1.18796  0.00153351
        1201     1.20304     1.18797  0.00153229
        1202     1.20357     1.18798  0.00153107
        1203      1.2068       1.188  0.00152988
        1204     1.21206     1.18802  0.00152874
        1205     1.21729     1.18804  0.00152766
        1206     1.22303     1.18807  0.00152667
        1207     1.22837     1.18811  0.00152577
        1208     1.23193     1.18814  0.00152494
        1209     1.23289     1.18818  0.00152413
        1210     1.23024     1.18821  0.00152326
        1211     1.22328     1.18824  0.00152228
        1212      1.2137     1.18826  0.00152117
        1213     1.20811     1.18828     0.00152
        1214     1.21252      1.1883  0.00151888
        1215     1.22238     1.18833  0.00151789
        1216     1.22982     1.18836  0.00151703
        1217     1.23288      1.1884  0.00151622
        1218     1.23245     1.18844  0.00151541
        1219     1.22886     1.18847  0.00151453
        1220     1.22153      1.1885  0.00151353
        1221      1.2118     1.18851  0.00151241
        1222     1.20709     1.18853  0.00151125
        1223     1.21375     1.18855  0.00151015
        1224     1.22534     1.18858  0.00150922
        1225     1.23316     1.18862  0.00150842
        1226      1.2345     1.18865  0.00150766
        1227     1.22956     1.18869   0.0015068
        1228     1.22231     1.18872  0.00150582
        1229     1.21919     1.18874   0.0015048
        1230     1.21873     1.18876  0.00150377
        1231     1.21629     1.18879  0.00150272
        1232     1.21655     1.18881  0.00150167
        1233     1.22233     1.18884  0.00150069
        1234     1.22683     1.18887  0.00149979
        1235     1.22715      1.1889   0.0014989
        1236      1.2237     1.18893  0.00149795
        1237     1.21095     1.18894  0.00149685
        1238     1.18621     1.18894  0.00149564
        1239     1.17255     1.18893  0.00149449
        1240     1.18814     1.18893  0.00149328
        1241     1.21155     1.18895  0.00149219
        1242     1.22576     1.18898  0.00149129
        1243     1.23203     1.18901  0.00149049
        1244     1.23468     1.18905  0.00148974
        1245     1.23594     1.18908  0.00148902
        1246     1.23659     1.18912  0.00148831
        1247      1.2368     1.18916  0.00148761
        1248     1.23639      1.1892   0.0014869
        1249     1.23505     1.18924  0.00148616
        1250     1.23239     1.18927  0.00148538
        1251     1.22823      1.1893  0.00148452
        1252     1.22286     1.18933  0.00148357
        1253     1.21683     1.18935  0.00148255
        1254     1.20998     1.18937  0.00148146
        1255     1.20286     1.18938  0.00148032
        1256     1.20035     1.18939  0.00147916
        1257     1.20247      1.1894  0.00147802
        1258     1.19914      1.1894  0.00147687
        1259     1.19703     1.18941  0.00147571
        1260     1.21033     1.18943  0.00147463
        1261     1.22765     1.18946  0.00147377
        1262     1.23628     1.18949  0.00147307
        1263     1.23518     1.18953  0.00147235
        1264     1.22703     1.18956  0.00147148
        1265     1.21439     1.18958  0.00147045
        1266     1.20172     1.18959  0.00146932
        1267     1.19596     1.18959  0.00146817
        1268     1.20102      1.1896  0.00146704
        1269      1.2107     1.18962  0.00146598
        1270     1.21725     1.18964  0.00146499
        1271     1.21932     1.18967  0.00146402
        1272     1.21881     1.18969  0.00146305
        1273     1.21803     1.18971  0.00146207
        1274      1.2193     1.18973   0.0014611
        1275     1.22426     1.18976  0.00146021
        1276     1.23132     1.18979  0.00145943
        1277     1.23351     1.18983  0.00145869
        1278     1.21406     1.18985  0.00145767
        1279      1.1655     1.18983  0.00145665
        1280      1.1719     1.18981  0.00145558
        1281     1.21396     1.18983  0.00145457
        1282     1.23203     1.18987  0.00145381
        1283     1.23855      1.1899  0.00145317
        1284     1.24154     1.18994  0.00145259
        1285     1.24087     1.18998    0.001452
        1286     1.23354     1.19002  0.00145127
        1287     1.21952     1.19004  0.00145032
        1288     1.20773     1.19005  0.00144926
        1289      1.2075     1.19007   0.0014482
        1290     1.21356     1.19009  0.00144719
        1291     1.21642     1.19011  0.00144621
        1292     1.21466     1.19012  0.00144522
        1293     1.21245     1.19014  0.00144421
        1294     1.21561     1.19016  0.00144322
        1295     1.22458     1.19019  0.00144235
        1296     1.23285     1.19022  0.00144162
        1297     1.23822     1.19026  0.00144098
        1298     1.24289      1.1903  0.00144044
        1299     1.24695     1.19034  0.00143999
        1300     1.24818     1.19039  0.00143957
        1301     1.24561     1.19043  0.00143909
        1302     1.24155     1.19047  0.00143852
        1303     1.24034     1.19051  0.00143793
        1304     1.24418     1.19055  0.00143741
        1305     1.25144     1.19059  0.00143707
        1306     1.25964     1.19065  0.00143694
        1307     1.26654     1.19071  0.00143701
        1308     1.26969     1.19077  0.00143718
        1309     1.26887     1.19083  0.00143732
        1310     1.26848     1.19088  0.00143745
        1311     1.27093     1.19095  0.00143765
        1312     1.27044     1.19101  0.00143783
        1313     1.26277     1.19106  0.00143777
        1314     1.25493     1.19111   0.0014375
        1315      1.2573     1.19116  0.00143729
        1316      1.2663     1.19122  0.00143733
        1317      1.2724     1.19128  0.00143756
        1318     1.27364     1.19134  0.00143782
        1319     1.27603     1.19141  0.00143817
        1320     1.28358     1.19148  0.00143877
        1321     1.29155     1.19155  0.00143967
        1322      1.2958     1.19163  0.00144074
        1323     1.29665     1.19171  0.00144184
        1324     1.29537     1.19179  0.00144287
        1325     1.29245     1.19186  0.00144378
        1326     1.28743     1.19194  0.00144449
        1327     1.27888       1.192  0.00144489
        1328     1.26592     1.19206  0.00144487
        1329     1.25441      1.1921  0.00144455
        1330     1.25473     1.19215  0.00144423
        1331     1.26126      1.1922  0.00144408
        1332     1.26156     1.19225  0.00144393
        1333     1.26047     1.19231  0.00144375
        1334       1.266     1.19236  0.00144373
        1335     1.27067     1.19242  0.00144384
        1336     1.27262     1.19248    0.001444
        1337     1.27659     1.19254  0.00144429
        1338      1.2803     1.19261   0.0014447
        1339     1.28025     1.19267  0.00144511
        1340     1.27777     1.19274  0.00144542
        1341     1.27556      1.1928  0.00144566
        1342     1.27372     1.19286  0.00144584
        1343     1.27033     1.19292  0.00144592
        1344     1.26437     1.19297  0.00144582
        1345     1.25786     1.19302  0.00144555
        1346     1.25538     1.19306  0.00144522
        1347     1.25909     1.19311  0.00144497
        1348     1.26644     1.19317  0.00144493
        1349     1.27349     1.19323  0.00144508
        1350     1.27687     1.19329  0.00144534
        1351     1.27408     1.19335  0.00144551
        1352     1.26533      1.1934  0.00144542
        1353     1.25726     1.19345  0.00144512
        1354     1.25691      1.1935  0.00144481
        1355     1.26104     1.19355   0.0014446
        1356      1.2644      1.1936  0.00144448
        1357     1.26518     1.19365  0.00144438
        1358     1.26264      1.1937  0.00144421
        1359     1.25806     1.19375  0.00144393
        1360     1.25454     1.19379  0.00144355
        1361     1.25306     1.19384  0.00144315
        1362     1.25157     1.19388  0.00144271
        1363     1.24898     1.19392  0.00144222
        1364     1.24791     1.19396  0.00144171
        1365     1.25118       1.194  0.00144126
        1366     1.25721     1.19405  0.00144095
        1367     1.26241      1.1941  0.00144076
        1368     1.26584     1.19415  0.00144066
        1369     1.26917     1.19421  0.00144065
        1370     1.27269     1.19426  0.00144074
        1371     1.27346     1.19432  0.00144085
        1372     1.26926     1.19438  0.00144083
        1373     1.26089     1.19442  0.00144059
        1374      1.2507     1.19447  0.00144013
        1375     1.24383      1.1945  0.00143953
        1376     1.24818     1.19454  0.00143901
        1377     1.26127     1.19459  0.00143878
        1378     1.27181     1.19464  0.00143883
        1379     1.27313      1.1947  0.00143891
        1380     1.26635     1.19475   0.0014388
        1381     1.25981      1.1948  0.00143853
        1382     1.26086     1.19485  0.00143829
        1383     1.26639      1.1949  0.00143818
        1384     1.26915     1.19495  0.00143814
        1385     1.26777     1.19501  0.00143806
        1386     1.26435     1.19506  0.00143789
        1387     1.25862      1.1951  0.00143759
        1388     1.24877     1.19514  0.00143707
        1389     1.23468     1.19517  0.00143632
        1390     1.21737     1.19519  0.00143537
        1391     1.20385     1.19519  0.00143435
        1392      1.2085      1.1952  0.00143336
        1393     1.22609     1.19522   0.0014325
        1394     1.23614     1.19525  0.00143177
        1395     1.23537     1.19528  0.00143103
        1396     1.23524     1.19531  0.00143029
        1397     1.24006     1.19534  0.00142963
        1398     1.24393     1.19538  0.00142903
        1399     1.24351     1.19541  0.00142842
        1400     1.23875     1.19544  0.00142774
        1401      1.2293     1.19547  0.00142692
        1402     1.21454     1.19548  0.00142597
        1403     1.19859     1.19548  0.00142495
        1404     1.19426     1.19548  0.00142394
        1405     1.20272     1.19549  0.00142294
        1406     1.21069      1.1955  0.00142196
        1407     1.21444     1.19551  0.00142102
        1408     1.21634     1.19553  0.00142009
        1409     1.21727     1.19554  0.00141916
        1410     1.21694     1.19556  0.00141824
        1411     1.21542     1.19557   0.0014173
        1412      1.2127     1.19558  0.00141635
        1413     1.20843     1.19559  0.00141538
        1414     1.20287      1.1956  0.00141438
        1415     1.20008      1.1956  0.00141339
        1416     1.20634     1.19561  0.00141241
        1417     1.21438     1.19562  0.00141148
        1418     1.21509     1.19563  0.00141055
        1419     1.21306     1.19565  0.00140961
        1420     1.21388     1.19566  0.00140867
        1421     1.21549     1.19567  0.00140775
        1422     1.21542     1.19569  0.00140683
        1423     1.21281      1.1957  0.00140589
        1424     1.20462     1.19571  0.00140492
        1425     1.18944      1.1957  0.00140394
        1426     1.17441     1.19569  0.00140303
        1427     1.16963     1.19567  0.00140217
        1428     1.18158     1.19566  0.00140122
        1429     1.20341     1.19566  0.00140025
        1430     1.21867     1.19568  0.00139937
        1431     1.22307      1.1957  0.00139852
        1432     1.22101     1.19572  0.00139765
        1433     1.21778     1.19573  0.00139676
        1434     1.21676     1.19575  0.00139587
        1435     1.21863     1.19576  0.00139498
        1436     1.22231     1.19578  0.00139414
        1437     1.22554      1.1958  0.00139332
        1438     1.22487     1.19582   0.0013925
        1439     1.21952     1.19584  0.00139163
        1440     1.21712     1.19585  0.00139074
        1441     1.22084     1.19587  0.00138988
        1442     1.22063     1.19589  0.00138902
        1443     1.21138      1.1959   0.0013881
        1444     1.19618      1.1959  0.00138714
        1445       1.181     1.19589  0.00138622
        1446     1.17166     1.19587  0.00138536
        1447     1.16622     1.19585  0.00138456
        1448       1.166     1.19583  0.00138375
        1449      1.1861     1.19582  0.00138282
        1450     1.20707     1.19583  0.00138188
        1451     1.21455     1.19584  0.00138099
        1452     1.21519     1.19586   0.0013801
        1453     1.21411     1.19587  0.00137921
        1454     1.21214     1.19588  0.00137831
        1455     1.20847     1.19589  0.00137739
        1456     1.20296     1.19589  0.00137645
        1457     1.19817      1.1959  0.00137551
        1458     1.19788      1.1959  0.00137456
        1459     1.20169      1.1959  0.00137363
        1460      1.2057     1.19591   0.0013727
        1461      1.2076     1.19592  0.00137179
        1462      1.2067     1.19592  0.00137087
        1463     1.20206     1.19593  0.00136994
        1464     1.19217     1.19593    0.001369
        1465     1.17806     1.19591  0.00136812
        1466     1.16795     1.19589  0.00136732
        1467     1.16882     1.19588  0.00136652
        1468     1.17556     1.19586  0.00136566
        1469     1.18342     1.19585  0.00136475
        1470     1.19138     1.19585  0.00136383
        1471     1.19514     1.19585   0.0013629
        1472     1.19146     1.19585  0.00136198
        1473     1.18447     1.19584  0.00136108
        1474     1.18126     1.19583  0.00136019
        1475     1.18317     1.19582  0.00135929
        1476      1.1852     1.19581  0.00135839
        1477     1.18409     1.19581  0.00135749
        1478     1.18473      1.1958   0.0013566
        1479      1.1928      1.1958  0.00135568
        1480     1.20359      1.1958  0.00135478
        1481      1.2102     1.19581   0.0013539
        1482     1.21123     1.19582  0.00135302
        1483     1.20747     1.19583  0.00135213
        1484     1.19984     1.19583  0.00135122
        1485      1.1924     1.19583  0.00135032
        1486     1.19351     1.19583  0.00134941
        1487     1.20325     1.19583  0.00134851
        1488     1.21215     1.19584  0.00134765
        1489     1.21563     1.19586  0.00134681
        1490     1.21502     1.19587  0.00134597
        1491     1.21322     1.19588  0.00134511
        1492     1.21256     1.19589  0.00134426
        1493     1.21332      1.1959  0.00134341
        1494     1.21417     1.19592  0.00134257
        1495     1.21345     1.19593  0.00134172
        1496     1.21011     1.19594  0.00134086
        1497     1.20452     1.19594  0.00133997
        1498     1.19801     1.19595  0.00133908
        1499     1.19056     1.19594  0.00133819
        1500      1.1808     1.19593  0.00133734
        1501     1.17285     1.19592  0.00133653
        1502     1.17878      1.1959  0.00133569
        1503     1.19568      1.1959   0.0013348
        1504      1.2069     1.19591  0.00133394
        1505     1.20613     1.19592  0.00133307
        1506     1.19439     1.19592  0.00133218
        1507     1.17438      1.1959  0.00133137
        1508     1.15101     1.19587  0.00133082
        1509     1.13682     1.19583  0.00133052
        1510     1.14504      1.1958  0.00133006
        1511     1.16643     1.19578  0.00132932
        1512     1.18503     1.19577  0.00132846
        1513     1.19467     1.19577  0.00132759
        1514     1.19535     1.19577  0.00132671
        1515     1.18891     1.19577  0.00132584
        1516     1.17774     1.19576  0.00132502
        1517     1.16651     1.19574  0.00132429
        1518     1.16189     1.19572   0.0013236
        1519     1.16588      1.1957  0.00132288
        1520     1.17288     1.19568  0.00132209
        1521     1.17696     1.19567  0.00132128
        1522     1.17589     1.19566  0.00132047
        1523     1.16945     1.19564  0.00131972
        1524     1.15937     1.19561  0.00131907
        1525      1.1513     1.19559  0.00131852
        1526     1.15059     1.19556  0.00131799
        1527     1.15445     1.19553   0.0013174
        1528     1.15715      1.1955  0.00131678
        1529      1.1563     1.19548  0.00131617
        1530     1.15139     1.19545  0.00131562
        1531     1.14487     1.19542  0.00131518
        1532     1.14124     1.19538  0.00131479
        1533     1.13851     1.19534  0.00131446
        1534     1.13392      1.1953  0.00131421
        1535     1.13216     1.19526    0.001314
        1536     1.13621     1.19522  0.00131371
        1537     1.14307     1.19519  0.00131329
        1538     1.15012     1.19516  0.00131276
        1539     1.15579     1.19514  0.00131216
        1540     1.15831     1.19511  0.00131153
        1541     1.15708     1.19509  0.00131091
        1542     1.15423     1.19506  0.00131032
        1543     1.15329     1.19503  0.00130975
        1544     1.15553     1.19501  0.00130916
        1545     1.15978     1.19498  0.00130851
        1546     1.16474     1.19497  0.00130781
        1547     1.16943     1.19495  0.00130707
        1548     1.17295     1.19493   0.0013063
        1549     1.17408     1.19492  0.00130552
        1550      1.1714     1.19491  0.00130477
        1551     1.16507     1.19489  0.00130407
        1552     1.15877     1.19486  0.00130344
        1553     1.15429     1.19484  0.00130286
        1554     1.14499     1.19481  0.00130242
        1555     1.12796     1.19476  0.00130229
        1556     1.12449     1.19472  0.00130223
        1557     1.14651     1.19469  0.00130177
        1558     1.17128     1.19467  0.00130102
        1559      1.1862     1.19467  0.00130019
        1560     1.19202     1.19466  0.00129936
        1561     1.19183     1.19466  0.00129853
        1562     1.18803     1.19466  0.00129771
        1563     1.18193     1.19465   0.0012969
        1564     1.17379     1.19464  0.00129614
        1565     1.16323     1.19462  0.00129547
        1566     1.15295     1.19459  0.00129491
        1567     1.15019     1.19456   0.0012944
        1568     1.15448     1.19454  0.00129382
        1569     1.15902     1.19451   0.0012932
        1570     1.16213     1.19449  0.00129254
        1571     1.16496     1.19447  0.00129185
        1572     1.16968     1.19446  0.00129113
        1573     1.17543     1.19445  0.00129036
        1574     1.17777     1.19444  0.00128959
        1575     1.17234     1.19442  0.00128884
        1576     1.16025      1.1944  0.00128821
        1577     1.15682     1.19438  0.00128761
        1578     1.16845     1.19436   0.0012869
        1579     1.17911     1.19435  0.00128612
        1580     1.18257     1.19434  0.00128533
        1581     1.18129     1.19433  0.00128454
        1582     1.17697     1.19432  0.00128378
        1583     1.17031     1.19431  0.00128306
        1584     1.16333     1.19429   0.0012824
        1585     1.16001     1.19427  0.00128177
        1586     1.16334     1.19425  0.00128111
        1587     1.17223     1.19423  0.00128038
        1588     1.18255     1.19423  0.00127959
        1589     1.19078     1.19422  0.00127879
        1590     1.19618     1.19422  0.00127799
        1591     1.19952     1.19423  0.00127719
        1592     1.20142     1.19423  0.00127639
        1593     1.20192     1.19424   0.0012756
        1594     1.20098     1.19424  0.00127481
        1595     1.19899     1.19424  0.00127401
        1596     1.19635     1.19425  0.00127321
        1597     1.19258     1.19425  0.00127242
        1598     1.18833     1.19424  0.00127163
        1599     1.18548     1.19424  0.00127084
        1600      1.1837     1.19423  0.00127006
        1601     1.18505     1.19422  0.00126928
        1602     1.18939     1.19422   0.0012685
        1603     1.19354     1.19422   0.0012677
        1604     1.19347     1.19422  0.00126691
        1605        1.19     1.19422  0.00126613
        1606     1.19247     1.19422  0.00126534
        1607     1.20176     1.19422  0.00126456
        1608     1.20997     1.19423  0.00126381
        1609     1.21414     1.19424  0.00126309
        1610     1.21538     1.19426  0.00126237
        1611     1.21487     1.19427  0.00126165
        1612     1.21446     1.19428  0.00126093
        1613     1.21644     1.19429  0.00126023
        1614     1.22053     1.19431  0.00125955
        1615     1.22382     1.19433   0.0012589
        1616     1.22423     1.19435  0.00125826
        1617     1.22196     1.19437   0.0012576
        1618     1.21887     1.19438  0.00125691
        1619     1.21686     1.19439  0.00125621
        1620     1.21633     1.19441  0.00125551
        1621     1.21654     1.19442  0.00125481
        1622     1.21649     1.19443  0.00125411
        1623     1.21525     1.19445   0.0012534
        1624     1.21279     1.19446  0.00125268
        1625     1.21058     1.19447  0.00125195
        1626      1.2115     1.19448  0.00125122
        1627     1.21727     1.19449  0.00125053
        1628     1.22567     1.19451  0.00124991
        1629     1.23322     1.19454  0.00124937
        1630      1.2384     1.19456  0.00124889
        1631     1.24157     1.19459  0.00124846
        1632     1.24353     1.19462  0.00124805
        1633     1.24425     1.19465  0.00124766
        1634     1.24186     1.19468  0.00124723
        1635     1.23262      1.1947  0.00124668
        1636     1.21574     1.19472  0.00124599
        1637     1.20253     1.19472  0.00124524
        1638     1.20574     1.19473  0.00124449
        1639      1.2203     1.19474  0.00124383
        1640     1.23391     1.19477   0.0012433
        1641     1.24148      1.1948  0.00124287
        1642     1.24537     1.19483   0.0012425
        1643     1.24881     1.19486  0.00124217
        1644     1.25171      1.1949   0.0012419
        1645     1.25225     1.19493  0.00124163
        1646     1.24965     1.19496  0.00124132
        1647     1.24474     1.19499  0.00124094
        1648     1.23954     1.19502  0.00124048
        1649     1.23628     1.19505  0.00123998
        1650     1.23615     1.19507  0.00123948
        1651     1.23855      1.1951  0.00123901
        1652     1.24178     1.19512  0.00123858
        1653     1.24469     1.19515  0.00123819
        1654     1.24698     1.19519  0.00123784
        1655     1.24821     1.19522  0.00123751
        1656     1.24699     1.19525  0.00123716
        1657      1.2411     1.19528  0.00123672
        1658     1.23094      1.1953  0.00123616
        1659     1.22471     1.19532  0.00123554
        1660     1.22817     1.19534  0.00123496
        1661      1.2374     1.19536  0.00123447
        1662     1.24676     1.19539  0.00123412
        1663     1.24729     1.19542  0.00123377
        1664     1.23753     1.19545  0.00123329
        1665     1.22761     1.19547   0.0012327
        1666      1.2266     1.19549   0.0012321
        1667     1.23244     1.19551  0.00123156
        1668     1.23725     1.19553  0.00123108
        1669     1.22989     1.19555  0.00123051
        1670     1.20854     1.19556   0.0012298
        1671     1.20676     1.19557  0.00122908
        1672     1.22124     1.19558  0.00122844
        1673      1.2251      1.1956  0.00122783
        1674     1.22517     1.19562  0.00122723
        1675     1.22667     1.19564  0.00122663
        1676     1.23048     1.19566  0.00122608
        1677     1.23578     1.19568  0.00122558
        1678     1.23927     1.19571  0.00122513
        1679     1.23978     1.19574  0.00122468
        1680     1.23877     1.19576  0.00122422
        1681      1.2384     1.19579  0.00122375
        1682     1.23982     1.19581   0.0012233
        1683     1.24237     1.19584  0.00122289
        1684      1.2445     1.19587   0.0012225
        1685     1.24492      1.1959  0.00122212
        1686     1.24302     1.19593  0.00122172
        1687     1.23884     1.19595  0.00122126
        1688       1.233     1.19597  0.00122073
        1689     1.22657     1.19599  0.00122015
        1690     1.22045     1.19601  0.00121951
        1691     1.21507     1.19602  0.00121884
        1692     1.21069     1.19603  0.00121815
        1693     1.20826     1.19603  0.00121745
        1694      1.2099     1.19604  0.00121676
        1695     1.21763     1.19605  0.00121611
        1696     1.23039     1.19607  0.00121556
        1697     1.24246      1.1961  0.00121515
        1698     1.24785     1.19613  0.00121482
        1699     1.24608     1.19616  0.00121446
        1700      1.2434     1.19619  0.00121406
        1701     1.24441     1.19622  0.00121368
        1702     1.24742     1.19625  0.00121334
        1703     1.25288     1.19628  0.00121308
        1704     1.26228     1.19632  0.00121299
        1705     1.27262     1.19636   0.0012131
        1706     1.27876     1.19641  0.00121335
        1707     1.27573     1.19646  0.00121353
        1708     1.26198      1.1965  0.00121343
        1709     1.24622     1.19653  0.00121307
        1710     1.23865     1.19655  0.00121261
        1711     1.23632     1.19657  0.00121212
        1712     1.23033     1.19659  0.00121157
        1713     1.22793     1.19661    0.001211
        1714     1.24184     1.19664  0.00121058
        1715      1.2592     1.19668  0.00121043
        1716     1.26846     1.19672  0.00121045
        1717     1.26978     1.19676  0.00121049
        1718     1.26602      1.1968  0.00121046
        1719     1.26136     1.19684  0.00121033
        1720     1.25986     1.19687  0.00121018
        1721     1.26204     1.19691  0.00121007
        1722     1.26514     1.19695  0.00121002
        1723     1.26551     1.19699  0.00120997
        1724     1.26135     1.19703  0.00120984
        1725     1.25442     1.19706   0.0012096
        1726      1.2477     1.19709  0.00120926
        1727     1.24315     1.19712  0.00120885
        1728     1.24057     1.19714  0.00120841
        1729      1.2403     1.19717  0.00120797
        1730     1.24449      1.1972  0.00120758
        1731     1.25096     1.19723  0.00120728
        1732      1.2542     1.19726  0.00120703
        1733     1.25074     1.19729  0.00120673
        1734      1.2398     1.19732  0.00120629
        1735     1.22481     1.19733  0.00120569
        1736     1.21629     1.19734  0.00120505
        1737     1.22302     1.19736  0.00120445
        1738     1.23549     1.19738  0.00120395
        1739     1.24151      1.1974  0.00120353
        1740     1.24168     1.19743   0.0012031
        1741     1.23994     1.19745  0.00120266
        1742     1.23818     1.19748   0.0012022
        1743     1.23654      1.1975  0.00120172
        1744     1.23423     1.19752  0.00120121
        1745     1.23024     1.19754  0.00120067
        1746     1.22431     1.19755  0.00120008
        1747     1.21767     1.19757  0.00119945
        1748     1.21313     1.19758   0.0011988
        1749     1.21381     1.19758  0.00119815
        1750      1.2207      1.1976  0.00119754
        1751     1.23145     1.19762  0.00119701
        1752     1.24193     1.19764  0.00119659
        1753     1.24871     1.19767  0.00119626
        1754     1.24953      1.1977  0.00119595
        1755     1.24222     1.19773  0.00119553
        1756     1.22514     1.19774  0.00119496
        1757     1.20162     1.19774  0.00119428
        1758     1.18495     1.19774  0.00119362
        1759     1.18873     1.19773  0.00119295
        1760     1.20609     1.19774  0.00119228
        1761     1.21912     1.19775  0.00119167
        1762     1.22279     1.19776  0.00119108
        1763     1.22044     1.19778  0.00119047
        1764     1.21457     1.19779  0.00118983
        1765     1.21153     1.19779  0.00118919
        1766     1.21507      1.1978  0.00118855
        1767     1.22111     1.19782  0.00118795
        1768     1.22513     1.19783  0.00118738
        1769     1.22526     1.19785  0.00118681
        1770     1.22208     1.19786  0.00118622
        1771      1.2181     1.19787  0.00118561
        1772     1.21524     1.19788  0.00118498
        1773     1.21269     1.19789  0.00118434
        1774     1.20768      1.1979  0.00118368
        1775     1.19997      1.1979  0.00118302
        1776     1.19614      1.1979  0.00118235
        1777     1.20131      1.1979  0.00118169
        1778     1.21005      1.1979  0.00118104
        1779     1.21534     1.19791  0.00118042
        1780     1.21622     1.19792   0.0011798
        1781       1.215     1.19793  0.00117918
        1782     1.21372     1.19794  0.00117855
        1783     1.21341     1.19795  0.00117792
        1784     1.21405     1.19796  0.00117729
        1785     1.21465     1.19797  0.00117667
        1786     1.21413     1.19798  0.00117605
        1787     1.21273     1.19799  0.00117542
        1788     1.21197       1.198  0.00117479
        1789      1.2127       1.198  0.00117416
        1790     1.21416     1.19801  0.00117354
        1791     1.21531     1.19802  0.00117292
        1792     1.21548     1.19803  0.00117231
        1793     1.21376     1.19804  0.00117169
        1794     1.20885     1.19805  0.00117105
        1795      1.2011     1.19805   0.0011704
        1796     1.19516     1.19805  0.00116975
        1797     1.19534     1.19805   0.0011691
        1798     1.19873     1.19805  0.00116845
        1799     1.20049     1.19805   0.0011678
        1800     1.19988     1.19805  0.00116715
        1801     1.19865     1.19805   0.0011665
        1802     1.19891     1.19805  0.00116586
        1803     1.20305     1.19805  0.00116521
        1804     1.21052     1.19806  0.00116459
        1805     1.21705     1.19807  0.00116399
        1806     1.22016     1.19808  0.00116341
        1807     1.22088     1.19809  0.00116283
        1808     1.22163     1.19811  0.00116226
        1809     1.22375     1.19812  0.00116171
        1810     1.22641     1.19814  0.00116117
        1811     1.22786     1.19815  0.00116065
        1812     1.22686     1.19817  0.00116011
        1813     1.22338     1.19818  0.00115956
        1814     1.21918     1.19819  0.00115897
        1815     1.21703     1.19821  0.00115838
        1816     1.21738     1.19822  0.00115779
        1817     1.21658     1.19823   0.0011572
        1818     1.21096     1.19823  0.00115658
        1819     1.20294     1.19824  0.00115595
        1820     1.20037     1.19824  0.00115532
        1821     1.20589     1.19824  0.00115469
        1822     1.21459     1.19825  0.00115409
        1823     1.22253     1.19826  0.00115354
        1824     1.22835     1.19828  0.00115302
        1825     1.23068      1.1983  0.00115253
        1826     1.22719     1.19831    0.001152
        1827      1.2148     1.19832  0.00115141
        1828     1.19415     1.19832  0.00115078
        1829     1.17949     1.19831   0.0011502
        1830     1.18671      1.1983  0.00114959
        1831     1.20467     1.19831  0.00114896
        1832     1.21682     1.19832  0.00114838
        1833     1.22193     1.19833  0.00114783
        1834     1.22376     1.19834  0.00114728
        1835     1.22371     1.19836  0.00114674
        1836     1.22086     1.19837  0.00114618
        1837     1.21364     1.19838  0.00114559
        1838     1.20373     1.19838  0.00114497
        1839     1.19904     1.19838  0.00114435
        1840     1.20215     1.19838  0.00114373
        1841     1.20512     1.19839  0.00114311
        1842     1.20309     1.19839  0.00114249
        1843     1.19695     1.19839  0.00114187
        1844     1.19008     1.19838  0.00114126
        1845     1.18613     1.19838  0.00114066
        1846      1.1868     1.19837  0.00114006
        1847      1.1911     1.19837  0.00113945
        1848     1.19632     1.19837  0.00113884
        1849     1.19988     1.19837  0.00113822
        1850     1.20056     1.19837  0.00113761
        1851     1.19873     1.19837  0.00113699
        1852     1.19619     1.19837  0.00113638
        1853     1.19483     1.19837  0.00113577
        1854     1.19482     1.19836  0.00113516
        1855     1.19412     1.19836  0.00113455
        1856     1.18884     1.19836  0.00113395
        1857     1.17548     1.19834   0.0011334
        1858     1.16075     1.19832  0.00113297
        1859     1.15956      1.1983  0.00113256
        1860     1.16745     1.19829  0.00113207
        1861     1.17305     1.19827  0.00113154
        1862     1.17507     1.19826    0.001131
        1863      1.1756     1.19825  0.00113046
        1864     1.17618     1.19824  0.00112992
        1865     1.17718     1.19822  0.00112937
        1866     1.17831     1.19821  0.00112881
        1867     1.17925      1.1982  0.00112825
        1868     1.17996     1.19819  0.00112769
        1869      1.1805     1.19818  0.00112713
        1870     1.18081     1.19818  0.00112656
        1871     1.18032     1.19817    0.001126
        1872      1.1777     1.19815  0.00112545
        1873     1.17188     1.19814  0.00112494
        1874     1.16558     1.19812  0.00112447
        1875     1.16596     1.19811  0.00112401
        1876      1.1733     1.19809  0.00112348
        1877     1.18021     1.19808  0.00112293
        1878     1.18326     1.19808  0.00112236
        1879      1.1832     1.19807  0.00112179
        1880     1.18144     1.19806  0.00112122
        1881     1.17936     1.19805  0.00112067
        1882     1.17808     1.19804  0.00112013
        1883     1.17768     1.19803  0.00111958
        1884     1.17716     1.19802  0.00111905
        1885     1.17614       1.198  0.00111851
        1886     1.17672     1.19799  0.00111798
        1887      1.1812     1.19798  0.00111742
        1888     1.18785     1.19798  0.00111684
        1889     1.19319     1.19798  0.00111625
        1890     1.19645     1.19798  0.00111566
        1891      1.1989     1.19798  0.00111507
        1892     1.20126     1.19798  0.00111448
        1893     1.20351     1.19798   0.0011139
        1894     1.20596     1.19799  0.00111332
        1895     1.20907     1.19799  0.00111275
        1896     1.21242       1.198  0.00111218
        1897     1.21462     1.19801  0.00111163
        1898     1.21395     1.19802  0.00111108
        1899     1.20687     1.19802   0.0011105
        1900     1.18521     1.19801  0.00110994
        1901      1.1547     1.19799  0.00110959
        1902     1.15813     1.19797   0.0011092
        1903     1.18347     1.19796  0.00110865
        1904     1.19589     1.19796  0.00110807
        1905     1.20156     1.19796  0.00110749
        1906     1.20859     1.19797  0.00110692
        1907     1.21497     1.19798  0.00110637
        1908     1.21794     1.19799  0.00110584
        1909     1.21781       1.198  0.00110531
        1910     1.21581     1.19801  0.00110477
        1911     1.21264     1.19802  0.00110422
        1912     1.20865     1.19802  0.00110366
        1913     1.20457     1.19802  0.00110309
        1914      1.2016     1.19803  0.00110251
        1915     1.20095     1.19803  0.00110194
        1916     1.20286     1.19803  0.00110137
        1917     1.20626     1.19803   0.0011008
        1918     1.20991     1.19804  0.00110024
        1919     1.21335     1.19805   0.0010997
        1920     1.21651     1.19806  0.00109917
        1921     1.21875     1.19807  0.00109865
        1922     1.21852     1.19808  0.00109813
        1923      1.2138     1.19809  0.00109759
        1924     1.20431     1.19809  0.00109702
        1925     1.19522     1.19809  0.00109645
        1926     1.19333     1.19809  0.00109589
        1927     1.19577     1.19809  0.00109532
        1928      1.1957     1.19809  0.00109475
        1929     1.19355     1.19808  0.00109419
        1930     1.19467     1.19808  0.00109362
        1931     1.20096     1.19808  0.00109306
        1932     1.20878     1.19809   0.0010925
        1933     1.21467      1.1981  0.00109197
        1934     1.21857     1.19811  0.00109146
        1935     1.22124     1.19812  0.00109096
        1936     1.22164     1.19813  0.00109046
        1937     1.21749     1.19814  0.00108995
        1938     1.20784     1.19815   0.0010894
        1939     1.19683     1.19815  0.00108883
        1940     1.19154     1.19814  0.00108828
        1941     1.19264     1.19814  0.00108772
        1942      1.1971     1.19814  0.00108716
        1943      1.2015     1.19814   0.0010866
        1944     1.20168     1.19814  0.00108605
        1945     1.20012     1.19814  0.00108549
        1946     1.20182     1.19815  0.00108493
        1947     1.20437     1.19815  0.00108438
        1948     1.20456     1.19815  0.00108383
        1949     1.20304     1.19815  0.00108327
        1950     1.20135     1.19816  0.00108272
        1951     1.20017     1.19816  0.00108217
        1952     1.19945     1.19816  0.00108161
        1953      1.1988     1.19816  0.00108106
        1954       1.198     1.19816   0.0010805
        1955     1.19716     1.19816  0.00107995
        1956     1.19622     1.19816   0.0010794
        1957      1.1944     1.19815  0.00107885
        1958      1.1907     1.19815  0.00107831
        1959     1.18614     1.19814  0.00107777
        1960     1.18551     1.19814  0.00107724
        1961     1.19107     1.19813   0.0010767
        1962     1.19465     1.19813  0.00107615
        1963     1.18521     1.19813  0.00107562
        1964      1.1645     1.19811  0.00107521
        1965     1.16078     1.19809  0.00107483
        1966     1.18156     1.19808  0.00107432
        1967      1.1977     1.19808  0.00107377
        1968     1.20154     1.19808  0.00107323
        1969      1.1982     1.19808  0.00107268
        1970     1.19128     1.19808  0.00107215
        1971     1.18292     1.19807  0.00107163
        1972     1.17656     1.19806  0.00107114
        1973     1.17831     1.19805  0.00107064
        1974     1.18713     1.19805  0.00107012
        1975     1.19576     1.19804  0.00106958
        1976     1.20124     1.19805  0.00106904
        1977     1.20374     1.19805   0.0010685
        1978     1.20379     1.19805  0.00106796
        1979     1.20147     1.19805  0.00106742
        1980     1.19635     1.19805  0.00106689
        1981     1.18842     1.19805  0.00106636
        1982     1.18092     1.19804  0.00106585
        1983     1.18046     1.19803  0.00106535
        1984     1.18699     1.19802  0.00106483
        1985     1.18947     1.19802   0.0010643
        1986     1.17646     1.19801  0.00106382
        1987     1.16879     1.19799  0.00106339
        1988     1.19161     1.19799  0.00106286
        1989     1.21014       1.198  0.00106234
        1990     1.21366     1.19801  0.00106184
        1991     1.21054     1.19801  0.00106132
        1992     1.20584     1.19802   0.0010608
        1993     1.20219     1.19802  0.00106027
        1994     1.20104     1.19802  0.00105974
        1995     1.20226     1.19802  0.00105921
        1996     1.20405     1.19802  0.00105868
        1997     1.20375     1.19803  0.00105816
        1998     1.20035     1.19803  0.00105763
        1999     1.19891     1.19803   0.0010571
        2000     1.20598     1.19803  0.00105658
