#     BLOCK:   ACTUAL_T:     T_AVE:       ERROR:
           1     1.97683     1.97683           0
           2     1.94078      1.9588   0.0127429
           3     1.84578     1.92113   0.0319133
           4     1.65505     1.85461   0.0623821
           5     1.38266     1.76022   0.0980729
           6     1.13701     1.65635    0.125179
           7      1.0253      1.5662    0.135935
           8       1.043      1.5008    0.133754
           9     1.07612     1.45361    0.126944
          10     1.09109     1.41736    0.119313
          11     1.09998     1.38851    0.111901
          12     1.10969     1.36527     0.10496
          13     1.11224     1.34581   0.0986747
          14     1.09506      1.3279   0.0932378
          15     1.08938       1.312   0.0883675
          16     1.12019     1.30001   0.0836538
          17     1.16711     1.29219   0.0790974
          18     1.18532     1.28626   0.0749256
          19     1.18142     1.28074    0.071185
          20     1.16831     1.27512   0.0678473
          21     1.14181     1.26877   0.0649128
          22      1.1063     1.26138   0.0623809
          23     1.06968     1.25305   0.0602229
          24     1.04864     1.24453   0.0583128
          25     1.06577     1.23738    0.056417
          26     1.10032     1.23211   0.0544928
          27     1.11998     1.22796   0.0526326
          28     1.10814     1.22368   0.0509265
          29      1.0893     1.21904   0.0493808
          30     1.08285      1.2145    0.047943
          31     1.06496     1.20968   0.0466385
          32     1.05239     1.20476   0.0454393
          33     1.05874     1.20034   0.0442773
          34     1.05809     1.19616   0.0431722
          35     1.02706     1.19132   0.0422082
          36    0.992656     1.18581   0.0413949
          37    0.976182     1.18014    0.040662
          38    0.994425     1.17525   0.0398846
          39       1.042     1.17184    0.039008
          40     1.09728     1.16997   0.0380773
          41     1.14724     1.16942   0.0371526
          42     1.16723     1.16937   0.0362681
          43     1.16605     1.16929   0.0354247
          44      1.1614     1.16911     0.03462
          45     1.16039     1.16892   0.0338512
          46     1.15892      1.1687    0.033116
          47      1.1562     1.16843   0.0324125
          48     1.16709      1.1684   0.0317373
          49     1.17326      1.1685   0.0310897
          50     1.15518     1.16824   0.0304691
          51     1.13963     1.16768   0.0298768
          52     1.14796      1.1673   0.0293047
          53     1.15207     1.16701   0.0287531
          54     1.14838     1.16666   0.0282227
          55     1.15589     1.16647   0.0277103
          56     1.16938     1.16652   0.0272155
          57      1.1807     1.16677   0.0267392
          58     1.19415     1.16724   0.0262823
          59     1.20247     1.16784   0.0258436
          60      1.1903     1.16821   0.0254156
          61     1.15045     1.16792   0.0250006
          62     1.07695     1.16645   0.0246404
          63    0.977213     1.16345   0.0244317
          64    0.937278     1.15992   0.0243042
          65    0.994598     1.15737    0.024063
          66     1.08017      1.1562   0.0237268
          67     1.14053     1.15597   0.0233739
          68     1.14935     1.15587   0.0230303
          69     1.11471     1.15528   0.0227043
          70     1.06095     1.15393   0.0224199
          71     1.04762     1.15243   0.0221541
          72     1.08985     1.15156   0.0218634
          73     1.13605     1.15135   0.0215649
          74     1.16267      1.1515   0.0212741
          75     1.16574     1.15169   0.0209913
          76     1.13808     1.15151   0.0207158
          77     1.09638      1.1508   0.0204591
          78     1.06409     1.14969    0.020227
          79      1.0614     1.14857   0.0200018
          80     1.08307     1.14775   0.0197686
          81     1.09216     1.14706   0.0195364
          82     1.10014     1.14649   0.0193065
          83     1.11065     1.14606   0.0190788
          84     1.11803     1.14573   0.0188546
          85     1.11671     1.14538   0.0186358
          86     1.09757     1.14483   0.0184274
          87     1.07917     1.14407   0.0182311
          88     1.08674     1.14342   0.0180355
          89     1.10459     1.14299   0.0178382
          90     1.10678     1.14258   0.0176445
          91     1.10887     1.14221   0.0174545
          92     1.13893     1.14218   0.0172648
          93     1.18654     1.14265   0.0170857
          94     1.21742     1.14345   0.0169225
          95     1.19434     1.14398   0.0167528
          96     1.12898     1.14383    0.016579
          97     1.09589     1.14333   0.0164155
          98     1.10979     1.14299   0.0162516
          99      1.1308     1.14287   0.0160879
         100     1.14093     1.14285    0.015927
         101     1.14992     1.14292   0.0157695
         102      1.1384     1.14288   0.0156149
         103     1.11841     1.14264   0.0154651
         104     1.12262     1.14245   0.0153176
         105     1.14177     1.14244   0.0151717
         106      1.1583     1.14259   0.0150293
         107      1.1544      1.1427   0.0148893
         108     1.13443     1.14262   0.0147516
         109      1.1318     1.14252   0.0146166
         110     1.13547     1.14246   0.0144839
         111      1.1217     1.14227   0.0143546
         112     1.10184     1.14191    0.014231
         113     1.08471      1.1414    0.014114
         114     1.07053     1.14078   0.0140039
         115     1.10195     1.14045   0.0138862
         116     1.15143     1.14054   0.0137668
         117     1.13751     1.14051   0.0136492
         118     1.07491     1.13996   0.0135448
         119     1.04039     1.13912   0.0134568
         120     1.07479     1.13859   0.0133554
         121     1.10242     1.13829   0.0132483
         122     1.08984     1.13789   0.0131457
         123     1.09053      1.1375   0.0130445
         124     1.09949      1.1372   0.0129429
         125     1.10767     1.13696   0.0128415
         126     1.12084     1.13683   0.0127402
         127     1.12659     1.13675   0.0126401
         128     1.12348     1.13665   0.0125418
         129      1.1285     1.13659   0.0124447
         130     1.13882      1.1366    0.012349
         131     1.12247      1.1365   0.0122552
         132     1.05681     1.13589   0.0121772
         133    0.987616     1.13478   0.0121366
         134    0.987822     1.13368   0.0120955
         135     1.02781      1.1329   0.0120313
         136     1.04849     1.13228   0.0119588
         137     1.01543     1.13142   0.0119019
         138    0.967471     1.13023   0.0118748
         139    0.981721     1.12917   0.0118373
         140      1.0473     1.12858   0.0117672
         141     1.09805     1.12836   0.0116858
         142     1.10263     1.12818   0.0116049
         143     1.07893     1.12784   0.0115288
         144     1.06253     1.12739   0.0114577
         145      1.0547     1.12688   0.0113896
         146      1.0341     1.12625   0.0113293
         147    0.999479     1.12539    0.011285
         148     1.00117     1.12455   0.0112399
         149     1.06681     1.12416   0.0111712
         150     1.12346     1.12415   0.0110967
         151     1.13964     1.12426   0.0110237
         152     1.15649     1.12447   0.0109532
         153     1.16675     1.12475   0.0108851
         154     1.15284     1.12493    0.010816
         155     1.13575       1.125   0.0107464
         156     1.13762     1.12508   0.0106778
         157     1.15901      1.1253    0.010612
         158     1.16363     1.12554   0.0105476
         159     1.12738     1.12555   0.0104813
         160     1.06655     1.12518   0.0104223
         161     1.03948     1.12465   0.0103711
         162     1.08289     1.12439   0.0103103
         163     1.12018     1.12436   0.0102471
         164     1.10984     1.12428    0.010185
         165     1.07769     1.12399   0.0101271
         166     1.06671     1.12365    0.010072
         167     1.09582     1.12348   0.0100131
         168     1.13952     1.12358  0.00995394
         169     1.16433     1.12382  0.00989796
         170     1.17667     1.12413  0.00984462
         171     1.18392     1.12448  0.00979326
         172     1.15105     1.12463  0.00973754
         173     1.08349      1.1244  0.00968416
         174     1.07577     1.12412  0.00963253
         175     1.11043     1.12404  0.00957781
         176     1.12131     1.12402   0.0095234
         177     1.10978     1.12394  0.00946993
         178     1.09681     1.12379  0.00941796
         179     1.12547      1.1238  0.00936535
         180     1.15787     1.12399  0.00931523
         181     1.13276     1.12404  0.00926389
         182     1.09257     1.12386  0.00921461
         183     1.09181     1.12369  0.00916592
         184     1.11344     1.12363  0.00911627
         185     1.12836     1.12366  0.00906703
         186     1.14047     1.12375  0.00901873
         187     1.15969     1.12394  0.00897255
         188     1.16068     1.12414  0.00892695
         189     1.15372     1.12429  0.00888109
         190     1.16027     1.12448  0.00883637
         191     1.16557      1.1247  0.00879272
         192     1.16386      1.1249  0.00874929
         193     1.16612     1.12512  0.00870657
         194     1.16098      1.1253  0.00866365
         195     1.14872     1.12542  0.00862005
         196     1.14783     1.12553  0.00857683
         197     1.15189     1.12567  0.00853434
         198     1.14533     1.12577  0.00849181
         199     1.12264     1.12575  0.00844916
         200      1.0957      1.1256  0.00840825
         201     1.08964     1.12542  0.00836832
         202     1.10467     1.12532  0.00832752
         203     1.11995     1.12529  0.00828654
         204     1.12527     1.12529  0.00824592
         205     1.13613     1.12535  0.00820587
         206     1.15528     1.12549  0.00816732
         207     1.15731     1.12565  0.00812931
         208     1.13136     1.12567  0.00809027
         209     1.09209     1.12551  0.00805316
         210     1.07483     1.12527  0.00801842
         211     1.08245     1.12507  0.00798299
         212     1.07412     1.12483  0.00794895
         213     1.02951     1.12438  0.00792422
         214    0.980813     1.12371  0.00791554
         215      1.0047     1.12316  0.00789805
         216     1.07554     1.12294  0.00786456
         217     1.11343     1.12289  0.00782844
         218     1.11084     1.12284  0.00779273
         219     1.07387     1.12261  0.00776035
         220     1.02316     1.12216  0.00773823
         221     1.00226     1.12162  0.00772221
         222     1.02348     1.12118  0.00770007
         223     1.05031     1.12086   0.0076721
         224     1.05032     1.12054  0.00764431
         225     1.04211     1.12019  0.00761828
         226     1.04888     1.11988   0.0075911
         227     1.08238     1.11971  0.00755946
         228     1.12184     1.11972  0.00752631
         229     1.13743      1.1198  0.00749384
         230      1.1371     1.11988  0.00746163
         231     1.13795     1.11995  0.00742974
         232     1.13469     1.12002  0.00739799
         233     1.11617        1.12  0.00736626
         234     1.09415     1.11989   0.0073356
         235     1.08072     1.11972  0.00730628
         236     1.06573      1.1195   0.0072789
         237     1.05819     1.11924  0.00725279
         238     1.09378     1.11913   0.0072231
         239     1.14798     1.11925  0.00719389
         240     1.15719     1.11941  0.00716565
         241     1.13198     1.11946  0.00713611
         242     1.11066     1.11942  0.00710671
         243     1.09974     1.11934  0.00707793
         244     1.11634     1.11933  0.00704893
         245     1.15815     1.11949  0.00702194
         246     1.19235     1.11979  0.00699964
         247     1.20138     1.12012  0.00697909
         248     1.18199     1.12037  0.00695541
         249     1.15243     1.12049  0.00692867
         250     1.12147      1.1205  0.00690095
         251     1.07684     1.12032  0.00687565
         252      1.0363     1.11999  0.00685645
         253     1.02937     1.11963  0.00683869
         254     1.02171     1.11925  0.00682263
         255      1.0093     1.11882  0.00680948
         256     1.01714     1.11842  0.00679446
         257     1.03282     1.11809  0.00677618
         258     1.05408     1.11784  0.00675445
         259     1.06368     1.11763  0.00673161
         260     1.05296     1.11738  0.00671031
         261     1.05069     1.11712  0.00668947
         262     1.07066     1.11695  0.00666628
         263     1.10024     1.11688  0.00664124
         264     1.11058     1.11686  0.00661613
         265     1.08752     1.11675  0.00659209
         266      1.0739     1.11659  0.00656927
         267     1.10434     1.11654  0.00654483
         268     1.12828     1.11659  0.00652055
         269     1.13517     1.11665  0.00649668
         270     1.14228     1.11675  0.00647331
         271     1.15893      1.1169   0.0064513
         272     1.15435     1.11704  0.00642905
         273     1.10805     1.11701  0.00640558
         274     1.06771     1.11683  0.00638473
         275     1.05641     1.11661  0.00636529
         276     1.03733     1.11632  0.00634871
         277     1.02006     1.11598  0.00633529
         278      1.0316     1.11567  0.00631977
         279     1.04157     1.11541   0.0063027
         280     1.02403     1.11508  0.00628863
         281    0.997033     1.11466  0.00628027
         282     1.01066     1.11429  0.00626881
         283     1.09018     1.11421  0.00624724
         284     1.16939      1.1144  0.00622827
         285     1.19129     1.11467  0.00621225
         286     1.16384     1.11484  0.00619291
         287     1.12404     1.11487  0.00617142
         288      1.1049     1.11484  0.00615008
         289     1.09877     1.11478  0.00612905
         290     1.08928      1.1147  0.00610855
         291     1.08914     1.11461  0.00608819
         292     1.09279     1.11453   0.0060678
         293     1.07491      1.1144   0.0060486
         294     1.06263     1.11422  0.00603058
         295     1.08872     1.11414  0.00601076
         296     1.13418      1.1142  0.00599084
         297     1.16067     1.11436  0.00597271
         298     1.13612     1.11443  0.00595311
         299     1.06534     1.11427  0.00593547
         300     1.00956     1.11392  0.00592593
         301     1.00178     1.11355  0.00591795
         302      1.0284     1.11326  0.00590506
         303     1.08477     1.11317  0.00588632
         304     1.13517     1.11324  0.00586741
         305     1.13642     1.11332  0.00584866
         306     1.11216     1.11332  0.00582955
         307     1.10299     1.11328  0.00581066
         308     1.11202     1.11328  0.00579179
         309     1.12759     1.11332  0.00577323
         310     1.14169     1.11342  0.00575534
         311     1.14466     1.11352  0.00573771
         312     1.12667     1.11356  0.00571947
         313     1.10887     1.11354  0.00570122
         314     1.11653     1.11355  0.00568307
         315     1.14663     1.11366    0.005666
         316     1.16633     1.11382  0.00565052
         317     1.15875     1.11397  0.00563447
         318     1.13609     1.11404  0.00561718
         319     1.10112       1.114  0.00559972
         320     1.08001     1.11389  0.00558323
         321     1.08205     1.11379  0.00556671
         322     1.09994     1.11375  0.00554959
         323     1.11329     1.11375  0.00553241
         324     1.12509     1.11378  0.00551545
         325     1.11769     1.11379  0.00549849
         326     1.09131     1.11372  0.00548206
         327      1.0843     1.11363  0.00546603
         328     1.10298      1.1136  0.00544946
         329     1.13492     1.11367  0.00543328
         330     1.15467     1.11379  0.00541824
         331     1.17688     1.11398  0.00540522
         332     1.20665     1.11426  0.00539614
         333     1.20963     1.11455  0.00538753
         334     1.15817     1.11468  0.00537299
         335     1.08059     1.11457  0.00535791
         336     1.04308     1.11436  0.00534619
         337     1.04843     1.11417   0.0053339
         338     1.06144     1.11401   0.0053204
         339     1.07355     1.11389  0.00530605
         340      1.0857     1.11381  0.00529109
         341     1.11207      1.1138  0.00527557
         342     1.14705      1.1139  0.00526104
         343     1.15923     1.11403  0.00524737
         344     1.15028     1.11414  0.00523317
         345     1.12853     1.11418  0.00521817
         346     1.11561     1.11418  0.00520309
         347     1.12173     1.11421  0.00518814
         348     1.12584     1.11424  0.00517334
         349     1.11918     1.11425  0.00515853
         350     1.10174     1.11422  0.00514392
         351     1.08686     1.11414  0.00512985
         352     1.09067     1.11407  0.00511571
         353     1.11541     1.11408  0.00510122
         354     1.14184     1.11415  0.00508742
         355     1.14332     1.11424  0.00507375
         356      1.1269     1.11427  0.00505962
         357     1.11281     1.11427  0.00504545
         358     1.10687     1.11425   0.0050314
         359     1.11981     1.11426  0.00501741
         360     1.13938     1.11433  0.00500396
         361     1.12563     1.11436  0.00499019
         362      1.1017     1.11433  0.00497653
         363     1.10121     1.11429  0.00496295
         364     1.09229     1.11423  0.00494968
         365     1.06701      1.1141  0.00493781
         366      1.0655     1.11397  0.00492611
         367     1.10032     1.11393  0.00491283
         368     1.12187     1.11396  0.00489952
         369     1.10412     1.11393  0.00488632
         370     1.06807      1.1138  0.00487468
         371     1.03923      1.1136  0.00486569
         372     1.03803      1.1134  0.00485685
         373     1.06708     1.11328  0.00484541
         374     1.09588     1.11323  0.00483268
         375       1.115     1.11323   0.0048198
         376     1.13433     1.11329   0.0048073
         377     1.14606     1.11338  0.00479534
         378     1.13743     1.11344  0.00478307
         379     1.11259     1.11344  0.00477045
         380     1.09015     1.11338  0.00475829
         381     1.09459     1.11333  0.00474606
         382     1.10215      1.1133  0.00473373
         383     1.08719     1.11323  0.00472186
         384     1.06856     1.11311  0.00471099
         385     1.06175     1.11298  0.00470065
         386     1.04714     1.11281  0.00469156
         387     1.02392     1.11258  0.00468506
         388     1.01323     1.11232  0.00467998
         389     1.03708     1.11213  0.00467194
         390     1.08039     1.11205  0.00466067
         391       1.093       1.112  0.00464901
         392     1.07736     1.11191  0.00463799
         393     1.08696     1.11185  0.00462662
         394     1.11956     1.11187  0.00461492
         395      1.1392     1.11194  0.00460375
         396     1.11534     1.11195  0.00459214
         397     1.07434     1.11185  0.00458155
         398       1.071     1.11175  0.00457118
         399     1.09696     1.11171  0.00455988
         400     1.11303     1.11172  0.00454848
         401     1.11167     1.11172  0.00453714
         402     1.10283     1.11169   0.0045259
         403     1.10704     1.11168  0.00451469
         404     1.13461     1.11174  0.00450387
         405     1.17505     1.11189  0.00449546
         406     1.18946     1.11209  0.00448845
         407     1.15219     1.11218   0.0044785
         408     1.08382     1.11211  0.00446806
         409     1.03141     1.11192  0.00446149
         410     1.03478     1.11173  0.00445458
         411      1.0795     1.11165  0.00444443
         412      1.1047     1.11163  0.00443367
         413      1.0869     1.11157  0.00442334
         414     1.06985     1.11147  0.00441381
         415     1.07216     1.11138  0.00440419
         416     1.07271     1.11129  0.00439458
         417      1.0513     1.11114   0.0043864
         418     1.02399     1.11093  0.00438085
         419     1.02765     1.11073  0.00437491
         420     1.06479     1.11063  0.00436586
         421     1.11569     1.11064   0.0043555
         422     1.14394     1.11072   0.0043459
         423     1.13287     1.11077  0.00433594
         424     1.09585     1.11073  0.00432586
         425     1.09522      1.1107  0.00431583
         426      1.1234     1.11073   0.0043058
         427      1.1671     1.11086  0.00429774
         428     1.19166     1.11105  0.00429185
         429      1.1727     1.11119  0.00428425
         430     1.14667     1.11127  0.00427508
         431     1.11647     1.11129  0.00426518
         432     1.07912     1.11121  0.00425595
         433     1.05669     1.11109  0.00424799
         434     1.07517       1.111    0.004239
         435     1.12428     1.11103  0.00422937
         436     1.16226     1.11115   0.0042213
         437     1.15523     1.11125  0.00421285
         438     1.12239     1.11128   0.0042033
         439     1.11528     1.11129  0.00419374
         440     1.13961     1.11135   0.0041847
         441     1.15114     1.11144  0.00417619
         442     1.12257     1.11147  0.00416681
         443     1.05963     1.11135  0.00415905
         444     1.02667     1.11116  0.00415405
         445     1.07371     1.11107  0.00414557
         446     1.14065     1.11114  0.00413681
         447     1.17087     1.11127  0.00412971
         448      1.1455     1.11135   0.0041212
         449     1.08927      1.1113  0.00411231
         450     1.07698     1.11122  0.00410388
         451     1.12626     1.11126  0.00409492
         452     1.16587     1.11138  0.00408764
         453     1.17706     1.11152  0.00408119
         454     1.17433     1.11166  0.00407454
         455     1.16586     1.11178  0.00406733
         456     1.15942     1.11189  0.00405975
         457     1.13552     1.11194   0.0040512
         458     1.08768     1.11188   0.0040427
         459     1.04839     1.11175  0.00403625
         460     1.04167     1.11159  0.00403035
         461     1.05712     1.11148  0.00402334
         462     1.07437      1.1114  0.00401544
         463     1.09456     1.11136  0.00400693
         464     1.10571     1.11135  0.00399831
         465     1.09228     1.11131  0.00398992
         466     1.07508     1.11123  0.00398212
         467     1.08185     1.11117  0.00397409
         468     1.07944      1.1111  0.00396617
         469      1.0308     1.11093  0.00396141
         470    0.983039     1.11065  0.00396232
         471     1.02818     1.11048  0.00395777
         472     1.10488     1.11047   0.0039494
         473     1.14532     1.11054  0.00394174
         474     1.15153     1.11063  0.00393437
         475     1.14788     1.11071  0.00392687
         476     1.16282     1.11082  0.00392015
         477     1.17933     1.11096  0.00391456
         478     1.16326     1.11107   0.0039079
         479     1.13571     1.11112  0.00390008
         480     1.13488     1.11117  0.00389227
         481     1.15093     1.11125  0.00388506
         482     1.15403     1.11134  0.00387801
         483       1.134     1.11139  0.00387026
         484     1.09291     1.11135  0.00386245
         485      1.0464     1.11122  0.00385681
         486     1.04844     1.11109  0.00385104
         487     1.09533     1.11105  0.00384327
         488     1.13119      1.1111  0.00383561
         489     1.13828     1.11115  0.00382817
         490     1.12695     1.11118  0.00382049
         491     1.11449     1.11119  0.00381272
         492     1.09358     1.11115  0.00380514
         493     1.06407     1.11106  0.00379862
         494     1.06067     1.11096   0.0037923
         495     1.09043     1.11092  0.00378486
         496     1.11207     1.11092  0.00377723
         497     1.10816     1.11091  0.00376964
         498     1.10544      1.1109  0.00376208
         499     1.12199     1.11092  0.00375461
         500     1.13718     1.11098  0.00374747
         501     1.14539     1.11104  0.00374062
         502     1.15358     1.11113  0.00373413
         503     1.13097     1.11117  0.00372691
         504     1.08735     1.11112  0.00371982
         505     1.09052     1.11108  0.00371267
         506     1.11636     1.11109  0.00370535
         507     1.09868     1.11107  0.00369812
         508     1.05031     1.11095  0.00369278
         509     1.03354     1.11079  0.00368865
         510     1.05431     1.11068  0.00368308
         511     1.08343     1.11063  0.00367626
         512     1.11161     1.11063  0.00366908
         513     1.13856     1.11069  0.00366233
         514     1.13819     1.11074   0.0036556
         515     1.11086     1.11074   0.0036485
         516     1.08272     1.11069  0.00364183
         517     1.06357      1.1106  0.00363593
         518     1.06665     1.11051   0.0036299
         519     1.08613     1.11046  0.00362321
         520     1.11265     1.11047  0.00361624
         521     1.11754     1.11048  0.00360933
         522     1.10851     1.11048  0.00360242
         523     1.09775     1.11045  0.00359561
         524     1.07575     1.11039  0.00358936
         525     1.05161     1.11028  0.00358427
         526     1.06101     1.11018  0.00357868
         527     1.09888     1.11016  0.00357195
         528     1.13242      1.1102  0.00356543
         529     1.14626     1.11027  0.00355935
         530     1.13908     1.11032  0.00355304
         531     1.12453     1.11035  0.00354645
         532     1.11839     1.11037  0.00353982
         533     1.12196     1.11039  0.00353325
         534     1.10743     1.11038  0.00352663
         535     1.05217     1.11027  0.00352172
         536    0.999385     1.11007  0.00352122
         537      1.0043     1.10987  0.00352017
         538      1.0391     1.10974  0.00351608
         539     1.05921     1.10964  0.00351081
         540     1.04259     1.10952   0.0035065
         541     1.00295     1.10932  0.00350555
         542    0.987343      1.1091   0.0035063
         543     1.02993     1.10895  0.00350287
         544     1.07753      1.1089  0.00349691
         545     1.09415     1.10887   0.0034906
         546     1.10718     1.10886   0.0034842
         547     1.12971      1.1089  0.00347804
         548     1.14439     1.10897   0.0034723
         549     1.13468     1.10901  0.00346629
         550     1.11005     1.10902  0.00345999
         551     1.09784       1.109  0.00345377
         552     1.08504     1.10895  0.00344778
         553      1.0542     1.10885  0.00344297
         554     1.01895     1.10869  0.00344058
         555    0.987167     1.10847  0.00344134
         556    0.992877     1.10826  0.00344143
         557     1.06194     1.10818  0.00343625
         558     1.11973      1.1082  0.00343016
         559     1.13238     1.10825  0.00342429
         560     1.12784     1.10828  0.00341836
         561     1.13687     1.10833  0.00341264
         562     1.15678     1.10842  0.00340766
         563     1.16344     1.10852  0.00340301
         564     1.14449     1.10858  0.00339757
         565     1.11836      1.1086   0.0033916
         566     1.13355     1.10864   0.0033859
         567     1.18334     1.10877  0.00338249
         568     1.21683     1.10896  0.00338188
         569       1.223     1.10916  0.00338187
         570     1.19419     1.10931  0.00337922
         571     1.14067     1.10937  0.00337375
         572     1.10272     1.10936  0.00336787
         573     1.10272     1.10934  0.00336202
         574     1.12467     1.10937  0.00335626
         575     1.14985     1.10944  0.00335117
         576     1.16399     1.10954  0.00334669
         577     1.15897     1.10962  0.00334198
         578     1.14557     1.10968  0.00333678
         579     1.12234     1.10971  0.00333109
         580     1.06633     1.10963  0.00332618
         581     1.03493      1.1095  0.00332294
         582     1.07335     1.10944  0.00331781
         583     1.14489      1.1095  0.00331268
         584     1.17394     1.10961  0.00330884
         585     1.13895     1.10966  0.00330357
         586     1.08855     1.10963  0.00329813
         587     1.09699      1.1096  0.00329258
         588     1.11643     1.10962    0.003287
         589     1.10408     1.10961  0.00328143
         590     1.09922     1.10959  0.00327592
         591     1.10273     1.10958  0.00327039
         592     1.09874     1.10956  0.00326492
         593     1.08229     1.10951  0.00325974
         594      1.0637     1.10944  0.00325516
         595     1.04389     1.10932  0.00325156
         596     1.04419     1.10922  0.00324794
         597     1.06874     1.10915   0.0032432
         598     1.08684     1.10911    0.003238
         599     1.12531     1.10914   0.0032327
         600     1.18525     1.10926   0.0032298
         601     1.19904     1.10941  0.00322788
         602     1.16434     1.10951  0.00322381
         603     1.13817     1.10955  0.00321881
         604     1.15073     1.10962  0.00321421
         605     1.16126     1.10971  0.00321003
         606     1.14149     1.10976  0.00320516
         607     1.12719     1.10979  0.00320001
         608     1.13387     1.10983  0.00319499
         609     1.09919     1.10981  0.00318979
         610     1.03823     1.10969  0.00318672
         611     1.01315     1.10953  0.00318542
         612     1.03878     1.10942  0.00318231
         613     1.09494     1.10939  0.00317721
         614     1.14218     1.10945  0.00317248
         615     1.13761     1.10949  0.00316765
         616     1.08129     1.10945  0.00316284
         617      1.0247     1.10931   0.0031607
         618     1.03052     1.10918  0.00315815
         619     1.05036     1.10909  0.00315448
         620     1.04752     1.10899  0.00315095
         621     1.06034     1.10891  0.00314685
         622     1.09019     1.10888  0.00314194
         623      1.0842     1.10884  0.00313714
         624     1.04099     1.10873    0.003134
         625     1.00412     1.10856  0.00313345
         626    0.994052     1.10838  0.00313378
         627     1.00278     1.10821  0.00313331
         628      1.0238     1.10808   0.0031312
         629     1.05718       1.108  0.00312727
         630     1.09864     1.10798  0.00312234
         631     1.14057     1.10804  0.00311782
         632     1.17143     1.10814   0.0031145
         633     1.18435     1.10826   0.0031119
         634     1.15846     1.10833    0.003108
         635     1.08273     1.10829  0.00310337
         636     1.00498     1.10813  0.00310274
         637    0.966194     1.10791  0.00310586
         638    0.959153     1.10768  0.00310973
         639    0.952898     1.10743  0.00311428
         640    0.938929     1.10717  0.00312053
         641    0.958802     1.10694  0.00312423
         642     1.01957      1.1068  0.00312233
         643      1.0837     1.10677  0.00311768
         644     1.11331     1.10678  0.00311285
         645     1.11628     1.10679  0.00310806
         646      1.1295     1.10683  0.00310345
         647     1.13401     1.10687  0.00309894
         648     1.09528     1.10685  0.00309421
         649     1.03455     1.10674  0.00309144
         650     1.02029     1.10661  0.00308955
         651     1.07524     1.10656  0.00308518
         652     1.13529      1.1066  0.00308076
         653     1.15335     1.10667  0.00307687
         654     1.12918     1.10671  0.00307236
         655     1.06885     1.10665  0.00306821
         656     1.02092     1.10652  0.00306632
         657     1.04131     1.10642  0.00306326
         658     1.10589     1.10642   0.0030586
         659     1.15177     1.10649  0.00305473
         660     1.16013     1.10657  0.00305119
         661      1.1573     1.10665  0.00304754
         662     1.15533     1.10672  0.00304382
         663     1.13527     1.10676  0.00303953
         664     1.09956     1.10675  0.00303498
         665     1.07286      1.1067  0.00303084
         666     1.05102     1.10662  0.00302744
         667     1.02905      1.1065  0.00302514
         668      1.0477     1.10641  0.00302189
         669     1.10427     1.10641  0.00301737
         670     1.14827     1.10647  0.00301352
         671     1.15766     1.10655  0.00300999
         672     1.14121      1.1066  0.00300595
         673     1.11813     1.10662  0.00300153
         674     1.10214     1.10661  0.00299709
         675     1.09942      1.1066  0.00299267
         676     1.09931     1.10659  0.00298826
         677     1.08843     1.10656  0.00298397
         678     1.08577     1.10653  0.00297972
         679     1.12097     1.10655  0.00297541
         680     1.16807     1.10664  0.00297241
         681      1.1894     1.10677  0.00297053
         682     1.17541     1.10687  0.00296788
         683     1.12769      1.1069  0.00296369
         684     1.07945     1.10686  0.00295963
         685     1.06667      1.1068  0.00295589
         686     1.07769     1.10676  0.00295188
         687     1.08407     1.10672  0.00294777
         688     1.08473     1.10669  0.00294366
         689     1.08673     1.10666  0.00293953
         690     1.07732     1.10662  0.00293558
         691     1.05536     1.10655  0.00293227
         692     1.03838     1.10645  0.00292968
         693     1.04529     1.10636  0.00292678
         694     1.07149     1.10631    0.002923
         695      1.1003      1.1063  0.00291881
         696     1.12596     1.10633  0.00291475
         697     1.15457      1.1064  0.00291139
         698     1.17923      1.1065  0.00290909
         699     1.18803     1.10662  0.00290726
         700     1.18228     1.10673  0.00290512
         701      1.1753     1.10682  0.00290262
         702     1.16705     1.10691  0.00289975
         703     1.16734       1.107   0.0028969
         704     1.19088     1.10711  0.00289524
         705     1.21127     1.10726   0.0028949
         706     1.21173     1.10741  0.00289458
         707     1.18866     1.10753  0.00289276
         708     1.16379      1.1076  0.00288977
         709     1.16195     1.10768  0.00288671
         710     1.16279     1.10776  0.00288369
         711     1.14113     1.10781  0.00288001
         712       1.101      1.1078  0.00287598
         713     1.06882     1.10774  0.00287247
         714      1.0768      1.1077  0.00286877
         715     1.11124      1.1077  0.00286476
         716     1.13297     1.10774  0.00286098
         717     1.12752     1.10777  0.00285712
         718     1.09516     1.10775   0.0028532
         719     1.05583     1.10768  0.00285014
         720     1.06444     1.10762  0.00284682
         721     1.11773     1.10763   0.0028429
         722      1.1613      1.1077  0.00283994
         723       1.168     1.10779  0.00283723
         724     1.15688     1.10786  0.00283413
         725     1.16683     1.10794  0.00283138
         726     1.18742     1.10805   0.0028296
         727     1.19519     1.10817  0.00282824
         728     1.16294     1.10824  0.00282536
         729     1.10086     1.10823   0.0028215
         730     1.05239     1.10816  0.00281867
         731     1.03836     1.10806  0.00281643
         732     1.06547       1.108  0.00281319
         733     1.09888     1.10799  0.00280938
         734     1.10358     1.10798  0.00280556
         735      1.1104     1.10799  0.00280174
         736     1.11211     1.10799  0.00279794
         737     1.08629     1.10796   0.0027943
         738     1.04852     1.10788  0.00279167
         739     1.02935     1.10778  0.00278992
         740      1.0496      1.1077  0.00278725
         741     1.07775     1.10766  0.00278379
         742     1.07502     1.10761  0.00278038
         743     1.07958     1.10758   0.0027769
         744     1.12105     1.10759  0.00277322
         745     1.17027     1.10768  0.00277078
         746     1.21285     1.10782  0.00277065
         747     1.21333     1.10796  0.00277054
         748     1.17621     1.10805  0.00276833
         749     1.12048     1.10807  0.00276469
         750     1.07178     1.10802  0.00276142
         751     1.07067     1.10797   0.0027582
         752     1.11171     1.10797  0.00275453
         753     1.15299     1.10803  0.00275152
         754     1.17066     1.10812  0.00274913
         755     1.15728     1.10818  0.00274626
         756     1.13151     1.10821   0.0027428
         757     1.13769     1.10825  0.00273945
         758     1.15164     1.10831  0.00273643
         759     1.14266     1.10835   0.0027332
         760     1.12518     1.10838   0.0027297
         761     1.07985     1.10834  0.00272637
         762     1.06066     1.10828  0.00272351
         763     1.11665     1.10829  0.00271996
         764     1.17077     1.10837  0.00271763
         765     1.15932     1.10844  0.00271489
         766      1.0939     1.10842  0.00271141
         767     1.03933     1.10833  0.00270938
         768     1.04223     1.10824  0.00270721
         769     1.07476      1.1082  0.00270404
         770     1.10793      1.1082  0.00270053
         771     1.13331     1.10823  0.00269723
         772     1.14522     1.10828  0.00269416
         773     1.14867     1.10833  0.00269118
         774     1.14472     1.10838  0.00268811
         775     1.13005      1.1084  0.00268479
         776     1.09409     1.10839  0.00268139
         777     1.05659     1.10832  0.00267877
         778     1.05842     1.10826   0.0026761
         779     1.08211     1.10822  0.00267287
         780     1.08576     1.10819   0.0026696
         781      1.0644     1.10814  0.00266677
         782     1.05274     1.10807   0.0026643
         783     1.08009     1.10803  0.00266114
         784     1.10774     1.10803  0.00265774
         785     1.12927     1.10806   0.0026545
         786     1.14042      1.1081  0.00265144
         787     1.12433     1.10812  0.00264815
         788      1.1149     1.10813   0.0026448
         789     1.14386     1.10817  0.00264184
         790     1.18849     1.10827  0.00264045
         791     1.20798      1.1084  0.00264012
         792     1.18668      1.1085  0.00263863
         793     1.15063     1.10855  0.00263584
         794     1.13009     1.10858  0.00263266
         795     1.12399      1.1086  0.00262942
         796     1.13892     1.10864  0.00262639
         797     1.14384     1.10868  0.00262347
         798     1.12107      1.1087  0.00262023
         799      1.1144      1.1087  0.00261696
         800     1.12912     1.10873  0.00261381
         801     1.12492     1.10875  0.00261063
         802     1.10596     1.10875  0.00260737
         803     1.10821     1.10875  0.00260413
         804     1.14712     1.10879  0.00260132
         805     1.18507     1.10889  0.00259982
         806      1.2032     1.10901  0.00259922
         807     1.20143     1.10912  0.00259853
         808     1.18748     1.10922  0.00259712
         809     1.16638     1.10929  0.00259487
         810      1.1379     1.10932  0.00259191
         811     1.09512     1.10931  0.00258877
         812     1.06944     1.10926  0.00258605
         813     1.08689     1.10923  0.00258301
         814     1.14062     1.10927  0.00258013
         815     1.18268     1.10936  0.00257853
         816     1.20146     1.10947  0.00257784
         817     1.20286     1.10958  0.00257722
         818     1.18588     1.10968  0.00257576
         819     1.16078     1.10974  0.00257337
         820     1.15364     1.10979  0.00257079
         821     1.15274     1.10985  0.00256819
         822     1.13131     1.10987   0.0025652
         823     1.08772     1.10984  0.00256222
         824      1.0522     1.10978  0.00256007
         825      1.0473      1.1097  0.00255808
         826     1.06621     1.10965  0.00255553
         827     1.08895     1.10962  0.00255256
         828     1.10327     1.10961  0.00254949
         829     1.08571     1.10959  0.00254658
         830     1.05194     1.10952  0.00254445
         831     1.04728     1.10944  0.00254249
         832     1.05607     1.10938  0.00254025
         833     1.06731     1.10933   0.0025377
         834     1.08471      1.1093  0.00253483
         835     1.09642     1.10928  0.00253184
         836     1.07613     1.10924  0.00252912
         837     1.03567     1.10915  0.00252763
         838     1.04001     1.10907  0.00252596
         839     1.07993     1.10904  0.00252319
         840     1.09227     1.10902  0.00252026
         841     1.08551     1.10899  0.00251742
         842     1.08234     1.10896  0.00251463
         843      1.0725     1.10891  0.00251202
         844     1.04337     1.10884  0.00251024
         845    0.994133      1.1087  0.00251094
         846    0.961425     1.10853    0.002514
         847    0.977899     1.10837  0.00251576
         848     1.02644     1.10828  0.00251464
         849     1.05374     1.10821   0.0025125
         850     1.03679     1.10813  0.00251095
         851     1.03573     1.10804  0.00250944
         852     1.06832       1.108  0.00250693
         853     1.07564     1.10796  0.00250428
         854     1.06877     1.10791  0.00250176
         855     1.07955     1.10788  0.00249906
         856     1.08931     1.10786  0.00249623
         857     1.08051     1.10782  0.00249352
         858     1.05203     1.10776  0.00249147
         859     1.03061     1.10767  0.00249018
         860     1.03587     1.10759  0.00248869
         861     1.06794     1.10754  0.00248622
         862     1.12369     1.10756  0.00248341
         863     1.14259      1.1076  0.00248086
         864     1.11394     1.10761    0.002478
         865     1.08938     1.10759  0.00247523
         866     1.08556     1.10756   0.0024725
         867     1.07644     1.10752  0.00246991
         868     1.07499     1.10749  0.00246735
         869     1.09743     1.10748  0.00246454
         870      1.1248      1.1075  0.00246178
         871     1.14627     1.10754  0.00245936
         872      1.1324     1.10757   0.0024567
         873     1.09296     1.10755  0.00245395
         874     1.06342      1.1075  0.00245166
         875     1.03496     1.10742  0.00245026
         876     1.01104     1.10731  0.00244993
         877     1.01035      1.1072  0.00244963
         878     1.01765      1.1071  0.00244896
         879     1.01971       1.107  0.00244819
         880     1.02935     1.10691    0.002447
         881     1.04607     1.10684   0.0024452
         882      1.0744      1.1068   0.0024427
         883     1.12505     1.10682  0.00244002
         884     1.17121      1.1069  0.00243835
         885      1.1867     1.10699  0.00243726
         886     1.18268     1.10707  0.00243601
         887     1.16546     1.10714  0.00243415
         888     1.15458     1.10719  0.00243199
         889     1.17529     1.10727  0.00243046
         890     1.19241     1.10736  0.00242962
         891     1.18102     1.10745  0.00242829
         892     1.15721      1.1075  0.00242621
         893     1.14313     1.10754  0.00242382
         894     1.17234     1.10761   0.0024222
         895     1.18943     1.10771  0.00242121
         896     1.15238     1.10776  0.00241903
         897     1.08708     1.10773  0.00241644
         898     1.04873     1.10767  0.00241464
         899      1.0529     1.10761  0.00241272
         900     1.06707     1.10756  0.00241046
         901     1.08045     1.10753  0.00240798
         902     1.07127     1.10749  0.00240564
         903     1.07153     1.10745  0.00240331
         904      1.0973     1.10744  0.00240067
         905       1.123     1.10746  0.00239808
         906     1.12073     1.10747  0.00239548
         907     1.04886     1.10741  0.00239371
         908     1.02272     1.10731  0.00239289
         909     1.09157      1.1073  0.00239032
         910     1.13593     1.10733   0.0023879
         911     1.11493     1.10734   0.0023853
         912     1.07461      1.1073  0.00238295
         913     1.06291     1.10725  0.00238084
         914     1.07336     1.10721  0.00237852
         915     1.08057     1.10718   0.0023761
         916     1.07732     1.10715  0.00237373
         917     1.08055     1.10712  0.00237132
         918     1.09539     1.10711  0.00236877
         919     1.08235     1.10708  0.00236634
         920     1.03106       1.107  0.00236521
         921       1.003     1.10689  0.00236534
         922     1.01133     1.10678  0.00236504
         923     1.01394     1.10668  0.00236462
         924      1.0248     1.10659  0.00236372
         925      1.0298     1.10651  0.00236262
         926     1.03933     1.10644  0.00236119
         927      1.0866     1.10642  0.00235874
         928     1.13895     1.10645  0.00235645
         929     1.14844      1.1065  0.00235435
         930     1.11018      1.1065  0.00235182
         931     1.06168     1.10645  0.00234979
         932     1.03002     1.10637   0.0023487
         933    0.991108     1.10625  0.00234943
         934    0.961451     1.10609  0.00235202
         935    0.988542     1.10597  0.00235286
         936     1.02292     1.10588  0.00235202
         937     1.05787     1.10583  0.00235007
         938     1.09464     1.10582   0.0023476
         939     1.12693     1.10584   0.0023452
         940     1.13595     1.10587  0.00234293
         941      1.1331      1.1059  0.00234062
         942     1.13268     1.10593   0.0023383
         943     1.12151     1.10594  0.00233588
         944     1.09219     1.10593  0.00233345
         945      1.0709     1.10589  0.00233128
         946     1.07553     1.10586  0.00232904
         947     1.09107     1.10584  0.00232663
         948     1.10155     1.10584  0.00232418
         949     1.10261     1.10584  0.00232173
         950     1.09264     1.10582  0.00231933
         951     1.07461     1.10579  0.00231712
         952     1.05513     1.10574   0.0023153
         953     1.06718      1.1057  0.00231322
         954     1.13071     1.10572  0.00231095
         955     1.19657     1.10582  0.00231048
         956     1.21132     1.10593   0.0023107
         957     1.18942     1.10602  0.00230993
         958     1.19072      1.1061  0.00230921
         959     1.21201     1.10621  0.00230945
         960     1.20357     1.10632  0.00230927
         961      1.1568     1.10637  0.00230746
         962     1.11515     1.10638  0.00230508
         963      1.1045     1.10638  0.00230269
         964     1.09474     1.10636  0.00230033
         965     1.06423     1.10632  0.00229836
         966     1.03837     1.10625  0.00229706
         967     1.04422     1.10619  0.00229558
         968     1.05868     1.10614  0.00229373
         969     1.06451     1.10609  0.00229177
         970       1.064     1.10605  0.00228981
         971      1.0536       1.106  0.00228809
         972     1.03146     1.10592  0.00228702
         973     1.02147     1.10583  0.00228632
         974     1.03245     1.10576  0.00228521
         975     1.04414     1.10569  0.00228374
         976     1.04733     1.10563  0.00228219
         977       1.055     1.10558  0.00228044
         978      1.0503     1.10553  0.00227881
         979     1.03114     1.10545  0.00227775
         980     1.01045     1.10535  0.00227748
         981     1.01541     1.10526  0.00227701
         982     1.07095     1.10523  0.00227496
         983     1.12144     1.10524   0.0022727
         984     1.14289     1.10528  0.00227071
         985     1.15816     1.10533  0.00226904
         986     1.16829      1.1054  0.00226764
         987     1.15541     1.10545  0.00226591
         988     1.12114     1.10547  0.00226367
         989      1.0783     1.10544  0.00226155
         990     1.04137     1.10537  0.00226019
         991     1.02085     1.10529  0.00225952
         992     1.01663      1.1052  0.00225901
         993     1.02681     1.10512  0.00225811
         994     1.03578     1.10505  0.00225692
         995     1.04717     1.10499   0.0022554
         996     1.08082     1.10497  0.00225326
         997     1.12584     1.10499   0.0022511
         998     1.15006     1.10503   0.0022493
         999     1.13488     1.10506  0.00224725
        1000     1.11092     1.10507  0.00224501
        1001     1.11447     1.10508  0.00224278
        1002     1.13315     1.10511  0.00224072
        1003      1.1515     1.10515  0.00223896
        1004     1.16192     1.10521  0.00223745
        1005     1.14455     1.10525  0.00223556
        1006     1.11191     1.10525  0.00223335
        1007     1.09831     1.10525  0.00223114
        1008     1.10482     1.10525  0.00222893
        1009     1.10604     1.10525  0.00222672
        1010      1.0724     1.10522  0.00222475
        1011     1.04369     1.10515  0.00222338
        1012     1.05325      1.1051  0.00222178
        1013     1.05899     1.10506  0.00222005
        1014     1.03504     1.10499  0.00221894
        1015     1.01501      1.1049  0.00221852
        1016     1.01711     1.10481  0.00221802
        1017     1.02793     1.10474  0.00221713
        1018     1.04319     1.10468  0.00221577
        1019      1.0495     1.10462  0.00221426
        1020     1.06097     1.10458   0.0022125
        1021     1.06925     1.10455  0.00221061
        1022     1.05854      1.1045   0.0022089
        1023     1.07147     1.10447  0.00220698
        1024     1.11084     1.10448  0.00220483
        1025     1.13067      1.1045  0.00220283
        1026      1.1278     1.10452   0.0022008
        1027     1.11598     1.10453  0.00219868
        1028     1.09613     1.10453  0.00219656
        1029     1.06966     1.10449  0.00219469
        1030     1.05245     1.10444  0.00219314
        1031     1.06286      1.1044  0.00219138
        1032      1.0812     1.10438  0.00218937
        1033     1.09213     1.10437  0.00218729
        1034     1.11051     1.10437  0.00218518
        1035     1.12981      1.1044  0.00218321
        1036     1.15032     1.10444  0.00218155
        1037      1.1777     1.10451  0.00218059
        1038     1.18996      1.1046  0.00218004
        1039     1.15991     1.10465  0.00217859
        1040      1.1097     1.10465   0.0021765
        1041     1.07206     1.10462  0.00217464
        1042     1.06439     1.10458  0.00217289
        1043     1.06059     1.10454  0.00217122
        1044     1.04973     1.10449  0.00216977
        1045     1.04841     1.10444  0.00216836
        1046     1.05228     1.10439  0.00216686
        1047     1.06598     1.10435   0.0021651
        1048     1.08091     1.10433  0.00216315
        1049     1.08239     1.10431  0.00216119
        1050     1.05573     1.10426  0.00215963
        1051     1.01758     1.10418  0.00215915
        1052     1.00057     1.10408  0.00215934
        1053     1.02074       1.104  0.00215874
        1054     1.06476     1.10396  0.00215701
        1055     1.11362     1.10397  0.00215499
        1056     1.14766     1.10401  0.00215334
        1057     1.11609     1.10402  0.00215134
        1058      1.0405     1.10396  0.00215014
        1059    0.998756     1.10386   0.0021504
        1060     1.00587     1.10377  0.00215036
        1061     1.05553     1.10373  0.00214882
        1062     1.10595     1.10373  0.00214679
        1063     1.11568     1.10374   0.0021448
        1064     1.08436     1.10372  0.00214286
        1065     1.02795     1.10365  0.00214203
        1066     1.00912     1.10356  0.00214186
        1067     1.06829     1.10353  0.00214011
        1068     1.14929     1.10357  0.00213853
        1069     1.19369     1.10366  0.00213819
        1070      1.1967     1.10374  0.00213796
        1071     1.18028     1.10381  0.00213716
        1072     1.15133     1.10386  0.00213563
        1073     1.12682     1.10388  0.00213374
        1074     1.12703      1.1039  0.00213186
        1075     1.12513     1.10392  0.00212997
        1076     1.10136     1.10392  0.00212799
        1077      1.0792      1.1039  0.00212614
        1078     1.05389     1.10385  0.00212468
        1079      1.0277     1.10378  0.00212388
        1080     1.05815     1.10374  0.00212233
        1081     1.12545     1.10376  0.00212046
        1082     1.15081      1.1038  0.00211895
        1083      1.1521     1.10384  0.00211746
        1084     1.16059      1.1039  0.00211616
        1085      1.1538     1.10394  0.00211471
        1086     1.12312     1.10396  0.00211283
        1087     1.10997     1.10397   0.0021109
        1088     1.12553     1.10399  0.00210905
        1089     1.12919     1.10401  0.00210724
        1090     1.08346     1.10399  0.00210539
        1091     1.01221     1.10391  0.00210514
        1092    0.973854     1.10379  0.00210658
        1093    0.992621     1.10369   0.0021071
        1094     1.05261     1.10364   0.0021057
        1095     1.11039     1.10364  0.00210378
        1096     1.11679     1.10366   0.0021019
        1097     1.06827     1.10362  0.00210023
        1098     1.02371     1.10355  0.00209958
        1099     1.02447     1.10348   0.0020989
        1100     1.05911     1.10344  0.00209738
        1101     1.10757     1.10344  0.00209548
        1102     1.14263     1.10348  0.00209388
        1103     1.14009     1.10351  0.00209224
        1104     1.10842     1.10352  0.00209035
        1105     1.08347      1.1035  0.00208854
        1106     1.08447     1.10348  0.00208672
        1107     1.10877     1.10349  0.00208484
        1108     1.14076     1.10352  0.00208323
        1109     1.16377     1.10357  0.00208206
        1110     1.18056     1.10364  0.00208134
        1111     1.18858     1.10372  0.00208087
        1112     1.18584     1.10379  0.00208031
        1113     1.18063     1.10386  0.00207958
        1114     1.17938     1.10393  0.00207882
        1115     1.17372     1.10399   0.0020779
        1116     1.13255     1.10402   0.0020762
        1117     1.06671     1.10399  0.00207461
        1118      1.0323     1.10392  0.00207374
        1119     1.04966     1.10387  0.00207245
        1120     1.09364     1.10386  0.00207062
        1121     1.12223     1.10388  0.00206884
        1122     1.12714      1.1039   0.0020671
        1123     1.13114     1.10392   0.0020654
        1124     1.13056     1.10395   0.0020637
        1125     1.11042     1.10395  0.00206188
        1126     1.07435     1.10393  0.00206021
        1127     1.02759     1.10386   0.0020595
        1128     1.01071     1.10378  0.00205933
        1129     1.00834     1.10369  0.00205924
        1130     1.04283     1.10364  0.00205812
        1131     1.10525     1.10364   0.0020563
        1132     1.15154     1.10368  0.00205492
        1133     1.17057     1.10374  0.00205395
        1134     1.15831     1.10379   0.0020527
        1135     1.12043      1.1038  0.00205095
        1136     1.06483     1.10377  0.00204943
        1137      1.0597     1.10373  0.00204799
        1138     1.10019     1.10373   0.0020462
        1139     1.11938     1.10374  0.00204445
        1140     1.12033     1.10376   0.0020427
        1141     1.11859     1.10377  0.00204096
        1142     1.07307     1.10374  0.00203935
        1143     1.01278     1.10366  0.00203911
        1144    0.981069     1.10356  0.00204014
        1145    0.988175     1.10346  0.00204085
        1146      1.0372      1.1034  0.00203989
        1147     1.06786     1.10337  0.00203835
        1148      1.0734     1.10334  0.00203674
        1149     1.06922     1.10331  0.00203518
        1150     1.08041     1.10329  0.00203351
        1151     1.12495     1.10331  0.00203183
        1152      1.1622     1.10336  0.00203071
        1153     1.16368     1.10341  0.00202962
        1154     1.14525     1.10345  0.00202819
        1155     1.10968     1.10345  0.00202644
        1156     1.07549     1.10343  0.00202483
        1157     1.05975     1.10339  0.00202343
        1158     1.06405     1.10336  0.00202197
        1159     1.08378     1.10334  0.00202029
        1160     1.10897     1.10335  0.00201856
        1161     1.10904     1.10335  0.00201682
        1162     1.08968     1.10334  0.00201512
        1163     1.08439     1.10332  0.00201346
        1164      1.0913     1.10331  0.00201175
        1165      1.1113     1.10332  0.00201004
        1166     1.14771     1.10336  0.00200867
        1167     1.16863     1.10341  0.00200773
        1168     1.16547     1.10347  0.00200672
        1169     1.16405     1.10352  0.00200567
        1170     1.17532     1.10358  0.00200489
        1171     1.17411     1.10364  0.00200409
        1172     1.15349     1.10368  0.00200283
        1173      1.1309     1.10371  0.00200125
        1174     1.10096      1.1037  0.00199955
        1175     1.05793     1.10367  0.00199823
        1176     1.04622     1.10362  0.00199713
        1177     1.08091      1.1036  0.00199552
        1178     1.11073      1.1036  0.00199384
        1179     1.13742     1.10363  0.00199235
        1180      1.1538     1.10367  0.00199112
        1181     1.13072      1.1037  0.00198956
        1182     1.10726      1.1037  0.00198788
        1183     1.11189     1.10371  0.00198621
        1184     1.10608     1.10371  0.00198454
        1185     1.07152     1.10368  0.00198305
        1186     1.05065     1.10364  0.00198188
        1187     1.07203     1.10361  0.00198039
        1188     1.10126     1.10361  0.00197872
        1189     1.08717      1.1036  0.00197711
        1190     1.02615     1.10353  0.00197652
        1191    0.981494     1.10343  0.00197751
        1192     1.00392     1.10334  0.00197761
        1193     1.04485     1.10329  0.00197656
        1194     1.05987     1.10326  0.00197524
        1195     1.07275     1.10323  0.00197376
        1196     1.11817     1.10325  0.00197214
        1197     1.14335     1.10328  0.00197078
        1198     1.14168     1.10331   0.0019694
        1199      1.1258     1.10333  0.00196784
        1200     1.11624     1.10334  0.00196623
        1201     1.12007     1.10335  0.00196465
        1202       1.104     1.10336  0.00196301
        1203      1.0743     1.10333  0.00196153
        1204     1.07065      1.1033  0.00196009
        1205     1.08544     1.10329  0.00195852
        1206     1.08885     1.10328  0.00195693
        1207     1.08041     1.10326   0.0019554
        1208     1.07732     1.10324   0.0019539
        1209     1.09269     1.10323   0.0019523
        1210      1.1273     1.10325  0.00195079
        1211     1.15197     1.10329  0.00194959
        1212     1.16208     1.10334  0.00194859
        1213     1.17891      1.1034  0.00194798
        1214     1.21633     1.10349  0.00194859
        1215     1.25389     1.10362  0.00195092
        1216     1.24609     1.10373  0.00195283
        1217     1.19312     1.10381   0.0019526
        1218     1.12964     1.10383  0.00195112
        1219     1.08119     1.10381   0.0019496
        1220     1.06436     1.10378  0.00194827
        1221     1.07259     1.10375  0.00194685
        1222     1.05903     1.10371   0.0019456
        1223     1.00949     1.10364  0.00194553
        1224    0.970153     1.10353    0.001947
        1225    0.980016     1.10343  0.00194801
        1226     1.02519     1.10336  0.00194747
        1227     1.07132     1.10334  0.00194606
        1228     1.10381     1.10334  0.00194447
        1229     1.11026     1.10334   0.0019429
        1230     1.09329     1.10334  0.00194134
        1231     1.09217     1.10333  0.00193978
        1232     1.10799     1.10333  0.00193821
        1233      1.1133     1.10334  0.00193666
        1234     1.11214     1.10335   0.0019351
        1235     1.10805     1.10335  0.00193354
        1236     1.09995     1.10335  0.00193197
        1237     1.10329     1.10335  0.00193041
        1238     1.13469     1.10337  0.00192902
        1239     1.17571     1.10343  0.00192835
        1240     1.19976     1.10351  0.00192835
        1241     1.19239     1.10358  0.00192813
        1242     1.17976     1.10364  0.00192755
        1243     1.17514      1.1037  0.00192686
        1244     1.16016     1.10374  0.00192585
        1245     1.13514     1.10377  0.00192446
        1246     1.11038     1.10377  0.00192293
        1247     1.11758     1.10379  0.00192142
        1248     1.16812     1.10384  0.00192057
        1249     1.21007     1.10392  0.00192091
        1250     1.21062     1.10401  0.00192127
        1251     1.18823     1.10407  0.00192092
        1252     1.15863     1.10412  0.00191988
        1253     1.13325     1.10414  0.00191848
        1254     1.11784     1.10415  0.00191699
        1255     1.09987     1.10415  0.00191546
        1256     1.07885     1.10413  0.00191404
        1257     1.06676      1.1041  0.00191275
        1258     1.05107     1.10406  0.00191169
        1259     1.04477     1.10401  0.00191076
        1260     1.08851       1.104  0.00190928
        1261     1.12551     1.10401  0.00190784
        1262     1.14275     1.10405  0.00190658
        1263     1.17388      1.1041  0.00190587
        1264     1.21362     1.10419  0.00190633
        1265     1.21987     1.10428  0.00190701
        1266     1.17084     1.10433  0.00190623
        1267     1.12062     1.10434  0.00190477
        1268     1.11273     1.10435  0.00190328
        1269     1.10659     1.10435  0.00190178
        1270     1.08709     1.10434  0.00190033
        1271     1.08313     1.10432  0.00189891
        1272     1.11644     1.10433  0.00189744
        1273     1.14676     1.10436  0.00189624
        1274     1.12669     1.10438  0.00189484
        1275     1.09007     1.10437  0.00189338
        1276     1.07364     1.10435  0.00189205
        1277     1.06873     1.10432  0.00189078
        1278     1.06862     1.10429   0.0018895
        1279      1.0803     1.10427  0.00188812
        1280     1.10186     1.10427  0.00188665
        1281     1.13608      1.1043  0.00188534
        1282     1.17407     1.10435  0.00188465
        1283     1.19061     1.10442  0.00188438
        1284     1.16184     1.10446  0.00188344
        1285     1.09399     1.10445    0.001882
        1286     1.04249     1.10441  0.00188115
        1287      1.0521     1.10436  0.00188013
        1288     1.09453     1.10436  0.00187868
        1289     1.11431     1.10436  0.00187724
        1290     1.08608     1.10435  0.00187584
        1291     1.04512      1.1043  0.00187495
        1292     1.04161     1.10426  0.00187412
        1293     1.06228     1.10422  0.00187295
        1294     1.06992      1.1042   0.0018717
        1295      1.0854     1.10418  0.00187031
        1296     1.11439     1.10419  0.00186888
        1297     1.12798     1.10421  0.00186753
        1298     1.13202     1.10423  0.00186621
        1299     1.14744     1.10426  0.00186507
        1300     1.14652      1.1043  0.00186392
        1301     1.13034     1.10432   0.0018626
        1302     1.11667     1.10433  0.00186119
        1303     1.10744     1.10433  0.00185976
        1304     1.08544     1.10431  0.00185839
        1305     1.05274     1.10427  0.00185739
        1306     1.04967     1.10423  0.00185644
        1307     1.08521     1.10422  0.00185507
        1308     1.11576     1.10423  0.00185368
        1309      1.1369     1.10425  0.00185243
        1310     1.14197     1.10428  0.00185124
        1311     1.11093     1.10429  0.00184983
        1312     1.05677     1.10425  0.00184878
        1313     1.02805     1.10419  0.00184828
        1314     1.05374     1.10415  0.00184727
        1315     1.11106     1.10416  0.00184588
        1316     1.15432      1.1042  0.00184487
        1317     1.16556     1.10424  0.00184405
        1318      1.1505     1.10428  0.00184299
        1319     1.13198      1.1043  0.00184171
        1320      1.1097      1.1043  0.00184032
        1321     1.10458      1.1043  0.00183893
        1322     1.13203     1.10432  0.00183766
        1323     1.13582     1.10435  0.00183642
        1324     1.09577     1.10434  0.00183505
        1325     1.06605     1.10431  0.00183389
        1326     1.08609      1.1043  0.00183256
        1327     1.11794     1.10431   0.0018312
        1328     1.12165     1.10432  0.00182987
        1329     1.10019     1.10432   0.0018285
        1330     1.08679     1.10431  0.00182717
        1331     1.09864      1.1043   0.0018258
        1332     1.11444     1.10431  0.00182445
        1333     1.13165     1.10433  0.00182319
        1334     1.15413     1.10437  0.00182221
        1335     1.16369     1.10441  0.00182139
        1336     1.15322     1.10445  0.00182039
        1337     1.14462     1.10448  0.00181928
        1338     1.13603      1.1045  0.00181807
        1339      1.1162     1.10451  0.00181673
        1340     1.09214      1.1045   0.0018154
        1341     1.10053      1.1045  0.00181405
        1342     1.10599      1.1045   0.0018127
        1343     1.06651     1.10447  0.00181157
        1344     1.03733     1.10442  0.00181091
        1345      1.0366     1.10437  0.00181026
        1346     1.01473      1.1043  0.00181014
        1347    0.972742     1.10421  0.00181143
        1348    0.971278     1.10411  0.00181277
        1349    0.999978     1.10403  0.00181307
        1350     1.02576     1.10397  0.00181265
        1351     1.05974     1.10394  0.00181161
        1352     1.10257     1.10394  0.00181027
        1353     1.12085     1.10395  0.00180897
        1354     1.12653     1.10397  0.00180771
        1355     1.11569     1.10398   0.0018064
        1356     1.09849     1.10397  0.00180507
        1357     1.09211     1.10396  0.00180376
        1358     1.09863     1.10396  0.00180244
        1359     1.10669     1.10396  0.00180112
        1360     1.12591     1.10398  0.00179986
        1361     1.17143     1.10403  0.00179922
        1362     1.20243      1.1041  0.00179935
        1363     1.20282     1.10417  0.00179949
        1364     1.16774     1.10422  0.00179877
        1365     1.10926     1.10422  0.00179746
        1366     1.07111      1.1042  0.00179631
        1367     1.08696     1.10419  0.00179504
        1368      1.1282      1.1042  0.00179381
        1369     1.14407     1.10423  0.00179274
        1370     1.11642     1.10424  0.00179145
        1371     1.05337      1.1042  0.00179053
        1372     0.99263     1.10412  0.00179107
        1373    0.976109     1.10403  0.00179219
        1374     1.01128     1.10396  0.00179216
        1375     1.06754     1.10394  0.00179105
        1376     1.11586     1.10394  0.00178977
        1377     1.13977     1.10397  0.00178866
        1378     1.14312       1.104  0.00178758
        1379      1.1277     1.10402  0.00178637
        1380     1.11098     1.10402  0.00178508
        1381     1.09866     1.10402   0.0017838
        1382     1.10161     1.10402  0.00178251
        1383     1.11303     1.10402  0.00178123
        1384     1.11287     1.10403  0.00177995
        1385     1.11347     1.10404  0.00177868
        1386      1.1082     1.10404   0.0017774
        1387     1.07962     1.10402  0.00177621
        1388     1.04382     1.10398  0.00177546
        1389     1.00369     1.10391  0.00177564
        1390    0.969692     1.10381  0.00177699
        1391     0.98682     1.10372   0.0017777
        1392     1.03075     1.10367   0.0017772
        1393     1.04815     1.10363  0.00177637
        1394     1.03494     1.10358  0.00177578
        1395     1.02933     1.10353   0.0017753
        1396     1.03212     1.10348  0.00177477
        1397     1.03835     1.10343  0.00177411
        1398     1.03994     1.10339  0.00177342
        1399     1.02045     1.10333  0.00177314
        1400     1.02769     1.10327   0.0017727
        1401     1.08537     1.10326  0.00177148
        1402     1.14239     1.10329  0.00177044
        1403     1.16351     1.10333   0.0017697
        1404     1.14537     1.10336  0.00176869
        1405     1.09889     1.10336  0.00176743
        1406      1.0399     1.10331  0.00176675
        1407    0.990009     1.10323  0.00176733
        1408    0.961193     1.10313  0.00176895
        1409    0.953544     1.10303  0.00177088
        1410    0.962109     1.10293  0.00177244
        1411     0.97503     1.10283   0.0017735
        1412    0.991323     1.10276    0.001774
        1413     1.02866      1.1027  0.00177352
        1414     1.06554     1.10268  0.00177246
        1415     1.08378     1.10266  0.00177126
        1416     1.10238     1.10266  0.00177001
        1417     1.13657     1.10269  0.00176892
        1418      1.1544     1.10272  0.00176805
        1419     1.12657     1.10274  0.00176689
        1420     1.09507     1.10274  0.00176565
        1421      1.0781     1.10272  0.00176449
        1422     1.07007     1.10269   0.0017634
        1423     1.05155     1.10266  0.00176253
        1424     1.02896     1.10261  0.00176205
        1425     1.03984     1.10256  0.00176136
        1426      1.1065     1.10257  0.00176013
        1427     1.16615     1.10261  0.00175946
        1428     1.17635     1.10266  0.00175899
        1429     1.16374      1.1027  0.00175827
        1430     1.14813     1.10274  0.00175733
        1431     1.14745     1.10277  0.00175638
        1432     1.16665     1.10281  0.00175572
        1433     1.17925     1.10287  0.00175531
        1434     1.17927     1.10292  0.00175489
        1435      1.1806     1.10297   0.0017545
        1436     1.17894     1.10303  0.00175408
        1437     1.15696     1.10306  0.00175326
        1438     1.11762     1.10307  0.00175207
        1439     1.08507     1.10306   0.0017509
        1440     1.08026     1.10305  0.00174975
        1441     1.10129     1.10304  0.00174854
        1442     1.12931     1.10306  0.00174742
        1443     1.14159     1.10309  0.00174641
        1444     1.11599      1.1031  0.00174523
        1445     1.08481     1.10309  0.00174406
        1446     1.08538     1.10307   0.0017429
        1447     1.09347     1.10307  0.00174171
        1448     1.12092     1.10308  0.00174055
        1449     1.17197     1.10313     0.00174
        1450      1.2127      1.1032  0.00174044
        1451     1.22413     1.10329  0.00174123
        1452     1.18168     1.10334  0.00174087
        1453      1.1153     1.10335  0.00173969
        1454     1.05874     1.10332  0.00173877
        1455    0.993682     1.10324   0.0017392
        1456    0.942434     1.10313  0.00174151
        1457     0.94263     1.10302   0.0017438
        1458    0.975605     1.10293  0.00174479
        1459     1.01507     1.10287  0.00174463
        1460     1.05783     1.10284  0.00174371
        1461     1.08888     1.10283  0.00174254
        1462     1.10675     1.10284  0.00174135
        1463     1.11391     1.10284  0.00174018
        1464     1.11926     1.10285  0.00173903
        1465     1.13034     1.10287  0.00173794
        1466     1.12893     1.10289  0.00173685
        1467     1.13495     1.10291   0.0017358
        1468     1.18257     1.10297  0.00173547
        1469     1.23341     1.10306  0.00173655
        1470     1.24452     1.10315  0.00173804
        1471     1.20931     1.10322  0.00173835
        1472      1.1493     1.10326  0.00173745
        1473     1.08402     1.10324  0.00173632
        1474     1.04059      1.1032  0.00173567
        1475      1.0581     1.10317  0.00173476
        1476     1.11547     1.10318   0.0017336
        1477      1.1443     1.10321  0.00173265
        1478     1.12738     1.10322  0.00173156
        1479      1.0906     1.10321  0.00173041
        1480     1.06632     1.10319  0.00172942
        1481     1.06086     1.10316  0.00172849
        1482     1.06577     1.10313   0.0017275
        1483     1.07202     1.10311  0.00172647
        1484     1.09003      1.1031  0.00172533
        1485     1.13789     1.10313  0.00172432
        1486     1.18488     1.10318  0.00172404
        1487     1.20089     1.10325  0.00172413
        1488     1.19525     1.10331  0.00172408
        1489     1.17791     1.10336  0.00172365
        1490     1.15942      1.1034  0.00172291
        1491     1.15447     1.10343  0.00172209
        1492     1.15713     1.10347  0.00172131
        1493      1.1523      1.1035  0.00172047
        1494        1.13     1.10352  0.00171941
        1495     1.09591     1.10351  0.00171827
        1496     1.08607      1.1035  0.00171716
        1497     1.11168     1.10351  0.00171602
        1498     1.14559     1.10354   0.0017151
        1499     1.16979     1.10358  0.00171453
        1500     1.15977     1.10362   0.0017138
        1501     1.10078     1.10362  0.00171266
        1502     1.03991     1.10357  0.00171204
        1503     1.01178     1.10351  0.00171199
        1504     1.00686     1.10345  0.00171206
        1505     1.02523      1.1034  0.00171171
        1506     1.05401     1.10336  0.00171089
        1507     1.08441     1.10335   0.0017098
        1508     1.12244     1.10336  0.00170871
        1509     1.15651      1.1034  0.00170794
        1510     1.17021     1.10344  0.00170738
        1511     1.16619     1.10348  0.00170676
        1512      1.1564     1.10352  0.00170599
        1513     1.14206     1.10354  0.00170505
        1514     1.12495     1.10356  0.00170398
        1515     1.11238     1.10356  0.00170287
        1516     1.10322     1.10356  0.00170174
        1517     1.09252     1.10356  0.00170064
        1518     1.08411     1.10354  0.00169957
        1519     1.08572     1.10353  0.00169849
        1520     1.09847     1.10353  0.00169737
        1521     1.10777     1.10353  0.00169626
        1522     1.10645     1.10353  0.00169515
        1523     1.08909     1.10352  0.00169406
        1524     1.07639     1.10351  0.00169304
        1525     1.10475     1.10351  0.00169193
        1526     1.14161     1.10353  0.00169101
        1527     1.13353     1.10355  0.00169001
        1528     1.10357     1.10355  0.00168891
        1529     1.09614     1.10355  0.00168781
        1530     1.11758     1.10356  0.00168673
        1531     1.13408     1.10358  0.00168575
        1532      1.1189     1.10359  0.00168468
        1533     1.09064     1.10358   0.0016836
        1534     1.07213     1.10356  0.00168263
        1535     1.05408     1.10353  0.00168184
        1536     1.03087     1.10348  0.00168141
        1537     1.02548     1.10343  0.00168108
        1538     1.02866     1.10338  0.00168069
        1539      1.0241     1.10333  0.00168039
        1540     1.00511     1.10326  0.00168051
        1541    0.992892     1.10319  0.00168094
        1542     1.02491     1.10314  0.00168062
        1543     1.07958     1.10313   0.0016796
        1544     1.11359     1.10313  0.00167853
        1545     1.10756     1.10314  0.00167744
        1546     1.07503     1.10312  0.00167645
        1547     1.05831     1.10309  0.00167562
        1548     1.05762     1.10306   0.0016748
        1549      1.0551     1.10303    0.001674
        1550      1.0483     1.10299  0.00167329
        1551     1.03978     1.10295  0.00167271
        1552     1.02879      1.1029  0.00167232
        1553     1.03279     1.10286  0.00167185
        1554     1.06231     1.10283  0.00167098
        1555     1.10477     1.10283   0.0016699
        1556     1.13499     1.10285  0.00166896
        1557     1.13353     1.10287    0.001668
        1558     1.11464     1.10288  0.00166695
        1559      1.1066     1.10288  0.00166588
        1560     1.10884     1.10289  0.00166482
        1561     1.09115     1.10288  0.00166377
        1562     1.06347     1.10286  0.00166289
        1563     1.05949     1.10283  0.00166206
        1564      1.0654      1.1028  0.00166117
        1565       1.058     1.10278  0.00166036
        1566     1.05694     1.10275  0.00165955
        1567     1.09064     1.10274  0.00165851
        1568     1.12056     1.10275  0.00165749
        1569     1.10788     1.10275  0.00165644
        1570     1.07203     1.10273   0.0016555
        1571     1.03447     1.10269  0.00165502
        1572     1.02598     1.10264  0.00165468
        1573     1.04872     1.10261  0.00165399
        1574     1.08587      1.1026  0.00165297
        1575     1.12459     1.10261  0.00165198
        1576     1.15357     1.10264  0.00165125
        1577     1.16738     1.10268  0.00165071
        1578     1.15774     1.10272  0.00165003
        1579     1.12308     1.10273  0.00164904
        1580     1.08453     1.10272  0.00164803
        1581     1.07585      1.1027  0.00164708
        1582     1.09513      1.1027  0.00164605
        1583     1.11012      1.1027  0.00164501
        1584     1.13425     1.10272  0.00164409
        1585     1.17644     1.10277  0.00164372
        1586     1.19248     1.10283  0.00164365
        1587     1.16243     1.10286  0.00164305
        1588     1.11631     1.10287  0.00164203
        1589     1.08483     1.10286  0.00164104
        1590     1.06168     1.10283  0.00164021
        1591     1.04422      1.1028  0.00163959
        1592     1.04107     1.10276  0.00163902
        1593     1.06937     1.10274  0.00163813
        1594     1.09067     1.10273  0.00163712
        1595     1.08173     1.10272  0.00163614
        1596     1.07787      1.1027  0.00163519
        1597     1.07178     1.10268  0.00163428
        1598     1.04955     1.10265   0.0016336
        1599     1.05577     1.10262  0.00163284
        1600     1.08413     1.10261  0.00163186
        1601     1.09907     1.10261  0.00163084
        1602     1.10887     1.10261  0.00162983
        1603     1.12414     1.10262  0.00162887
        1604     1.12626     1.10264  0.00162792
        1605     1.10591     1.10264  0.00162691
        1606      1.0787     1.10262  0.00162596
        1607     1.06539      1.1026  0.00162511
        1608     1.06415     1.10258  0.00162428
        1609     1.06676     1.10256  0.00162342
        1610     1.08295     1.10254  0.00162246
        1611     1.11661     1.10255  0.00162148
        1612     1.12156     1.10256  0.00162051
        1613     1.10528     1.10257  0.00161951
        1614     1.09677     1.10256  0.00161851
        1615     1.10319     1.10256  0.00161751
        1616     1.13127     1.10258   0.0016166
        1617     1.15376     1.10261  0.00161591
        1618     1.14124     1.10264  0.00161509
        1619     1.10553     1.10264   0.0016141
        1620     1.07554     1.10262  0.00161319
        1621     1.08264     1.10261  0.00161224
        1622     1.11004     1.10261  0.00161125
        1623      1.1039     1.10261  0.00161026
        1624     1.06765     1.10259  0.00160941
        1625     1.04943     1.10256  0.00160875
        1626      1.0598     1.10253  0.00160798
        1627     1.07046     1.10251  0.00160711
        1628     1.05931     1.10249  0.00160634
        1629     1.02874     1.10244  0.00160599
        1630     1.03658      1.1024  0.00160552
        1631     1.09141     1.10239  0.00160455
        1632     1.13782     1.10242  0.00160371
        1633      1.1553     1.10245  0.00160306
        1634     1.14912     1.10248  0.00160233
        1635     1.13316      1.1025  0.00160146
        1636     1.10388      1.1025  0.00160048
        1637     1.07389     1.10248   0.0015996
        1638     1.08943     1.10247  0.00159864
        1639     1.13168     1.10249  0.00159776
        1640     1.13911     1.10251  0.00159695
        1641      1.1201     1.10252  0.00159601
        1642     1.10728     1.10253  0.00159504
        1643     1.09983     1.10252  0.00159407
        1644     1.07985     1.10251  0.00159316
        1645     1.05249     1.10248  0.00159248
        1646     1.03509     1.10244  0.00159204
        1647     1.02439     1.10239  0.00159178
        1648     1.02472     1.10234  0.00159151
        1649     1.05931     1.10232  0.00159076
        1650     1.09389     1.10231   0.0015898
        1651     1.08664      1.1023  0.00158887
        1652     1.06644     1.10228  0.00158806
        1653     1.08081     1.10227  0.00158715
        1654     1.09476     1.10226  0.00158619
        1655     1.07861     1.10225   0.0015853
        1656     1.06752     1.10223  0.00158448
        1657     1.09162     1.10222  0.00158354
        1658     1.14016     1.10225  0.00158275
        1659     1.18626      1.1023   0.0015826
        1660     1.21541     1.10236  0.00158312
        1661     1.21474     1.10243  0.00158361
        1662     1.18692     1.10248  0.00158347
        1663     1.15707     1.10252  0.00158286
        1664     1.15067     1.10254  0.00158217
        1665     1.15927     1.10258  0.00158159
        1666     1.13322      1.1026  0.00158075
        1667     1.07795     1.10258  0.00157987
        1668      1.0544     1.10255  0.00157919
        1669     1.08364     1.10254  0.00157828
        1670     1.10378     1.10254  0.00157734
        1671     1.08058     1.10253  0.00157645
        1672     1.06615     1.10251  0.00157565
        1673      1.0817      1.1025  0.00157476
        1674     1.08239     1.10248  0.00157387
        1675     1.06262     1.10246  0.00157311
        1676     1.07747     1.10244  0.00157224
        1677     1.11117     1.10245  0.00157131
        1678      1.1194     1.10246  0.00157041
        1679     1.08567     1.10245   0.0015695
        1680     1.04245     1.10241  0.00156897
        1681     1.03626     1.10237  0.00156853
        1682     1.06242     1.10235  0.00156778
        1683     1.10093     1.10235  0.00156685
        1684     1.12881     1.10237    0.001566
        1685      1.1261     1.10238  0.00156513
        1686     1.11051     1.10238  0.00156421
        1687     1.12022      1.1024  0.00156332
        1688     1.15996     1.10243  0.00156277
        1689     1.19493     1.10248   0.0015628
        1690      1.2024     1.10254  0.00156299
        1691     1.18177     1.10259  0.00156277
        1692     1.16034     1.10262  0.00156222
        1693       1.138     1.10264  0.00156144
        1694      1.1068     1.10265  0.00156052
        1695     1.09537     1.10264   0.0015596
        1696     1.10511     1.10264  0.00155868
        1697     1.10143     1.10264  0.00155776
        1698     1.08696     1.10263  0.00155687
        1699     1.08891     1.10263  0.00155598
        1700     1.09757     1.10262  0.00155507
        1701     1.09257     1.10262  0.00155416
        1702     1.10649     1.10262  0.00155325
        1703     1.12529     1.10263   0.0015524
        1704     1.11294     1.10264   0.0015515
        1705     1.09177     1.10263   0.0015506
        1706     1.07054     1.10261  0.00154981
        1707     1.08149      1.1026  0.00154895
        1708     1.11034     1.10261  0.00154805
        1709      1.1126     1.10261  0.00154715
        1710     1.11048     1.10262  0.00154625
        1711     1.13559     1.10264  0.00154547
        1712     1.14116     1.10266  0.00154473
        1713     1.07937     1.10264  0.00154389
        1714     1.00831     1.10259  0.00154397
        1715     1.03424     1.10255  0.00154358
        1716     1.12205     1.10256  0.00154273
        1717     1.13798     1.10258  0.00154197
        1718     1.06091     1.10256  0.00154126
        1719     1.01732     1.10251  0.00154116
        1720      1.0544     1.10248  0.00154052
        1721     1.08299     1.10247  0.00153966
        1722     1.09965     1.10247  0.00153877
        1723     1.12382     1.10248  0.00153793
        1724     1.12522     1.10249  0.00153709
        1725      1.1188      1.1025  0.00153623
        1726     1.12442     1.10251  0.00153539
        1727     1.12245     1.10253  0.00153455
        1728     1.11089     1.10253  0.00153367
        1729     1.07991     1.10252  0.00153284
        1730     1.04496     1.10249  0.00153231
        1731     1.03639     1.10245   0.0015319
        1732     1.05256     1.10242  0.00153129
        1733     1.07753      1.1024  0.00153047
        1734     1.08353     1.10239  0.00152963
        1735     1.06433     1.10237   0.0015289
        1736       1.052     1.10234   0.0015283
        1737     1.06358     1.10232  0.00152758
        1738     1.07887     1.10231  0.00152676
        1739      1.0841      1.1023  0.00152592
        1740     1.07154     1.10228  0.00152514
        1741     1.06036     1.10225  0.00152446
        1742     1.09316     1.10225  0.00152359
        1743     1.12566     1.10226  0.00152278
        1744     1.11647     1.10227  0.00152193
        1745     1.10855     1.10227  0.00152106
        1746     1.12426     1.10229  0.00152024
        1747     1.12884      1.1023  0.00151945
        1748     1.09027     1.10229  0.00151859
        1749     1.02908     1.10225   0.0015183
        1750     1.00209      1.1022  0.00151851
        1751     1.00181     1.10214  0.00151873
        1752    0.993392     1.10208  0.00151913
        1753    0.989356     1.10201  0.00151962
        1754     1.02605     1.10197  0.00151937
        1755     1.09957     1.10197  0.00151851
        1756     1.15579       1.102  0.00151795
        1757      1.1799     1.10204  0.00151773
        1758     1.18325     1.10209  0.00151757
        1759     1.18108     1.10213  0.00151737
        1760     1.17227     1.10217  0.00151704
        1761     1.15119      1.1022  0.00151643
        1762     1.12171     1.10221  0.00151561
        1763     1.07921      1.1022  0.00151481
        1764      1.0261     1.10216  0.00151456
        1765     1.00227      1.1021  0.00151476
        1766     1.02254     1.10205  0.00151457
        1767     1.04042     1.10202  0.00151412
        1768     1.04945     1.10199  0.00151355
        1769      1.0751     1.10197  0.00151277
        1770     1.10101     1.10197  0.00151192
        1771     1.09933     1.10197  0.00151107
        1772     1.08569     1.10196  0.00151024
        1773     1.11165     1.10197   0.0015094
        1774     1.16568       1.102  0.00150897
        1775     1.19727     1.10206  0.00150908
        1776     1.19852     1.10211  0.00150921
        1777     1.17619     1.10215  0.00150893
        1778     1.15243     1.10218  0.00150835
        1779     1.15166     1.10221  0.00150776
        1780     1.14661     1.10224  0.00150712
        1781     1.10054     1.10223  0.00150627
        1782     1.05747     1.10221  0.00150563
        1783     1.07767      1.1022  0.00150485
        1784      1.1103      1.1022  0.00150402
        1785      1.1112      1.1022  0.00150318
        1786     1.10527     1.10221  0.00150234
        1787     1.11266     1.10221  0.00150151
        1788     1.10342     1.10221  0.00150067
        1789     1.07954      1.1022  0.00149989
        1790     1.08136     1.10219  0.00149909
        1791     1.10685     1.10219  0.00149826
        1792     1.11534      1.1022  0.00149744
        1793      1.1025      1.1022  0.00149661
        1794     1.08361     1.10219  0.00149581
        1795     1.08426     1.10218  0.00149501
        1796     1.11283     1.10218  0.00149419
        1797      1.1103     1.10219  0.00149336
        1798     1.05447     1.10216  0.00149277
        1799     1.04419     1.10213  0.00149229
        1800     1.09547     1.10213  0.00149146
        1801      1.1292     1.10214  0.00149071
        1802     1.15033     1.10217  0.00149012
        1803      1.1642      1.1022  0.00148969
        1804     1.13963     1.10222  0.00148901
        1805     1.08721     1.10222  0.00148821
        1806     1.05756     1.10219  0.00148759
        1807     1.05141     1.10216  0.00148703
        1808     1.05384     1.10214  0.00148645
        1809     1.07107     1.10212  0.00148573
        1810     1.10432     1.10212  0.00148491
        1811      1.1499     1.10215  0.00148432
        1812     1.19402      1.1022  0.00148437
        1813     1.21841     1.10226  0.00148493
        1814     1.20752     1.10232  0.00148525
        1815     1.16948     1.10236  0.00148489
        1816     1.11449     1.10236  0.00148409
        1817      1.0825     1.10235  0.00148331
        1818     1.09005     1.10234  0.00148251
        1819     1.08928     1.10234  0.00148171
        1820     1.07684     1.10232  0.00148097
        1821     1.07194     1.10231  0.00148025
        1822     1.06758     1.10229  0.00147956
        1823     1.07504     1.10227  0.00147882
        1824     1.10952     1.10228  0.00147802
        1825     1.13453     1.10229  0.00147731
        1826      1.1461     1.10232   0.0014767
        1827     1.15408     1.10235  0.00147616
        1828      1.1447     1.10237  0.00147553
        1829     1.11569     1.10238  0.00147475
        1830     1.09924     1.10238  0.00147394
        1831     1.08827     1.10237  0.00147316
        1832     1.04529     1.10234  0.00147268
        1833     1.01841     1.10229  0.00147259
        1834     1.04753     1.10226  0.00147209
        1835     1.09064     1.10225   0.0014713
        1836     1.10606     1.10226   0.0014705
        1837      1.0969     1.10225   0.0014697
        1838     1.10323     1.10225   0.0014689
        1839     1.12542     1.10227  0.00146816
        1840      1.1702      1.1023  0.00146783
        1841     1.20892     1.10236  0.00146817
        1842     1.20361     1.10242   0.0014684
        1843     1.16832     1.10245  0.00146804
        1844     1.12829     1.10247  0.00146731
        1845     1.08357     1.10246  0.00146655
        1846     1.04408     1.10242   0.0014661
        1847     1.02726     1.10238  0.00146587
        1848     1.03017     1.10235   0.0014656
        1849     1.03462     1.10231  0.00146526
        1850     1.03031     1.10227  0.00146499
        1851     1.03621     1.10223  0.00146463
        1852     1.06274     1.10221  0.00146399
        1853     1.08548      1.1022  0.00146323
        1854      1.0811     1.10219  0.00146249
        1855     1.06782     1.10217  0.00146182
        1856     1.06461     1.10215  0.00146117
        1857     1.06858     1.10214  0.00146049
        1858       1.069     1.10212  0.00145982
        1859     1.06519      1.1021  0.00145917
        1860     1.06967     1.10208  0.00145849
        1861     1.09213     1.10207  0.00145771
        1862      1.1099     1.10208  0.00145693
        1863      1.1076     1.10208  0.00145616
        1864       1.101     1.10208  0.00145537
        1865     1.07975     1.10207  0.00145464
        1866     1.05606     1.10204  0.00145407
        1867        1.06     1.10202  0.00145347
        1868     1.06513       1.102  0.00145282
        1869     1.05879     1.10198  0.00145223
        1870     1.05269     1.10195  0.00145169
        1871     1.06511     1.10193  0.00145105
        1872     1.11514     1.10194  0.00145029
        1873     1.16938     1.10198  0.00144997
        1874     1.18803     1.10202  0.00144992
        1875     1.16079     1.10205  0.00144948
        1876     1.11735     1.10206  0.00144873
        1877      1.1057     1.10206  0.00144796
        1878     1.12199     1.10207  0.00144723
        1879     1.12564     1.10209  0.00144652
        1880     1.11154     1.10209  0.00144576
        1881     1.10247     1.10209  0.00144499
        1882     1.10937      1.1021  0.00144422
        1883     1.13365     1.10211  0.00144355
        1884     1.15819     1.10214   0.0014431
        1885     1.16023     1.10217  0.00144266
        1886     1.14213     1.10219  0.00144205
        1887     1.12848     1.10221  0.00144135
        1888     1.13737     1.10223  0.00144071
        1889     1.16111     1.10226  0.00144028
        1890      1.1808      1.1023  0.00144012
        1891     1.18584     1.10234  0.00144004
        1892     1.15821     1.10237  0.00143958
        1893     1.10161     1.10237  0.00143882
        1894     1.08658     1.10236  0.00143808
        1895     1.11862     1.10237  0.00143735
        1896     1.12494     1.10239  0.00143664
        1897     1.11852     1.10239  0.00143591
        1898     1.12361      1.1024  0.00143519
        1899     1.13791     1.10242  0.00143456
        1900     1.11761     1.10243  0.00143383
        1901      1.0636     1.10241  0.00143322
        1902     1.03693     1.10238  0.00143288
        1903     1.04803     1.10235  0.00143241
        1904     1.07229     1.10233  0.00143175
        1905     1.08352     1.10232  0.00143103
        1906     1.09303     1.10232  0.00143029
        1907     1.10213     1.10232  0.00142954
        1908     1.09612     1.10231  0.00142879
        1909     1.08928     1.10231  0.00142806
        1910     1.09161      1.1023  0.00142732
        1911     1.09753      1.1023  0.00142658
        1912     1.10917      1.1023  0.00142583
        1913     1.10745     1.10231  0.00142509
        1914     1.08929      1.1023  0.00142436
        1915     1.08606     1.10229  0.00142365
        1916     1.10824     1.10229  0.00142291
        1917     1.11912      1.1023  0.00142219
        1918     1.11723     1.10231  0.00142147
        1919     1.12715     1.10232  0.00142079
        1920     1.13438     1.10234  0.00142015
        1921     1.13245     1.10236  0.00141949
        1922     1.13405     1.10237  0.00141885
        1923     1.13223     1.10239   0.0014182
        1924      1.1145     1.10239  0.00141747
        1925     1.09435     1.10239  0.00141674
        1926     1.08481     1.10238  0.00141604
        1927     1.09031     1.10237  0.00141532
        1928     1.11781     1.10238  0.00141461
        1929     1.12674     1.10239  0.00141393
        1930     1.09142     1.10239  0.00141321
        1931     1.06534     1.10237  0.00141261
        1932      1.0913     1.10236  0.00141189
        1933     1.12853     1.10238  0.00141122
        1934     1.11943     1.10239  0.00141052
        1935     1.09424     1.10238   0.0014098
        1936     1.10897     1.10239  0.00140907
        1937     1.13844      1.1024  0.00140847
        1938     1.15265     1.10243  0.00140798
        1939      1.1474     1.10245  0.00140744
        1940     1.13259     1.10247   0.0014068
        1941      1.1206     1.10248  0.00140611
        1942     1.11332     1.10248   0.0014054
        1943     1.09098     1.10248  0.00140469
        1944     1.05831     1.10246  0.00140415
        1945     1.04036     1.10242  0.00140379
        1946      1.0314     1.10239  0.00140354
        1947     1.04708     1.10236  0.00140311
        1948     1.08985     1.10235   0.0014024
        1949     1.09624     1.10235  0.00140169
        1950     1.06522     1.10233   0.0014011
        1951      1.0392      1.1023  0.00140075
        1952     1.04693     1.10227  0.00140032
        1953     1.07495     1.10226  0.00139968
        1954     1.10727     1.10226  0.00139896
        1955      1.1257     1.10227   0.0013983
        1956      1.1245     1.10228  0.00139763
        1957     1.13067      1.1023  0.00139699
        1958     1.14768     1.10232  0.00139647
        1959     1.14789     1.10234  0.00139595
        1960     1.14719     1.10236  0.00139542
        1961     1.15538     1.10239  0.00139498
        1962      1.1555     1.10242  0.00139453
        1963     1.13307     1.10243   0.0013939
        1964     1.10203     1.10243  0.00139319
        1965     1.07626     1.10242  0.00139255
        1966      1.0962     1.10242  0.00139184
        1967     1.14674     1.10244  0.00139132
        1968      1.1629     1.10247  0.00139095
        1969     1.14167     1.10249  0.00139039
        1970     1.10126     1.10249  0.00138968
        1971     1.06217     1.10247  0.00138913
        1972      1.0654     1.10245  0.00138855
        1973     1.08583     1.10244  0.00138787
        1974     1.07986     1.10243  0.00138722
        1975     1.05029      1.1024  0.00138676
        1976     1.02445     1.10237  0.00138662
        1977     1.02096     1.10232  0.00138653
        1978     1.03542     1.10229  0.00138624
        1979     1.04627     1.10226  0.00138583
        1980     1.05768     1.10224  0.00138532
        1981     1.09121     1.10223  0.00138463
        1982      1.1457     1.10226   0.0013841
        1983     1.18899      1.1023   0.0013841
        1984     1.18444     1.10234  0.00138402
        1985     1.13982     1.10236  0.00138345
        1986     1.08834     1.10235  0.00138277
        1987     1.03658     1.10232  0.00138247
        1988     1.00781     1.10227  0.00138259
        1989     1.03534     1.10224  0.00138231
        1990     1.07835     1.10223  0.00138166
        1991     1.11364     1.10223  0.00138098
        1992     1.14746     1.10226  0.00138048
        1993     1.18444      1.1023   0.0013804
        1994     1.21088     1.10235  0.00138078
        1995     1.20724      1.1024  0.00138109
        1996     1.17646     1.10244  0.00138089
        1997      1.1458     1.10246  0.00138037
        1998     1.14257     1.10248  0.00137983
        1999     1.16119     1.10251  0.00137945
        2000     1.17089     1.10255  0.00137919
